# scaling factor of training
0.250000
# number of views
1
# centers of the views
3
1
6
0.000000000 
0.000000000 
0.000000000 
# visibility indices per view
29
1
4
1 
1 
1 
1 
1 
1 
1 
1 
1 
1 
1 
1 
1 
1 
1 
1 
1 
1 
1 
1 
1 
1 
1 
1 
1 
1 
1 
1 
1 
# Patches themselves (1 line patches of a vertex)
3 11 11 2 2 0 0.104844 10.819208 -4.484403 11 11 5 0.066570 0.013390 -0.004439 0.001292 0.013524 0.042933 0.025160 0.025641 0.022201 0.031750 0.070895 -0.096844 -0.005614 -0.000297 -0.008393 -0.045556 -0.044604 -0.022772 -0.001255 -0.035560 -0.028339 -0.090393 -0.082565 -0.016230 -0.038638 -0.017827 0.001124 -0.023380 -0.013918 0.025335 -0.009523 0.022481 -0.033379 -0.060681 -0.017600 -0.043102 -0.018157 0.000999 0.006393 0.009683 -0.013016 -0.012089 0.021374 -0.019956 -0.041925 -0.031789 -0.033840 -0.046090 0.005783 0.098152 0.045900 -0.040542 0.011516 0.027511 0.048071 -0.039766 -0.007868 -0.059894 -0.040721 0.140328 0.077937 -0.050552 -0.048031 0.050738 0.004403 0.161369 -0.001173 0.015852 0.001335 0.137095 0.066533 -0.241558 -0.140930 0.034414 0.121280 -0.062968 0.157144 0.013133 -0.026616 0.056425 0.148740 -0.104673 -0.275480 0.085421 0.159151 0.100892 -0.185044 0.103876 0.050676 0.047667 0.138973 0.084888 -0.112598 -0.090533 0.162830 0.001724 -0.143021 -0.332474 0.123276 -0.030579 0.031604 0.034923 -0.080244 -0.083511 -0.003523 0.159918 0.006613 -0.007804 -0.150022 0.118553 0.096008 0.140313 0.214384 0.070068 -0.086809 -0.074745 0.056791 -0.185867 -0.138597 -0.165999 0.156962 
2 1 0.020013 5.162621 -3.971740 11 11 5 -0.136561 -0.039843 -0.066338 -0.017715 0.022926 -0.000165 0.001857 0.010458 -0.054978 0.024008 -0.053994 0.020310 0.046119 0.012275 0.048576 0.061547 0.068964 0.057014 0.026483 0.006710 0.018023 -0.065465 -0.118313 0.002068 0.005025 0.004576 -0.062310 -0.051380 0.034390 0.067753 -0.005822 0.014977 -0.060096 -0.057934 0.017852 -0.000013 0.021730 0.021452 -0.005047 0.019996 0.047683 0.003925 0.014129 0.014086 -0.035980 0.050064 0.052134 0.002402 -0.056546 -0.052899 -0.044456 -0.037770 -0.048897 -0.018546 -0.048721 0.040136 0.037264 0.045961 -0.070413 -0.077491 -0.065816 -0.004103 0.034850 -0.040167 0.000715 -0.016825 0.025131 0.012286 0.015957 -0.036154 0.033832 0.035742 0.060358 -0.038782 -0.085551 -0.029123 -0.065445 0.005395 -0.058192 -0.068522 0.055023 0.140714 0.069014 -0.049531 -0.062777 0.038771 0.134401 0.033692 -0.022782 -0.247817 -0.086441 0.128732 0.122917 -0.073948 -0.179714 -0.045818 0.122887 0.151508 -0.022765 -0.053239 -0.296049 0.039076 0.212077 0.115568 0.031569 0.002365 0.154818 0.220304 0.250460 0.046766 -0.170995 -0.407040 0.006551 0.208815 0.107720 -0.045877 -0.110612 0.009777 0.020632 0.184251 -0.103767 
3 11 11 2 2 0 0.104844 10.819208 -4.484403 11 11 5 0.096008 0.140313 0.214384 0.070068 -0.086809 -0.074745 0.056791 -0.185867 -0.138597 -0.165999 0.156962 -0.030579 0.031604 0.034923 -0.080244 -0.083511 -0.003523 0.159918 0.006613 -0.007804 -0.150022 0.118553 0.050676 0.047667 0.138973 0.084888 -0.112598 -0.090533 0.162830 0.001724 -0.143021 -0.332474 0.123276 0.013133 -0.026616 0.056425 0.148740 -0.104673 -0.275480 0.085421 0.159151 0.100892 -0.185044 0.103876 -0.001173 0.015852 0.001335 0.137095 0.066533 -0.241558 -0.140930 0.034414 0.121280 -0.062968 0.157144 -0.039766 -0.007868 -0.059894 -0.040721 0.140328 0.077937 -0.050552 -0.048031 0.050738 0.004403 0.161369 -0.041925 -0.031789 -0.033840 -0.046090 0.005783 0.098152 0.045900 -0.040542 0.011516 0.027511 0.048071 -0.060681 -0.017600 -0.043102 -0.018157 0.000999 0.006393 0.009683 -0.013016 -0.012089 0.021374 -0.019956 -0.082565 -0.016230 -0.038638 -0.017827 0.001124 -0.023380 -0.013918 0.025335 -0.009523 0.022481 -0.033379 -0.096844 -0.005614 -0.000297 -0.008393 -0.045556 -0.044604 -0.022772 -0.001255 -0.035560 -0.028339 -0.090393 0.066570 0.013390 -0.004439 0.001292 0.013524 0.042933 0.025160 0.025641 0.022201 0.031750 0.070895 
2 1 0.020013 5.162621 -3.971740 11 11 5 -0.170995 -0.407040 0.006551 0.208815 0.107720 -0.045877 -0.110612 0.009777 0.020632 0.184251 -0.103767 -0.053239 -0.296049 0.039076 0.212077 0.115568 0.031569 0.002365 0.154818 0.220304 0.250460 0.046766 -0.022782 -0.247817 -0.086441 0.128732 0.122917 -0.073948 -0.179714 -0.045818 0.122887 0.151508 -0.022765 0.005395 -0.058192 -0.068522 0.055023 0.140714 0.069014 -0.049531 -0.062777 0.038771 0.134401 0.033692 0.025131 0.012286 0.015957 -0.036154 0.033832 0.035742 0.060358 -0.038782 -0.085551 -0.029123 -0.065445 0.040136 0.037264 0.045961 -0.070413 -0.077491 -0.065816 -0.004103 0.034850 -0.040167 0.000715 -0.016825 -0.035980 0.050064 0.052134 0.002402 -0.056546 -0.052899 -0.044456 -0.037770 -0.048897 -0.018546 -0.048721 -0.057934 0.017852 -0.000013 0.021730 0.021452 -0.005047 0.019996 0.047683 0.003925 0.014129 0.014086 -0.118313 0.002068 0.005025 0.004576 -0.062310 -0.051380 0.034390 0.067753 -0.005822 0.014977 -0.060096 0.020310 0.046119 0.012275 0.048576 0.061547 0.068964 0.057014 0.026483 0.006710 0.018023 -0.065465 -0.136561 -0.039843 -0.066338 -0.017715 0.022926 -0.000165 0.001857 0.010458 -0.054978 0.024008 -0.053994 
3 11 11 2 2 0 0.259110 13.591304 -5.680955 11 11 5 -0.027448 0.066125 0.027320 -0.057769 -0.066195 0.016498 0.061969 -0.093604 -0.062659 -0.162218 0.133017 -0.020220 0.073828 0.054584 0.026991 -0.051658 -0.036766 0.029945 -0.040521 -0.028652 -0.054207 0.005797 -0.005093 0.077494 0.090830 0.019572 -0.132621 -0.101163 -0.021018 -0.069853 -0.053513 -0.154831 0.069686 -0.007804 0.066182 0.121761 0.095763 -0.164570 -0.181157 -0.001176 -0.039541 0.024337 -0.068909 0.039717 -0.038708 0.067468 0.099958 0.153679 -0.142199 -0.268290 -0.033868 0.007266 0.038080 -0.069530 0.032380 -0.003448 0.047509 0.076519 0.173045 0.026979 -0.238807 -0.138952 -0.032227 0.010314 -0.044823 0.112087 0.004289 0.007529 0.044226 0.082261 0.194104 -0.005143 -0.114492 -0.124481 -0.072713 -0.065813 0.047719 -0.000918 -0.050712 0.009193 -0.022796 0.118685 0.138305 0.040946 -0.050214 -0.050302 -0.034739 -0.004664 0.006553 -0.048319 0.033570 0.009222 0.040333 0.072617 0.046326 -0.010144 -0.000205 -0.032410 0.001303 -0.020531 -0.062352 -0.000842 -0.030872 -0.024987 0.054250 0.133732 0.205709 0.256510 0.167498 0.286865 0.001019 -0.011840 0.098092 0.053590 0.000125 -0.049693 -0.111459 -0.089173 -0.075840 -0.142558 -0.079042 
2 1 0.196996 8.793545 -4.730062 11 11 5 0.013831 -0.028865 0.028508 0.031279 -0.023129 0.014394 0.017833 0.020322 0.028058 0.045902 -0.028352 -0.045532 -0.136490 -0.001702 0.113738 0.092326 0.015315 0.024025 0.046474 0.064100 0.099514 0.020830 -0.034048 -0.151853 0.030386 0.151843 0.119003 -0.019913 -0.032872 0.013537 0.040938 0.078245 0.004616 -0.046330 -0.186425 0.009509 0.185284 0.200096 0.005319 -0.095603 0.026258 0.049865 0.058285 0.011946 0.001720 -0.200813 -0.034672 0.153352 0.243475 0.088942 -0.122680 -0.040852 0.000996 0.027009 0.007251 0.015506 -0.227641 -0.096086 0.077630 0.233859 0.182039 -0.022305 -0.106408 -0.014616 0.033564 0.002116 0.013826 -0.194741 -0.119380 -0.097914 0.128991 0.161256 0.065990 -0.009649 -0.014865 -0.001926 -0.038873 0.046100 -0.131181 -0.037115 -0.208423 -0.074910 0.038370 0.060891 0.062295 0.040574 0.017172 -0.005813 0.030025 -0.123647 0.022434 -0.096390 -0.169849 -0.155739 -0.019705 0.072689 0.083167 0.069289 0.060672 0.007498 -0.181767 -0.078387 -0.109109 -0.145847 -0.139493 -0.086060 -0.033676 0.022883 0.042756 0.078807 -0.000870 -0.087451 0.035668 0.034352 -0.005475 -0.002975 0.027061 0.037853 0.032977 0.031228 0.014559 
3 11 11 2 2 0 0.259110 13.591304 -5.680955 11 11 5 0.001019 -0.011840 0.098092 0.053590 0.000125 -0.049693 -0.111459 -0.089173 -0.075840 -0.142558 -0.079042 -0.020531 -0.062352 -0.000842 -0.030872 -0.024987 0.054250 0.133732 0.205709 0.256510 0.167498 0.286865 0.006553 -0.048319 0.033570 0.009222 0.040333 0.072617 0.046326 -0.010144 -0.000205 -0.032410 0.001303 -0.000918 -0.050712 0.009193 -0.022796 0.118685 0.138305 0.040946 -0.050214 -0.050302 -0.034739 -0.004664 0.004289 0.007529 0.044226 0.082261 0.194104 -0.005143 -0.114492 -0.124481 -0.072713 -0.065813 0.047719 -0.003448 0.047509 0.076519 0.173045 0.026979 -0.238807 -0.138952 -0.032227 0.010314 -0.044823 0.112087 -0.038708 0.067468 0.099958 0.153679 -0.142199 -0.268290 -0.033868 0.007266 0.038080 -0.069530 0.032380 -0.007804 0.066182 0.121761 0.095763 -0.164570 -0.181157 -0.001176 -0.039541 0.024337 -0.068909 0.039717 -0.005093 0.077494 0.090830 0.019572 -0.132621 -0.101163 -0.021018 -0.069853 -0.053513 -0.154831 0.069686 -0.020220 0.073828 0.054584 0.026991 -0.051658 -0.036766 0.029945 -0.040521 -0.028652 -0.054207 0.005797 -0.027448 0.066125 0.027320 -0.057769 -0.066195 0.016498 0.061969 -0.093604 -0.062659 -0.162218 0.133017 
2 1 0.196996 8.793545 -4.730062 11 11 5 -0.000870 -0.087451 0.035668 0.034352 -0.005475 -0.002975 0.027061 0.037853 0.032977 0.031228 0.014559 0.007498 -0.181767 -0.078387 -0.109109 -0.145847 -0.139493 -0.086060 -0.033676 0.022883 0.042756 0.078807 0.030025 -0.123647 0.022434 -0.096390 -0.169849 -0.155739 -0.019705 0.072689 0.083167 0.069289 0.060672 0.046100 -0.131181 -0.037115 -0.208423 -0.074910 0.038370 0.060891 0.062295 0.040574 0.017172 -0.005813 0.013826 -0.194741 -0.119380 -0.097914 0.128991 0.161256 0.065990 -0.009649 -0.014865 -0.001926 -0.038873 0.015506 -0.227641 -0.096086 0.077630 0.233859 0.182039 -0.022305 -0.106408 -0.014616 0.033564 0.002116 0.001720 -0.200813 -0.034672 0.153352 0.243475 0.088942 -0.122680 -0.040852 0.000996 0.027009 0.007251 -0.046330 -0.186425 0.009509 0.185284 0.200096 0.005319 -0.095603 0.026258 0.049865 0.058285 0.011946 -0.034048 -0.151853 0.030386 0.151843 0.119003 -0.019913 -0.032872 0.013537 0.040938 0.078245 0.004616 -0.045532 -0.136490 -0.001702 0.113738 0.092326 0.015315 0.024025 0.046474 0.064100 0.099514 0.020830 0.013831 -0.028865 0.028508 0.031279 -0.023129 0.014394 0.017833 0.020322 0.028058 0.045902 -0.028352 
3 11 11 2 2 0 0.186287 11.712082 -5.018926 11 11 5 -0.122480 -0.076055 -0.055024 -0.064067 -0.088356 -0.063206 0.044665 0.062132 0.031418 -0.078660 0.184522 0.103182 0.030569 0.012037 -0.008896 -0.036350 0.012088 0.042192 -0.056879 -0.020282 -0.037404 0.138549 0.002151 -0.041417 -0.013229 -0.023571 -0.036009 0.082495 0.058581 -0.073872 -0.019359 -0.019373 0.012304 -0.016872 -0.013923 0.010907 -0.004304 0.051568 0.096957 -0.050659 -0.048876 0.018671 -0.016581 -0.097784 0.016910 -0.002980 0.006460 -0.015495 0.122016 0.038868 -0.218191 -0.002840 0.130960 -0.001275 -0.090759 0.018358 -0.042930 -0.002390 -0.009710 0.175777 0.069515 -0.269542 -0.022482 0.211050 0.022106 -0.119651 0.020945 -0.055163 0.039374 0.041824 0.178913 0.140639 -0.247578 -0.148725 0.115760 0.030135 -0.141065 0.010616 -0.044107 0.045482 0.030042 0.110082 0.128945 -0.180681 -0.204712 -0.002415 0.031089 -0.061656 0.025166 -0.025990 0.032820 0.015856 0.106638 0.163028 -0.038399 -0.172091 -0.068097 -0.023836 -0.003879 0.027734 -0.021398 0.031583 0.015864 0.072207 0.099225 -0.030945 -0.219538 -0.117986 -0.044745 -0.020380 0.083637 -0.039341 -0.017427 0.022429 0.109506 0.161624 0.208438 0.057966 -0.057823 -0.093367 0.098504 
2 1 0.120075 6.957887 -4.389416 11 11 5 -0.034155 0.062102 0.027669 0.040784 0.014902 -0.020417 -0.041561 -0.006652 0.001745 0.003544 -0.043886 0.019589 0.010029 0.005843 0.005972 -0.021071 -0.023670 -0.001306 0.027883 -0.003999 0.019857 -0.014433 0.008022 0.008372 0.012367 0.034268 -0.006883 -0.006489 0.008796 0.003112 -0.000069 0.026604 -0.016050 -0.014095 -0.026534 0.002286 0.014084 -0.041709 0.024613 0.018300 -0.013305 0.022629 0.074462 0.001499 0.027718 -0.019648 -0.005029 -0.052111 -0.083872 0.105646 0.035210 -0.059769 0.003632 0.095227 0.027858 0.021814 -0.047825 -0.009170 -0.124281 -0.087184 0.191270 0.090342 -0.114810 0.020370 0.088383 0.042752 0.006256 -0.076661 -0.005492 -0.159026 -0.059475 0.251179 0.176398 -0.101207 -0.044607 0.078877 0.066352 0.002327 -0.122141 -0.064263 -0.172266 -0.103084 0.204028 0.249412 -0.012679 -0.122961 0.068220 0.073797 0.045161 -0.087958 -0.031169 -0.077716 -0.047123 0.167287 0.257321 0.072936 -0.140826 -0.003007 0.024894 -0.097969 -0.262373 -0.200669 -0.224123 -0.203979 0.062125 0.250687 0.155270 -0.036293 -0.004384 0.013697 0.046403 0.001490 0.015637 -0.042918 -0.117983 -0.112433 0.071569 0.127444 0.021425 -0.000855 -0.084125 
3 11 11 2 2 0 0.206211 12.019035 -4.939878 11 11 5 -0.158655 -0.068029 -0.102264 -0.072242 0.015834 0.073070 0.021534 -0.041282 0.039142 -0.053414 0.133725 0.130625 0.014955 -0.012838 0.018674 0.019678 -0.025968 -0.054652 -0.042093 0.108913 -0.019331 0.111251 -0.027419 -0.036643 -0.047727 0.067856 0.063508 -0.056211 -0.054636 -0.019111 0.060560 -0.080398 0.108127 -0.041162 0.013226 0.012148 0.096117 -0.012007 -0.098402 0.045805 0.033059 -0.017990 -0.140130 0.013571 -0.009862 0.020404 0.061005 0.084452 -0.137746 -0.144070 0.179805 0.072025 -0.059634 -0.125567 -0.011909 -0.011109 0.019467 0.074946 0.133849 -0.149971 -0.180324 0.226365 0.090673 -0.089705 -0.097461 0.057221 -0.025524 0.054254 0.071673 0.168215 -0.091891 -0.254072 0.114764 0.091734 -0.082026 -0.109588 0.021154 -0.025439 0.061305 0.052731 0.144526 -0.047408 -0.244707 -0.026020 0.062883 -0.041003 -0.149327 0.000004 -0.008611 0.041262 0.066554 0.136055 0.038130 -0.138448 -0.096075 -0.033664 -0.003596 -0.040243 0.109173 0.014355 0.020359 0.054177 0.072405 0.010734 -0.152670 -0.158522 -0.076764 0.041764 -0.035477 -0.001213 0.029094 -0.025378 0.084334 0.132538 0.205100 0.119400 -0.039385 -0.105652 0.001361 -0.065128 0.136163 
2 1 0.127639 7.453264 -4.353604 11 11 5 -0.007043 0.066447 0.018474 -0.003955 -0.054230 -0.024205 -0.005901 0.015205 -0.020095 -0.029237 -0.005403 -0.007601 0.000816 -0.009923 -0.041296 -0.012604 0.008300 0.017606 -0.012398 -0.025799 0.003979 0.009399 -0.013948 0.023064 0.003672 -0.006236 0.038896 -0.005430 0.015572 0.007247 -0.007463 0.019694 -0.021667 -0.008873 -0.017122 -0.043062 0.003188 0.031149 -0.038076 0.002892 0.025925 0.038513 0.045158 0.007066 0.012071 -0.072419 -0.085744 0.062638 0.066076 -0.076498 -0.014220 0.027079 0.061610 0.056657 -0.000451 0.017710 -0.166991 -0.121193 0.129373 0.125240 -0.065987 -0.058602 0.033074 0.067888 0.092608 0.005774 0.000679 -0.191264 -0.102829 0.164731 0.203060 -0.017960 -0.122730 0.017249 0.070348 0.128216 0.012051 -0.011669 -0.249293 -0.122247 0.112399 0.242482 0.072247 -0.143320 -0.043966 0.064093 0.124459 0.041174 0.033488 -0.197344 -0.061198 0.086731 0.242296 0.139404 -0.081218 -0.109426 0.028522 0.079522 0.013097 -0.138396 -0.334118 -0.228371 -0.041638 0.196402 0.190527 0.014337 -0.085061 -0.020649 0.051825 -0.000263 0.067401 -0.059234 -0.073887 -0.145670 0.012425 0.141923 0.079872 -0.023535 -0.056273 -0.016551 -0.029237 
3 11 11 2 2 0 0.186287 11.712082 -5.018926 11 11 5 0.083637 -0.039341 -0.017427 0.022429 0.109506 0.161624 0.208438 0.057966 -0.057823 -0.093367 0.098504 0.027734 -0.021398 0.031583 0.015864 0.072207 0.099225 -0.030945 -0.219538 -0.117986 -0.044745 -0.020380 0.025166 -0.025990 0.032820 0.015856 0.106638 0.163028 -0.038399 -0.172091 -0.068097 -0.023836 -0.003879 0.010616 -0.044107 0.045482 0.030042 0.110082 0.128945 -0.180681 -0.204712 -0.002415 0.031089 -0.061656 0.020945 -0.055163 0.039374 0.041824 0.178913 0.140639 -0.247578 -0.148725 0.115760 0.030135 -0.141065 0.018358 -0.042930 -0.002390 -0.009710 0.175777 0.069515 -0.269542 -0.022482 0.211050 0.022106 -0.119651 0.016910 -0.002980 0.006460 -0.015495 0.122016 0.038868 -0.218191 -0.002840 0.130960 -0.001275 -0.090759 -0.016872 -0.013923 0.010907 -0.004304 0.051568 0.096957 -0.050659 -0.048876 0.018671 -0.016581 -0.097784 0.002151 -0.041417 -0.013229 -0.023571 -0.036009 0.082495 0.058581 -0.073872 -0.019359 -0.019373 0.012304 0.103182 0.030569 0.012037 -0.008896 -0.036350 0.012088 0.042192 -0.056879 -0.020282 -0.037404 0.138549 -0.122480 -0.076055 -0.055024 -0.064067 -0.088356 -0.063206 0.044665 0.062132 0.031418 -0.078660 0.184522 
2 1 0.120075 6.957887 -4.389416 11 11 5 0.046403 0.001490 0.015637 -0.042918 -0.117983 -0.112433 0.071569 0.127444 0.021425 -0.000855 -0.084125 -0.097969 -0.262373 -0.200669 -0.224123 -0.203979 0.062125 0.250687 0.155270 -0.036293 -0.004384 0.013697 0.045161 -0.087958 -0.031169 -0.077716 -0.047123 0.167287 0.257321 0.072936 -0.140826 -0.003007 0.024894 0.002327 -0.122141 -0.064263 -0.172266 -0.103084 0.204028 0.249412 -0.012679 -0.122961 0.068220 0.073797 0.006256 -0.076661 -0.005492 -0.159026 -0.059475 0.251179 0.176398 -0.101207 -0.044607 0.078877 0.066352 0.021814 -0.047825 -0.009170 -0.124281 -0.087184 0.191270 0.090342 -0.114810 0.020370 0.088383 0.042752 0.027718 -0.019648 -0.005029 -0.052111 -0.083872 0.105646 0.035210 -0.059769 0.003632 0.095227 0.027858 -0.014095 -0.026534 0.002286 0.014084 -0.041709 0.024613 0.018300 -0.013305 0.022629 0.074462 0.001499 0.008022 0.008372 0.012367 0.034268 -0.006883 -0.006489 0.008796 0.003112 -0.000069 0.026604 -0.016050 0.019589 0.010029 0.005843 0.005972 -0.021071 -0.023670 -0.001306 0.027883 -0.003999 0.019857 -0.014433 -0.034155 0.062102 0.027669 0.040784 0.014902 -0.020417 -0.041561 -0.006652 0.001745 0.003544 -0.043886 
3 11 11 2 2 0 0.206211 12.019035 -4.939878 11 11 5 0.029094 -0.025378 0.084334 0.132538 0.205100 0.119400 -0.039385 -0.105652 0.001361 -0.065128 0.136163 0.014355 0.020359 0.054177 0.072405 0.010734 -0.152670 -0.158522 -0.076764 0.041764 -0.035477 -0.001213 -0.008611 0.041262 0.066554 0.136055 0.038130 -0.138448 -0.096075 -0.033664 -0.003596 -0.040243 0.109173 -0.025439 0.061305 0.052731 0.144526 -0.047408 -0.244707 -0.026020 0.062883 -0.041003 -0.149327 0.000004 -0.025524 0.054254 0.071673 0.168215 -0.091891 -0.254072 0.114764 0.091734 -0.082026 -0.109588 0.021154 -0.011109 0.019467 0.074946 0.133849 -0.149971 -0.180324 0.226365 0.090673 -0.089705 -0.097461 0.057221 -0.009862 0.020404 0.061005 0.084452 -0.137746 -0.144070 0.179805 0.072025 -0.059634 -0.125567 -0.011909 -0.041162 0.013226 0.012148 0.096117 -0.012007 -0.098402 0.045805 0.033059 -0.017990 -0.140130 0.013571 -0.027419 -0.036643 -0.047727 0.067856 0.063508 -0.056211 -0.054636 -0.019111 0.060560 -0.080398 0.108127 0.130625 0.014955 -0.012838 0.018674 0.019678 -0.025968 -0.054652 -0.042093 0.108913 -0.019331 0.111251 -0.158655 -0.068029 -0.102264 -0.072242 0.015834 0.073070 0.021534 -0.041282 0.039142 -0.053414 0.133725 
2 1 0.127639 7.453264 -4.353604 11 11 5 0.067401 -0.059234 -0.073887 -0.145670 0.012425 0.141923 0.079872 -0.023535 -0.056273 -0.016551 -0.029237 -0.138396 -0.334118 -0.228371 -0.041638 0.196402 0.190527 0.014337 -0.085061 -0.020649 0.051825 -0.000263 0.033488 -0.197344 -0.061198 0.086731 0.242296 0.139404 -0.081218 -0.109426 0.028522 0.079522 0.013097 -0.011669 -0.249293 -0.122247 0.112399 0.242482 0.072247 -0.143320 -0.043966 0.064093 0.124459 0.041174 0.000679 -0.191264 -0.102829 0.164731 0.203060 -0.017960 -0.122730 0.017249 0.070348 0.128216 0.012051 0.017710 -0.166991 -0.121193 0.129373 0.125240 -0.065987 -0.058602 0.033074 0.067888 0.092608 0.005774 0.012071 -0.072419 -0.085744 0.062638 0.066076 -0.076498 -0.014220 0.027079 0.061610 0.056657 -0.000451 -0.008873 -0.017122 -0.043062 0.003188 0.031149 -0.038076 0.002892 0.025925 0.038513 0.045158 0.007066 -0.013948 0.023064 0.003672 -0.006236 0.038896 -0.005430 0.015572 0.007247 -0.007463 0.019694 -0.021667 -0.007601 0.000816 -0.009923 -0.041296 -0.012604 0.008300 0.017606 -0.012398 -0.025799 0.003979 0.009399 -0.007043 0.066447 0.018474 -0.003955 -0.054230 -0.024205 -0.005901 0.015205 -0.020095 -0.029237 -0.005403 
3 11 11 2 2 0 0.273972 12.948619 -5.029197 11 11 5 -0.223240 0.070517 -0.058009 -0.031474 0.002954 0.050272 0.039809 -0.013047 -0.025761 -0.005654 -0.072628 -0.068861 0.092111 -0.005075 0.018230 -0.015074 -0.021072 -0.002888 0.003105 -0.010916 0.005462 -0.048517 -0.075409 0.028852 -0.016555 -0.004752 0.010756 0.064861 0.077906 0.022626 -0.012270 0.024629 -0.052527 0.063812 -0.013422 -0.034902 -0.067009 -0.011849 0.085810 0.044555 0.004599 0.009141 0.045594 -0.017174 0.096950 -0.076606 -0.047747 -0.041193 0.089938 0.062207 -0.015600 0.077993 0.071039 0.026179 0.017312 0.047825 -0.079928 0.012194 0.091087 0.082229 -0.259087 -0.227389 0.112965 0.131769 0.030336 0.089523 0.046862 -0.054315 0.043962 0.106122 -0.070900 -0.335147 -0.238495 -0.013748 0.070822 0.030778 0.101766 0.051153 -0.031391 0.066507 0.044171 -0.058541 0.049728 0.177738 -0.007964 -0.018846 0.017852 0.085950 0.043914 -0.059473 0.062911 0.026094 -0.125814 -0.119347 0.010732 0.018261 0.032161 0.000938 0.059794 0.062122 -0.102975 0.081838 0.089629 -0.080713 -0.297695 -0.206490 0.017753 0.077103 -0.015904 0.049311 0.305606 -0.172944 -0.081675 -0.063671 -0.050159 -0.034800 0.068031 0.060386 0.011337 0.004851 0.115312 
2 1 0.095517 8.062213 -4.246546 11 11 5 -0.053993 0.013131 0.002224 0.029077 0.008405 -0.007813 -0.021525 -0.011601 0.010892 -0.002090 -0.048665 0.014189 0.002326 0.009960 0.011495 0.011106 0.017875 0.004769 -0.013400 0.013984 -0.021835 0.004775 -0.035569 -0.020707 -0.014172 -0.026594 -0.016488 -0.025644 -0.020934 -0.011318 0.021603 -0.014710 0.052139 0.001079 0.022271 0.038348 0.002965 -0.046399 -0.061117 -0.056960 -0.070977 0.021930 -0.031217 0.043654 0.007329 0.028998 0.023958 -0.062366 -0.033032 0.051553 0.094454 -0.021524 -0.172415 -0.125424 0.108212 -0.017536 0.040140 -0.014506 -0.043372 0.033617 -0.000301 0.179003 0.218280 -0.063800 -0.344874 0.068742 -0.018011 0.052569 -0.055409 0.024717 0.075962 -0.070967 0.125844 0.202086 0.074673 -0.276797 -0.075658 -0.007946 0.060956 -0.046555 0.043311 0.045909 -0.017592 0.117349 0.038939 0.044621 -0.172782 -0.147399 -0.008399 0.065073 -0.054580 0.030897 0.024923 0.014744 0.173674 0.054226 0.021759 -0.191280 -0.097186 0.024983 0.097521 -0.014223 0.029187 0.071464 0.126635 0.293286 0.183558 -0.014474 -0.301969 -0.114599 -0.015321 0.123457 -0.022987 -0.096431 -0.052216 0.069124 0.146586 -0.000302 -0.138926 -0.125356 -0.000274 
3 11 11 2 2 0 0.273972 12.948619 -5.029197 11 11 5 0.305606 -0.172944 -0.081675 -0.063671 -0.050159 -0.034800 0.068031 0.060386 0.011337 0.004851 0.115312 0.062122 -0.102975 0.081838 0.089629 -0.080713 -0.297695 -0.206490 0.017753 0.077103 -0.015904 0.049311 0.043914 -0.059473 0.062911 0.026094 -0.125814 -0.119347 0.010732 0.018261 0.032161 0.000938 0.059794 0.051153 -0.031391 0.066507 0.044171 -0.058541 0.049728 0.177738 -0.007964 -0.018846 0.017852 0.085950 0.046862 -0.054315 0.043962 0.106122 -0.070900 -0.335147 -0.238495 -0.013748 0.070822 0.030778 0.101766 0.047825 -0.079928 0.012194 0.091087 0.082229 -0.259087 -0.227389 0.112965 0.131769 0.030336 0.089523 0.096950 -0.076606 -0.047747 -0.041193 0.089938 0.062207 -0.015600 0.077993 0.071039 0.026179 0.017312 0.063812 -0.013422 -0.034902 -0.067009 -0.011849 0.085810 0.044555 0.004599 0.009141 0.045594 -0.017174 -0.075409 0.028852 -0.016555 -0.004752 0.010756 0.064861 0.077906 0.022626 -0.012270 0.024629 -0.052527 -0.068861 0.092111 -0.005075 0.018230 -0.015074 -0.021072 -0.002888 0.003105 -0.010916 0.005462 -0.048517 -0.223240 0.070517 -0.058009 -0.031474 0.002954 0.050272 0.039809 -0.013047 -0.025761 -0.005654 -0.072628 
2 1 0.095517 8.062213 -4.246546 11 11 5 -0.015321 0.123457 -0.022987 -0.096431 -0.052216 0.069124 0.146586 -0.000302 -0.138926 -0.125356 -0.000274 0.024983 0.097521 -0.014223 0.029187 0.071464 0.126635 0.293286 0.183558 -0.014474 -0.301969 -0.114599 -0.008399 0.065073 -0.054580 0.030897 0.024923 0.014744 0.173674 0.054226 0.021759 -0.191280 -0.097186 -0.007946 0.060956 -0.046555 0.043311 0.045909 -0.017592 0.117349 0.038939 0.044621 -0.172782 -0.147399 -0.018011 0.052569 -0.055409 0.024717 0.075962 -0.070967 0.125844 0.202086 0.074673 -0.276797 -0.075658 -0.017536 0.040140 -0.014506 -0.043372 0.033617 -0.000301 0.179003 0.218280 -0.063800 -0.344874 0.068742 0.007329 0.028998 0.023958 -0.062366 -0.033032 0.051553 0.094454 -0.021524 -0.172415 -0.125424 0.108212 0.001079 0.022271 0.038348 0.002965 -0.046399 -0.061117 -0.056960 -0.070977 0.021930 -0.031217 0.043654 -0.035569 -0.020707 -0.014172 -0.026594 -0.016488 -0.025644 -0.020934 -0.011318 0.021603 -0.014710 0.052139 0.014189 0.002326 0.009960 0.011495 0.011106 0.017875 0.004769 -0.013400 0.013984 -0.021835 0.004775 -0.053993 0.013131 0.002224 0.029077 0.008405 -0.007813 -0.021525 -0.011601 0.010892 -0.002090 -0.048665 
3 11 11 2 2 0 0.340017 14.137682 -5.932109 11 11 5 -0.024370 0.017145 0.048428 -0.045133 -0.180805 -0.126396 -0.110508 -0.080300 0.084066 0.087315 0.175838 0.071043 0.003299 0.016281 0.010987 -0.032695 0.066741 0.122405 0.070400 -0.000041 -0.017253 -0.001254 0.047675 -0.025407 0.035057 0.022217 -0.229994 -0.403675 -0.185946 0.080601 0.041850 0.001750 0.114098 0.047692 -0.093888 -0.034741 -0.014376 -0.128161 -0.118735 -0.055536 0.061026 0.055036 -0.034696 0.057077 0.067828 -0.116355 -0.067291 -0.066242 -0.051574 0.209021 0.210621 -0.034535 -0.004820 0.025494 0.101637 0.098252 -0.081942 -0.056161 -0.037546 -0.101925 -0.229795 -0.136918 0.058632 0.032561 0.055784 0.024787 0.148983 -0.069305 0.010394 -0.055716 0.051130 -0.145879 -0.040718 0.079191 -0.001645 0.110919 -0.041030 0.139900 -0.042375 0.083054 -0.065309 -0.077965 -0.015032 0.017516 -0.016835 -0.016897 0.036806 -0.105461 0.115238 -0.044969 -0.001391 -0.030327 -0.045313 -0.073694 -0.065840 -0.044480 -0.014289 -0.042515 -0.053200 0.076791 0.041127 0.108466 0.070792 0.111906 0.145652 0.102713 0.024290 0.029927 -0.005913 0.076237 0.029817 -0.063159 -0.060282 -0.034007 0.046964 0.084779 0.074736 0.048601 0.056842 -0.021094 0.078243 
2 1 0.111704 8.387926 -4.393632 11 11 5 -0.030673 0.038371 -0.001307 0.018236 -0.008843 -0.018744 0.023474 0.036012 0.026443 -0.167310 0.007784 0.001534 0.051901 -0.000656 0.038862 0.074183 0.116484 0.127293 0.003078 -0.030219 -0.250108 -0.125427 0.014548 0.072149 -0.021550 -0.006321 0.008410 0.167367 0.282977 0.131459 -0.026491 -0.286477 -0.096566 0.037325 0.120466 -0.023486 -0.049182 0.069474 0.199920 0.265545 0.052290 -0.105179 -0.322791 -0.075761 0.045748 0.149501 -0.010081 -0.055810 0.067850 0.107646 0.024491 -0.129119 -0.061738 -0.173354 0.003324 0.042373 0.134699 0.036019 -0.052426 -0.037064 -0.034912 -0.006525 -0.001757 0.046877 -0.099462 0.001429 0.016384 0.095827 0.060250 -0.032527 -0.100054 -0.016605 0.091893 0.071533 0.067518 -0.108590 -0.043743 -0.031801 0.044541 0.027294 -0.006832 -0.003436 0.018392 0.004990 -0.019144 0.002926 -0.147750 -0.022368 -0.053136 0.000667 0.009538 0.044531 0.102003 0.105859 0.060020 -0.010554 -0.012099 -0.124424 0.019576 -0.133577 -0.170401 -0.074444 -0.025617 0.043842 0.036553 0.014653 -0.000260 0.012776 -0.094549 0.057633 0.018431 -0.121041 -0.050733 -0.031954 0.012680 0.024299 0.044871 0.028124 0.021966 -0.099671 0.039535 
3 11 11 2 2 0 0.340017 14.137682 -5.932109 11 11 5 0.029817 -0.063159 -0.060282 -0.034007 0.046964 0.084779 0.074736 0.048601 0.056842 -0.021094 0.078243 0.076791 0.041127 0.108466 0.070792 0.111906 0.145652 0.102713 0.024290 0.029927 -0.005913 0.076237 0.115238 -0.044969 -0.001391 -0.030327 -0.045313 -0.073694 -0.065840 -0.044480 -0.014289 -0.042515 -0.053200 0.139900 -0.042375 0.083054 -0.065309 -0.077965 -0.015032 0.017516 -0.016835 -0.016897 0.036806 -0.105461 0.148983 -0.069305 0.010394 -0.055716 0.051130 -0.145879 -0.040718 0.079191 -0.001645 0.110919 -0.041030 0.098252 -0.081942 -0.056161 -0.037546 -0.101925 -0.229795 -0.136918 0.058632 0.032561 0.055784 0.024787 0.067828 -0.116355 -0.067291 -0.066242 -0.051574 0.209021 0.210621 -0.034535 -0.004820 0.025494 0.101637 0.047692 -0.093888 -0.034741 -0.014376 -0.128161 -0.118735 -0.055536 0.061026 0.055036 -0.034696 0.057077 0.047675 -0.025407 0.035057 0.022217 -0.229994 -0.403675 -0.185946 0.080601 0.041850 0.001750 0.114098 0.071043 0.003299 0.016281 0.010987 -0.032695 0.066741 0.122405 0.070400 -0.000041 -0.017253 -0.001254 -0.024370 0.017145 0.048428 -0.045133 -0.180805 -0.126396 -0.110508 -0.080300 0.084066 0.087315 0.175838 
2 1 0.111704 8.387926 -4.393632 11 11 5 0.018431 -0.121041 -0.050733 -0.031954 0.012680 0.024299 0.044871 0.028124 0.021966 -0.099671 0.039535 -0.133577 -0.170401 -0.074444 -0.025617 0.043842 0.036553 0.014653 -0.000260 0.012776 -0.094549 0.057633 -0.053136 0.000667 0.009538 0.044531 0.102003 0.105859 0.060020 -0.010554 -0.012099 -0.124424 0.019576 -0.031801 0.044541 0.027294 -0.006832 -0.003436 0.018392 0.004990 -0.019144 0.002926 -0.147750 -0.022368 0.016384 0.095827 0.060250 -0.032527 -0.100054 -0.016605 0.091893 0.071533 0.067518 -0.108590 -0.043743 0.042373 0.134699 0.036019 -0.052426 -0.037064 -0.034912 -0.006525 -0.001757 0.046877 -0.099462 0.001429 0.045748 0.149501 -0.010081 -0.055810 0.067850 0.107646 0.024491 -0.129119 -0.061738 -0.173354 0.003324 0.037325 0.120466 -0.023486 -0.049182 0.069474 0.199920 0.265545 0.052290 -0.105179 -0.322791 -0.075761 0.014548 0.072149 -0.021550 -0.006321 0.008410 0.167367 0.282977 0.131459 -0.026491 -0.286477 -0.096566 0.001534 0.051901 -0.000656 0.038862 0.074183 0.116484 0.127293 0.003078 -0.030219 -0.250108 -0.125427 -0.030673 0.038371 -0.001307 0.018236 -0.008843 -0.018744 0.023474 0.036012 0.026443 -0.167310 0.007784 
3 11 11 2 2 0 0.310483 14.627354 -5.375082 11 11 5 -0.277864 0.081778 -0.023864 -0.047318 -0.070356 -0.004330 0.079274 0.073222 0.063504 0.055790 -0.030521 0.126858 0.068350 -0.037196 -0.038437 0.002880 0.075994 0.033232 -0.079020 -0.006569 0.049695 0.094725 -0.005527 0.008174 -0.042019 -0.007949 0.055986 0.071274 -0.109142 -0.267315 -0.114639 0.030592 0.123980 0.040518 -0.007117 -0.000951 -0.001230 0.072504 -0.012581 -0.092315 -0.008912 -0.032866 -0.125486 0.159596 0.041139 -0.050670 0.003531 -0.002451 0.099594 -0.040380 -0.134643 0.117875 0.199283 -0.058045 0.078518 0.075266 -0.036242 0.005782 -0.024145 0.128166 0.026016 -0.294342 -0.255040 0.030510 0.044873 0.033111 0.102819 0.008772 -0.019393 -0.105223 0.061996 0.033899 -0.259765 -0.262972 -0.014720 0.046228 0.049158 0.081681 0.002946 -0.041954 -0.119855 -0.035717 -0.026522 -0.039168 0.143518 0.171653 -0.066006 0.045098 0.085371 0.041502 -0.001925 -0.033638 -0.065388 -0.008774 -0.022569 0.025928 -0.010097 -0.026359 0.107905 0.081303 0.080984 -0.021530 -0.061876 -0.123288 -0.028716 -0.006637 -0.140066 -0.092357 0.018770 0.063461 0.006877 0.099425 0.091907 0.100886 0.035698 -0.020671 0.044712 0.039163 0.042772 0.028459 0.000183 
2 1 0.095773 6.809407 -3.986456 11 11 5 -0.001385 -0.052703 0.005039 0.020606 -0.011589 -0.044621 -0.060765 -0.055850 -0.019011 -0.137223 0.102874 -0.011561 -0.056874 0.035191 0.023407 -0.035750 -0.003024 0.033502 0.047189 0.104505 -0.104659 -0.098844 -0.028499 -0.055416 0.046300 -0.019447 -0.044152 0.062219 0.024097 0.014175 0.135876 0.021193 -0.060552 -0.048078 -0.035409 0.066680 -0.033051 -0.042247 0.072955 -0.003575 0.001155 0.043377 -0.044608 -0.043559 -0.048959 -0.010585 0.087908 -0.025631 -0.063771 0.082175 0.012942 0.119076 0.122879 -0.139127 -0.082482 -0.064841 0.017352 0.120952 0.000907 -0.066864 0.099235 -0.037938 0.153598 0.299946 -0.097170 -0.183712 -0.076713 0.027837 0.148342 0.051149 -0.104482 -0.002197 0.018363 0.247085 0.309935 -0.086417 -0.190496 -0.080252 0.023602 0.154103 0.082426 -0.089397 -0.092089 0.096510 0.184970 0.079362 -0.209652 -0.076838 -0.066285 0.041698 0.161409 0.095754 -0.024550 -0.122664 0.011709 0.007060 -0.040816 -0.079829 0.016528 -0.188130 -0.090692 0.123037 0.091082 0.028938 -0.098614 -0.057674 -0.010107 0.052678 0.003483 -0.015790 0.027617 -0.181520 -0.015426 0.010048 0.042899 0.002487 -0.016516 -0.027110 -0.025662 -0.076333 0.002362 
3 11 11 2 2 0 0.297317 15.189876 -5.398768 11 11 5 -0.077679 -0.078057 -0.035288 0.021513 0.095618 0.083689 0.036447 0.022887 -0.012516 0.016240 -0.158964 0.062129 -0.054644 0.019243 0.025845 -0.007799 -0.018553 0.030616 0.042744 0.050172 0.040798 0.051072 -0.012540 -0.001643 0.099993 -0.008971 -0.202760 -0.210953 -0.000818 0.057881 0.049173 0.031407 0.040305 0.031008 0.053353 0.033409 -0.116897 -0.070242 -0.087543 -0.090774 0.029572 0.050591 0.047798 0.081156 0.004179 0.027816 0.012014 -0.059234 0.133234 0.156869 0.026674 0.004828 0.038419 0.012912 0.048271 0.020450 -0.007283 0.081364 -0.071433 -0.256209 -0.209887 0.085903 0.040719 0.006508 -0.028150 0.081784 0.027898 -0.064536 0.073299 -0.085637 -0.360474 -0.298644 0.101679 0.049419 0.020197 -0.033569 0.094910 -0.023911 -0.128269 0.004633 -0.055295 0.076652 0.151267 0.082089 -0.038147 0.025678 -0.038443 0.109457 0.080496 -0.124038 0.003035 -0.072068 0.068028 0.103106 -0.026616 -0.003510 0.066598 0.063345 0.084585 0.098251 -0.130461 -0.022379 -0.082558 -0.116548 -0.159113 -0.053549 0.044221 0.006985 0.034158 -0.127311 0.267123 -0.063811 0.099475 -0.003334 0.043634 0.035762 0.032585 0.022820 0.014793 0.048897 -0.030620 
2 1 0.131537 9.051968 -4.506198 11 11 5 -0.025920 0.053767 -0.013583 -0.050690 -0.036335 -0.041475 -0.065200 -0.022161 0.069514 0.021770 0.036893 0.008817 0.026204 -0.021277 0.013299 0.064680 0.072034 0.023773 -0.133892 -0.094312 -0.056056 0.028385 -0.012041 -0.002337 0.020317 0.026028 0.020994 0.102656 0.142985 0.038063 -0.106689 -0.188645 0.072956 -0.012767 0.019732 0.018448 0.022210 0.013067 0.036623 0.085424 0.069770 -0.005373 -0.286534 -0.017091 -0.002072 0.022809 0.006938 0.036166 0.061318 0.052002 0.022498 -0.003263 0.031989 -0.257941 -0.076418 0.016166 0.029025 -0.001571 0.056011 0.057554 0.197971 0.178971 -0.022095 -0.056370 -0.286793 -0.081790 0.036316 0.035763 -0.050256 0.007247 0.116992 0.285705 0.230773 -0.058716 -0.133650 -0.273392 -0.039636 0.046890 0.054718 -0.070426 0.028669 0.150431 0.181771 -0.004792 -0.189851 -0.024273 -0.209283 0.005436 0.051314 0.066488 -0.057146 -0.010414 0.043519 -0.032549 -0.103225 -0.008287 0.076331 -0.147712 0.043668 0.042825 0.084181 -0.029300 -0.039906 -0.007795 0.033982 0.062784 0.056154 0.012447 -0.124390 -0.004829 -0.044180 0.063541 0.007211 0.002616 -0.016565 -0.001132 0.013155 0.013625 -0.017526 -0.069486 0.017030 
3 11 11 2 2 0 0.310483 14.627354 -5.375082 11 11 5 0.006877 0.099425 0.091907 0.100886 0.035698 -0.020671 0.044712 0.039163 0.042772 0.028459 0.000183 0.081303 0.080984 -0.021530 -0.061876 -0.123288 -0.028716 -0.006637 -0.140066 -0.092357 0.018770 0.063461 0.085371 0.041502 -0.001925 -0.033638 -0.065388 -0.008774 -0.022569 0.025928 -0.010097 -0.026359 0.107905 0.081681 0.002946 -0.041954 -0.119855 -0.035717 -0.026522 -0.039168 0.143518 0.171653 -0.066006 0.045098 0.102819 0.008772 -0.019393 -0.105223 0.061996 0.033899 -0.259765 -0.262972 -0.014720 0.046228 0.049158 0.075266 -0.036242 0.005782 -0.024145 0.128166 0.026016 -0.294342 -0.255040 0.030510 0.044873 0.033111 0.041139 -0.050670 0.003531 -0.002451 0.099594 -0.040380 -0.134643 0.117875 0.199283 -0.058045 0.078518 0.040518 -0.007117 -0.000951 -0.001230 0.072504 -0.012581 -0.092315 -0.008912 -0.032866 -0.125486 0.159596 -0.005527 0.008174 -0.042019 -0.007949 0.055986 0.071274 -0.109142 -0.267315 -0.114639 0.030592 0.123980 0.126858 0.068350 -0.037196 -0.038437 0.002880 0.075994 0.033232 -0.079020 -0.006569 0.049695 0.094725 -0.277864 0.081778 -0.023864 -0.047318 -0.070356 -0.004330 0.079274 0.073222 0.063504 0.055790 -0.030521 
2 1 0.095773 6.809407 -3.986456 11 11 5 0.027617 -0.181520 -0.015426 0.010048 0.042899 0.002487 -0.016516 -0.027110 -0.025662 -0.076333 0.002362 -0.188130 -0.090692 0.123037 0.091082 0.028938 -0.098614 -0.057674 -0.010107 0.052678 0.003483 -0.015790 -0.066285 0.041698 0.161409 0.095754 -0.024550 -0.122664 0.011709 0.007060 -0.040816 -0.079829 0.016528 -0.080252 0.023602 0.154103 0.082426 -0.089397 -0.092089 0.096510 0.184970 0.079362 -0.209652 -0.076838 -0.076713 0.027837 0.148342 0.051149 -0.104482 -0.002197 0.018363 0.247085 0.309935 -0.086417 -0.190496 -0.064841 0.017352 0.120952 0.000907 -0.066864 0.099235 -0.037938 0.153598 0.299946 -0.097170 -0.183712 -0.048959 -0.010585 0.087908 -0.025631 -0.063771 0.082175 0.012942 0.119076 0.122879 -0.139127 -0.082482 -0.048078 -0.035409 0.066680 -0.033051 -0.042247 0.072955 -0.003575 0.001155 0.043377 -0.044608 -0.043559 -0.028499 -0.055416 0.046300 -0.019447 -0.044152 0.062219 0.024097 0.014175 0.135876 0.021193 -0.060552 -0.011561 -0.056874 0.035191 0.023407 -0.035750 -0.003024 0.033502 0.047189 0.104505 -0.104659 -0.098844 -0.001385 -0.052703 0.005039 0.020606 -0.011589 -0.044621 -0.060765 -0.055850 -0.019011 -0.137223 0.102874 
3 11 11 2 2 0 0.297317 15.189876 -5.398768 11 11 5 0.267123 -0.063811 0.099475 -0.003334 0.043634 0.035762 0.032585 0.022820 0.014793 0.048897 -0.030620 0.098251 -0.130461 -0.022379 -0.082558 -0.116548 -0.159113 -0.053549 0.044221 0.006985 0.034158 -0.127311 0.080496 -0.124038 0.003035 -0.072068 0.068028 0.103106 -0.026616 -0.003510 0.066598 0.063345 0.084585 -0.023911 -0.128269 0.004633 -0.055295 0.076652 0.151267 0.082089 -0.038147 0.025678 -0.038443 0.109457 0.027898 -0.064536 0.073299 -0.085637 -0.360474 -0.298644 0.101679 0.049419 0.020197 -0.033569 0.094910 0.020450 -0.007283 0.081364 -0.071433 -0.256209 -0.209887 0.085903 0.040719 0.006508 -0.028150 0.081784 0.004179 0.027816 0.012014 -0.059234 0.133234 0.156869 0.026674 0.004828 0.038419 0.012912 0.048271 0.031008 0.053353 0.033409 -0.116897 -0.070242 -0.087543 -0.090774 0.029572 0.050591 0.047798 0.081156 -0.012540 -0.001643 0.099993 -0.008971 -0.202760 -0.210953 -0.000818 0.057881 0.049173 0.031407 0.040305 0.062129 -0.054644 0.019243 0.025845 -0.007799 -0.018553 0.030616 0.042744 0.050172 0.040798 0.051072 -0.077679 -0.078057 -0.035288 0.021513 0.095618 0.083689 0.036447 0.022887 -0.012516 0.016240 -0.158964 
2 1 0.131537 9.051968 -4.506198 11 11 5 -0.044180 0.063541 0.007211 0.002616 -0.016565 -0.001132 0.013155 0.013625 -0.017526 -0.069486 0.017030 0.042825 0.084181 -0.029300 -0.039906 -0.007795 0.033982 0.062784 0.056154 0.012447 -0.124390 -0.004829 0.051314 0.066488 -0.057146 -0.010414 0.043519 -0.032549 -0.103225 -0.008287 0.076331 -0.147712 0.043668 0.046890 0.054718 -0.070426 0.028669 0.150431 0.181771 -0.004792 -0.189851 -0.024273 -0.209283 0.005436 0.036316 0.035763 -0.050256 0.007247 0.116992 0.285705 0.230773 -0.058716 -0.133650 -0.273392 -0.039636 0.016166 0.029025 -0.001571 0.056011 0.057554 0.197971 0.178971 -0.022095 -0.056370 -0.286793 -0.081790 -0.002072 0.022809 0.006938 0.036166 0.061318 0.052002 0.022498 -0.003263 0.031989 -0.257941 -0.076418 -0.012767 0.019732 0.018448 0.022210 0.013067 0.036623 0.085424 0.069770 -0.005373 -0.286534 -0.017091 -0.012041 -0.002337 0.020317 0.026028 0.020994 0.102656 0.142985 0.038063 -0.106689 -0.188645 0.072956 0.008817 0.026204 -0.021277 0.013299 0.064680 0.072034 0.023773 -0.133892 -0.094312 -0.056056 0.028385 -0.025920 0.053767 -0.013583 -0.050690 -0.036335 -0.041475 -0.065200 -0.022161 0.069514 0.021770 0.036893 
3 11 11 2 2 0 0.343753 16.706010 -5.452573 11 11 5 -0.179362 0.074201 -0.096518 -0.054940 0.007958 0.072061 0.073978 0.037482 0.030822 0.036665 -0.104708 0.119608 -0.014982 -0.030538 0.014390 0.057573 0.001974 -0.052109 -0.003731 0.061742 0.023216 0.098873 0.032906 -0.063538 0.010777 0.051999 0.042998 -0.147171 -0.234950 -0.115856 0.086141 0.018786 0.076667 0.033784 -0.012239 0.043054 0.032703 -0.051492 -0.033894 0.083953 -0.057983 -0.049691 0.017955 0.087126 0.011759 -0.029123 0.005393 0.052756 -0.027562 -0.043366 0.160047 0.149874 -0.004511 -0.018549 0.076129 0.033879 -0.007287 -0.005461 0.080998 0.024003 -0.324357 -0.349074 -0.010967 0.111365 -0.047735 0.056747 0.069018 -0.032367 -0.048560 0.041730 0.043215 -0.268472 -0.329120 -0.006224 0.130182 -0.037648 0.067862 0.068964 -0.083615 -0.069181 -0.044809 -0.021042 0.001116 0.169392 0.149836 -0.019002 -0.037827 0.057213 0.108985 -0.054378 -0.004875 -0.067708 -0.015976 0.027940 0.128354 0.012955 -0.026419 0.050190 0.058210 0.129853 -0.066034 -0.015312 -0.102832 -0.050160 -0.067021 -0.130318 -0.086559 0.006927 0.035352 -0.029106 0.128098 0.038958 0.094793 0.014693 0.021297 0.040431 0.020979 0.029663 0.008863 0.041361 -0.002513 
2 1 0.119115 8.582349 -4.235264 11 11 5 -0.021815 0.003010 0.026843 -0.003809 -0.044566 -0.041887 -0.032338 -0.049991 -0.040843 -0.059949 0.109206 -0.022217 0.021044 0.018703 -0.039919 -0.002106 0.031998 0.050144 0.065709 -0.020840 -0.253646 0.016799 -0.017912 0.024507 -0.017393 -0.025043 0.052834 0.019087 0.054584 0.129125 0.125605 -0.180554 -0.035116 -0.009190 0.031352 -0.020749 -0.009630 0.047430 -0.001681 0.010137 -0.004260 0.077043 -0.095861 -0.101195 0.003794 0.048401 -0.017943 -0.018061 0.046883 0.037451 0.113447 0.067940 -0.061177 -0.139017 -0.068716 0.000255 0.075098 -0.006633 -0.021815 0.099009 -0.062379 0.152324 0.279559 0.054057 -0.284854 -0.094401 -0.004054 0.092481 0.027660 -0.068540 0.024574 0.000841 0.230619 0.299878 0.037370 -0.328121 -0.072815 -0.010252 0.095278 0.066511 -0.076884 -0.062379 0.130051 0.217872 0.074797 -0.192851 -0.208987 -0.019366 0.006972 0.093347 0.071865 -0.029031 -0.107339 0.024220 0.022169 -0.114337 -0.037606 -0.065620 0.020943 -0.034695 0.059537 0.064716 0.024870 -0.071974 -0.065573 0.004449 0.034669 0.052304 -0.061859 -0.007266 -0.040096 -0.026823 0.007316 0.024536 0.022701 -0.018964 -0.013590 -0.017306 0.020985 -0.062085 -0.000989 
3 11 11 2 2 0 0.343753 16.706010 -5.452573 11 11 5 0.128098 0.038958 0.094793 0.014693 0.021297 0.040431 0.020979 0.029663 0.008863 0.041361 -0.002513 0.129853 -0.066034 -0.015312 -0.102832 -0.050160 -0.067021 -0.130318 -0.086559 0.006927 0.035352 -0.029106 0.108985 -0.054378 -0.004875 -0.067708 -0.015976 0.027940 0.128354 0.012955 -0.026419 0.050190 0.058210 0.068964 -0.083615 -0.069181 -0.044809 -0.021042 0.001116 0.169392 0.149836 -0.019002 -0.037827 0.057213 0.069018 -0.032367 -0.048560 0.041730 0.043215 -0.268472 -0.329120 -0.006224 0.130182 -0.037648 0.067862 0.033879 -0.007287 -0.005461 0.080998 0.024003 -0.324357 -0.349074 -0.010967 0.111365 -0.047735 0.056747 0.011759 -0.029123 0.005393 0.052756 -0.027562 -0.043366 0.160047 0.149874 -0.004511 -0.018549 0.076129 0.033784 -0.012239 0.043054 0.032703 -0.051492 -0.033894 0.083953 -0.057983 -0.049691 0.017955 0.087126 0.032906 -0.063538 0.010777 0.051999 0.042998 -0.147171 -0.234950 -0.115856 0.086141 0.018786 0.076667 0.119608 -0.014982 -0.030538 0.014390 0.057573 0.001974 -0.052109 -0.003731 0.061742 0.023216 0.098873 -0.179362 0.074201 -0.096518 -0.054940 0.007958 0.072061 0.073978 0.037482 0.030822 0.036665 -0.104708 
2 1 0.119115 8.582349 -4.235264 11 11 5 -0.040096 -0.026823 0.007316 0.024536 0.022701 -0.018964 -0.013590 -0.017306 0.020985 -0.062085 -0.000989 -0.034695 0.059537 0.064716 0.024870 -0.071974 -0.065573 0.004449 0.034669 0.052304 -0.061859 -0.007266 0.006972 0.093347 0.071865 -0.029031 -0.107339 0.024220 0.022169 -0.114337 -0.037606 -0.065620 0.020943 -0.010252 0.095278 0.066511 -0.076884 -0.062379 0.130051 0.217872 0.074797 -0.192851 -0.208987 -0.019366 -0.004054 0.092481 0.027660 -0.068540 0.024574 0.000841 0.230619 0.299878 0.037370 -0.328121 -0.072815 0.000255 0.075098 -0.006633 -0.021815 0.099009 -0.062379 0.152324 0.279559 0.054057 -0.284854 -0.094401 0.003794 0.048401 -0.017943 -0.018061 0.046883 0.037451 0.113447 0.067940 -0.061177 -0.139017 -0.068716 -0.009190 0.031352 -0.020749 -0.009630 0.047430 -0.001681 0.010137 -0.004260 0.077043 -0.095861 -0.101195 -0.017912 0.024507 -0.017393 -0.025043 0.052834 0.019087 0.054584 0.129125 0.125605 -0.180554 -0.035116 -0.022217 0.021044 0.018703 -0.039919 -0.002106 0.031998 0.050144 0.065709 -0.020840 -0.253646 0.016799 -0.021815 0.003010 0.026843 -0.003809 -0.044566 -0.041887 -0.032338 -0.049991 -0.040843 -0.059949 0.109206 
3 11 11 2 2 0 0.227684 10.694053 -4.627366 11 11 5 -0.117889 0.135816 -0.028791 -0.000475 0.009764 0.038519 0.037895 -0.041032 -0.060443 -0.102676 -0.032585 -0.076413 0.035854 -0.002122 0.059548 0.059702 0.060483 0.034630 -0.014838 0.008385 0.002324 0.025943 -0.120792 0.063786 0.012966 0.073493 0.064465 0.002024 -0.005918 0.000408 -0.021241 0.005222 -0.053056 -0.100792 0.081468 0.032257 0.114852 0.059422 0.018532 -0.031277 0.006377 -0.063283 0.064405 -0.073981 -0.040957 0.098079 0.091958 0.125245 -0.050709 -0.037281 0.068618 0.164777 -0.016874 0.089605 -0.134759 0.024244 0.075618 0.035169 -0.034380 -0.202328 -0.164965 -0.028326 0.180086 0.104260 0.113024 -0.126890 0.031095 -0.009117 -0.089850 -0.134656 -0.025934 0.064213 -0.153699 -0.105035 0.042746 0.129590 -0.061212 -0.070266 0.009231 -0.080283 -0.055147 0.153817 0.073985 -0.278419 -0.183077 -0.031212 0.143118 -0.062538 -0.101937 -0.000147 -0.047495 0.056349 0.076247 -0.115479 -0.230186 -0.085269 -0.101444 0.134443 -0.070000 0.074030 0.044153 0.065562 0.105957 0.125087 0.134508 0.115299 0.101243 -0.053845 0.063417 -0.022346 0.060720 0.025339 0.052078 0.082144 0.095513 0.035344 -0.090609 -0.161260 -0.221464 0.070312 -0.017765 
2 1 0.087818 7.093666 -4.471976 11 11 5 0.041797 -0.019372 0.009947 -0.005739 0.000883 -0.015793 -0.009506 0.007430 0.013298 0.083498 -0.089336 0.068233 -0.021882 -0.066813 -0.098548 -0.089879 -0.059714 -0.012765 0.000481 -0.003379 0.041683 -0.026343 0.051788 -0.075449 -0.141735 -0.147004 -0.070206 -0.014848 -0.011571 -0.026730 -0.042572 0.038325 0.014304 0.031923 -0.191573 -0.218342 -0.075410 0.009969 -0.042982 -0.118623 -0.075789 -0.002792 0.076073 0.068566 0.006329 -0.210209 -0.056043 0.114328 0.140044 0.085725 -0.035389 -0.123464 -0.176464 0.018250 0.075440 -0.064260 -0.138669 0.057490 0.154880 0.119030 0.036569 0.106692 0.097560 -0.196590 -0.148448 0.081064 -0.082858 -0.043613 0.038958 0.038552 -0.033534 0.018880 0.109049 0.159631 -0.003966 -0.178880 0.018485 -0.077671 -0.062470 -0.069398 -0.113431 -0.008140 0.186316 0.148600 0.088200 0.046706 -0.082834 0.028370 -0.021401 -0.071859 -0.106550 -0.067702 0.069044 0.222101 0.162533 0.056278 0.039800 -0.012078 -0.002865 0.105400 -0.007526 -0.042469 -0.043427 0.053027 0.153000 0.190787 0.127132 0.091602 0.104586 0.060299 -0.007574 -0.063439 -0.090103 -0.051046 0.007073 0.085089 0.141981 0.108941 0.016699 0.022813 -0.082466 
3 11 11 2 2 0 0.227684 10.694053 -4.627366 11 11 5 0.060720 0.025339 0.052078 0.082144 0.095513 0.035344 -0.090609 -0.161260 -0.221464 0.070312 -0.017765 0.074030 0.044153 0.065562 0.105957 0.125087 0.134508 0.115299 0.101243 -0.053845 0.063417 -0.022346 -0.101937 -0.000147 -0.047495 0.056349 0.076247 -0.115479 -0.230186 -0.085269 -0.101444 0.134443 -0.070000 -0.070266 0.009231 -0.080283 -0.055147 0.153817 0.073985 -0.278419 -0.183077 -0.031212 0.143118 -0.062538 0.031095 -0.009117 -0.089850 -0.134656 -0.025934 0.064213 -0.153699 -0.105035 0.042746 0.129590 -0.061212 0.024244 0.075618 0.035169 -0.034380 -0.202328 -0.164965 -0.028326 0.180086 0.104260 0.113024 -0.126890 -0.040957 0.098079 0.091958 0.125245 -0.050709 -0.037281 0.068618 0.164777 -0.016874 0.089605 -0.134759 -0.100792 0.081468 0.032257 0.114852 0.059422 0.018532 -0.031277 0.006377 -0.063283 0.064405 -0.073981 -0.120792 0.063786 0.012966 0.073493 0.064465 0.002024 -0.005918 0.000408 -0.021241 0.005222 -0.053056 -0.076413 0.035854 -0.002122 0.059548 0.059702 0.060483 0.034630 -0.014838 0.008385 0.002324 0.025943 -0.117889 0.135816 -0.028791 -0.000475 0.009764 0.038519 0.037895 -0.041032 -0.060443 -0.102676 -0.032585 
2 1 0.087818 7.093666 -4.471976 11 11 5 -0.007574 -0.063439 -0.090103 -0.051046 0.007073 0.085089 0.141981 0.108941 0.016699 0.022813 -0.082466 0.105400 -0.007526 -0.042469 -0.043427 0.053027 0.153000 0.190787 0.127132 0.091602 0.104586 0.060299 -0.021401 -0.071859 -0.106550 -0.067702 0.069044 0.222101 0.162533 0.056278 0.039800 -0.012078 -0.002865 -0.077671 -0.062470 -0.069398 -0.113431 -0.008140 0.186316 0.148600 0.088200 0.046706 -0.082834 0.028370 -0.082858 -0.043613 0.038958 0.038552 -0.033534 0.018880 0.109049 0.159631 -0.003966 -0.178880 0.018485 -0.064260 -0.138669 0.057490 0.154880 0.119030 0.036569 0.106692 0.097560 -0.196590 -0.148448 0.081064 0.006329 -0.210209 -0.056043 0.114328 0.140044 0.085725 -0.035389 -0.123464 -0.176464 0.018250 0.075440 0.031923 -0.191573 -0.218342 -0.075410 0.009969 -0.042982 -0.118623 -0.075789 -0.002792 0.076073 0.068566 0.051788 -0.075449 -0.141735 -0.147004 -0.070206 -0.014848 -0.011571 -0.026730 -0.042572 0.038325 0.014304 0.068233 -0.021882 -0.066813 -0.098548 -0.089879 -0.059714 -0.012765 0.000481 -0.003379 0.041683 -0.026343 0.041797 -0.019372 0.009947 -0.005739 0.000883 -0.015793 -0.009506 0.007430 0.013298 0.083498 -0.089336 
3 11 11 2 2 0 0.251448 11.482649 -4.728630 11 11 5 -0.208246 0.141393 0.054024 0.131505 0.055476 -0.000286 -0.020794 0.093396 0.054185 0.082522 -0.156240 0.066468 0.029593 -0.051000 -0.017803 -0.058531 -0.009367 -0.053697 -0.014180 -0.005595 0.084328 0.011164 -0.056832 0.054761 -0.000896 -0.039453 -0.062555 0.029305 -0.027850 -0.040279 -0.028168 0.089666 -0.014193 -0.103775 0.004187 -0.073850 -0.039601 -0.045750 -0.001698 -0.164262 -0.212825 -0.110462 0.064595 0.034096 -0.041699 -0.030508 -0.027972 -0.008243 0.064087 0.104778 -0.014839 -0.091755 -0.146330 -0.040233 0.055593 0.090293 0.002192 0.096454 0.052004 0.115810 0.228014 0.163460 0.037982 -0.128981 -0.081961 0.061102 0.104292 0.031161 0.109489 0.083464 0.136726 0.274721 0.198272 0.038233 -0.136426 -0.110000 0.034320 -0.049266 -0.018135 -0.048695 -0.017758 0.036997 0.107383 -0.001687 -0.110363 -0.144870 -0.040065 0.093462 -0.117531 0.014004 -0.041742 -0.028877 0.005975 0.006102 -0.174966 -0.213354 -0.056458 0.056072 0.039924 0.009493 0.016181 -0.074724 -0.106150 -0.079796 0.006041 -0.029934 -0.102131 -0.058832 0.013034 0.032400 -0.125898 0.118649 0.092522 0.125605 0.001704 -0.037721 -0.022140 0.118391 0.096593 0.154463 -0.129879 
2 1 0.089624 6.508753 -4.313786 11 11 5 0.034196 -0.043795 -0.026020 0.019666 0.053289 0.014761 -0.039266 -0.051510 -0.078378 -0.056550 0.048730 -0.045085 -0.091323 -0.050754 0.003498 -0.005652 -0.062395 -0.034208 0.019092 -0.003005 -0.091317 0.013820 -0.074209 -0.073332 -0.093164 -0.087009 -0.142222 -0.067517 0.051191 0.071375 0.088125 0.000752 0.006434 -0.063600 -0.076099 -0.108351 -0.114334 -0.151523 0.034752 0.140773 0.041890 0.032370 0.048614 -0.031557 0.056076 0.010162 -0.004115 -0.011253 -0.041250 0.113301 0.279557 0.183370 0.008265 0.036954 -0.000158 0.088173 0.047571 0.000092 -0.058135 -0.103911 -0.015999 0.220564 0.259383 0.004185 -0.004967 -0.003955 0.104124 0.046205 0.001144 -0.061424 -0.098231 -0.031496 0.221957 0.234496 -0.028055 -0.007062 -0.018070 0.032889 -0.009917 0.002242 -0.006743 -0.050737 0.099425 0.285633 0.165900 -0.012140 0.053170 0.000587 -0.067169 -0.114459 -0.140806 -0.124641 -0.123556 0.089634 0.172856 0.066046 0.023553 0.034883 -0.025916 -0.059806 -0.086152 -0.150894 -0.160164 -0.198911 -0.087654 0.044437 0.082365 0.087275 -0.044035 -0.016230 -0.001182 -0.016979 0.008162 0.048233 0.049917 -0.022982 -0.055056 -0.020174 -0.064098 -0.118971 0.043512 
3 11 11 2 2 0 0.272854 11.199291 -4.815253 11 11 5 0.128172 0.075508 0.012087 -0.038017 0.054415 0.142637 0.072939 0.004925 -0.039050 -0.047771 -0.020268 0.012583 -0.071883 -0.077993 -0.025542 -0.003719 0.008771 0.026628 0.041655 0.004038 0.005318 -0.070196 -0.050349 -0.038426 0.002139 0.028158 -0.069437 -0.030019 0.044860 0.060299 -0.010421 0.023865 -0.066849 -0.139297 -0.000784 0.046867 -0.074412 -0.284563 -0.146464 0.012509 0.081202 -0.006611 0.018750 -0.079922 -0.014919 0.041502 0.128803 0.033268 -0.143849 -0.124793 -0.058101 0.093787 0.039027 0.006402 -0.074697 0.144627 0.033287 0.176607 0.200536 0.120389 -0.076716 -0.177442 0.053601 0.074737 0.010781 -0.037365 0.157991 0.037315 0.175683 0.201591 0.132046 -0.068183 -0.193648 0.043015 0.067376 -0.011658 -0.066997 0.010097 0.043279 0.134018 0.029142 -0.141104 -0.123671 -0.073665 0.082568 0.058668 0.012087 -0.053980 -0.101022 0.007362 0.079128 -0.056475 -0.284607 -0.151676 0.023659 0.102904 0.030064 0.008867 -0.050570 -0.122420 -0.095704 -0.019390 0.019177 -0.097685 -0.093969 -0.000395 0.037938 -0.005786 0.021683 -0.057717 0.163607 0.034992 -0.066557 -0.032896 0.088038 0.160342 0.137180 0.041430 -0.037716 -0.000199 -0.099362 
2 1 0.111017 7.849043 -4.307929 11 11 5 0.010337 0.024505 0.048625 -0.062929 -0.095112 -0.081948 -0.061388 0.001006 0.020967 0.093301 -0.022171 -0.060763 -0.016614 -0.106560 -0.099112 0.007918 -0.003665 -0.155416 -0.116548 0.001837 0.054527 0.004977 -0.046983 -0.151967 -0.093400 0.044905 0.078053 0.090826 0.001538 -0.103595 0.002180 0.080123 0.017176 -0.071396 -0.225257 0.009595 0.165698 0.092580 0.002181 0.045379 -0.062916 -0.041797 0.067402 0.018647 0.050274 -0.156364 0.040882 0.215293 0.189215 0.031622 0.060893 -0.012004 -0.052590 0.085257 0.031421 0.023294 -0.156066 -0.049803 0.100584 0.194371 0.049644 0.016199 -0.011946 -0.101198 0.079590 0.016452 0.042525 -0.156854 -0.044643 0.094960 0.193979 0.036859 0.006671 -0.006688 -0.090549 0.092608 0.012100 0.033874 -0.159001 0.030132 0.204481 0.180655 0.008027 0.043271 -0.004746 -0.069695 0.107499 0.015248 -0.070450 -0.215547 0.066570 0.197687 0.111983 0.003685 0.056749 -0.057489 -0.026730 0.099795 0.010178 -0.089727 -0.245462 -0.163570 0.006348 0.059646 0.055266 -0.017139 -0.148469 -0.034372 0.053623 -0.010224 0.038280 0.031627 -0.016437 -0.089562 -0.039673 -0.040753 -0.102263 -0.056734 0.014017 0.095019 0.003648 
3 11 11 2 2 0 0.216932 10.229708 -4.537143 11 11 5 0.007984 -0.056307 -0.072258 -0.037792 -0.033674 0.020447 -0.016370 0.007034 -0.094402 0.069451 -0.194260 0.066859 -0.017362 0.024123 -0.019607 -0.020265 0.026187 0.003528 -0.021853 -0.051447 0.040116 -0.024062 0.072121 -0.050823 0.047458 -0.021175 -0.017282 0.072902 0.101983 -0.003527 -0.069372 0.016186 -0.095454 0.188475 -0.045729 0.063901 -0.036621 -0.042199 0.083167 0.137606 0.043639 -0.048021 0.019739 -0.044477 0.194793 -0.108164 0.044456 -0.059966 0.016949 0.077034 0.012624 0.027507 -0.027191 0.038791 -0.031196 0.084004 -0.085498 0.047098 -0.028145 0.055613 -0.096301 -0.099457 0.164741 0.092667 0.023780 0.049082 0.038813 0.014236 0.037420 0.012250 0.088379 -0.332240 -0.303801 0.145681 0.160534 0.000189 0.105652 -0.022135 0.099542 0.037319 0.033636 0.134664 -0.205549 -0.316120 -0.047657 0.075213 -0.057263 0.124204 -0.117389 0.076441 0.047544 0.062582 0.006651 -0.042192 -0.079518 -0.090652 0.010956 -0.092733 0.093589 -0.127703 0.014724 0.005410 0.052663 -0.039161 -0.029269 0.013935 -0.039061 0.006959 -0.078032 0.020511 -0.032447 -0.047352 0.050667 0.076317 0.001487 -0.058290 -0.037488 0.113196 0.108637 -0.194898 0.149162 
2 1 0.095330 7.005396 -4.249762 11 11 5 -0.028558 0.019011 -0.006088 -0.002289 -0.025953 -0.014510 -0.028750 -0.016074 -0.000094 0.076223 0.024005 0.003248 0.012214 0.025302 0.020217 -0.012372 -0.027400 -0.019027 0.005346 0.028130 0.068546 0.038248 -0.059514 -0.037567 0.022982 0.006638 -0.047383 -0.041319 -0.022699 0.004696 0.032580 0.050128 0.014409 -0.056397 -0.061141 0.016664 -0.023427 -0.105523 -0.020171 -0.012340 -0.005243 0.039689 0.031753 0.063952 -0.037363 -0.033189 0.020516 -0.109872 -0.179737 -0.036037 -0.011575 -0.191578 -0.073696 0.038641 0.056276 -0.031752 -0.039889 -0.051401 -0.150837 -0.015591 0.123860 0.248277 0.109920 -0.261578 -0.143149 0.035279 -0.007378 -0.035190 -0.181891 -0.088615 0.168114 0.121342 0.223154 0.269367 -0.042490 -0.251206 -0.071611 0.068056 -0.033291 -0.221603 -0.073262 0.216946 0.123573 0.090626 0.169845 -0.004981 -0.138529 -0.089077 0.038392 -0.015748 -0.197180 -0.082599 0.122420 0.131037 0.042565 0.044895 -0.036313 -0.075156 -0.067587 0.093152 0.064822 -0.041385 0.009384 0.143051 0.145821 0.094985 0.054098 0.025630 0.045027 0.022022 -0.005766 0.046406 -0.022736 0.000798 0.041665 -0.007101 0.013366 0.017274 -0.018359 0.008372 -0.042819 
3 11 11 2 2 0 0.216932 10.229708 -4.537143 11 11 5 -0.032447 -0.047352 0.050667 0.076317 0.001487 -0.058290 -0.037488 0.113196 0.108637 -0.194898 0.149162 -0.127703 0.014724 0.005410 0.052663 -0.039161 -0.029269 0.013935 -0.039061 0.006959 -0.078032 0.020511 -0.117389 0.076441 0.047544 0.062582 0.006651 -0.042192 -0.079518 -0.090652 0.010956 -0.092733 0.093589 -0.022135 0.099542 0.037319 0.033636 0.134664 -0.205549 -0.316120 -0.047657 0.075213 -0.057263 0.124204 0.038813 0.014236 0.037420 0.012250 0.088379 -0.332240 -0.303801 0.145681 0.160534 0.000189 0.105652 0.084004 -0.085498 0.047098 -0.028145 0.055613 -0.096301 -0.099457 0.164741 0.092667 0.023780 0.049082 0.194793 -0.108164 0.044456 -0.059966 0.016949 0.077034 0.012624 0.027507 -0.027191 0.038791 -0.031196 0.188475 -0.045729 0.063901 -0.036621 -0.042199 0.083167 0.137606 0.043639 -0.048021 0.019739 -0.044477 0.072121 -0.050823 0.047458 -0.021175 -0.017282 0.072902 0.101983 -0.003527 -0.069372 0.016186 -0.095454 0.066859 -0.017362 0.024123 -0.019607 -0.020265 0.026187 0.003528 -0.021853 -0.051447 0.040116 -0.024062 0.007984 -0.056307 -0.072258 -0.037792 -0.033674 0.020447 -0.016370 0.007034 -0.094402 0.069451 -0.194260 
2 1 0.095330 7.005396 -4.249762 11 11 5 -0.005766 0.046406 -0.022736 0.000798 0.041665 -0.007101 0.013366 0.017274 -0.018359 0.008372 -0.042819 0.093152 0.064822 -0.041385 0.009384 0.143051 0.145821 0.094985 0.054098 0.025630 0.045027 0.022022 0.038392 -0.015748 -0.197180 -0.082599 0.122420 0.131037 0.042565 0.044895 -0.036313 -0.075156 -0.067587 0.068056 -0.033291 -0.221603 -0.073262 0.216946 0.123573 0.090626 0.169845 -0.004981 -0.138529 -0.089077 -0.007378 -0.035190 -0.181891 -0.088615 0.168114 0.121342 0.223154 0.269367 -0.042490 -0.251206 -0.071611 -0.031752 -0.039889 -0.051401 -0.150837 -0.015591 0.123860 0.248277 0.109920 -0.261578 -0.143149 0.035279 -0.037363 -0.033189 0.020516 -0.109872 -0.179737 -0.036037 -0.011575 -0.191578 -0.073696 0.038641 0.056276 -0.056397 -0.061141 0.016664 -0.023427 -0.105523 -0.020171 -0.012340 -0.005243 0.039689 0.031753 0.063952 -0.059514 -0.037567 0.022982 0.006638 -0.047383 -0.041319 -0.022699 0.004696 0.032580 0.050128 0.014409 0.003248 0.012214 0.025302 0.020217 -0.012372 -0.027400 -0.019027 0.005346 0.028130 0.068546 0.038248 -0.028558 0.019011 -0.006088 -0.002289 -0.025953 -0.014510 -0.028750 -0.016074 -0.000094 0.076223 0.024005 
3 11 11 2 2 0 0.162682 9.638678 -4.270794 11 11 5 0.071396 0.053744 0.107044 0.071349 -0.021030 -0.050268 -0.047529 -0.070487 -0.013731 -0.008373 0.158877 -0.108198 0.035189 0.029683 0.044855 0.026724 0.048524 -0.000474 -0.084088 -0.046448 -0.074585 0.034042 0.012010 -0.077508 -0.037894 0.044656 0.055505 0.007913 -0.025823 -0.049752 -0.008778 -0.076355 0.076269 0.000762 -0.221397 -0.061478 -0.034365 0.114945 0.012366 -0.082097 -0.043443 0.025049 -0.036035 -0.006039 0.112748 -0.159701 0.042560 -0.025827 0.169325 0.116039 -0.160968 -0.065985 0.095482 0.069776 -0.014415 0.256648 -0.122070 0.005385 -0.137385 -0.044356 0.200629 -0.038427 -0.103497 0.026643 0.057454 -0.057768 0.282324 -0.107863 0.016290 -0.125561 -0.041771 0.193368 -0.024272 -0.108900 0.021002 0.068081 -0.045543 0.103102 -0.187503 -0.006119 -0.041168 0.168713 0.115370 -0.130869 -0.068243 0.110163 0.063410 -0.018800 0.019644 -0.165692 -0.041363 -0.031246 0.131734 0.017016 -0.098204 -0.075021 -0.001712 -0.034534 0.039828 -0.057288 -0.150394 -0.069825 -0.013365 0.052527 0.041940 0.018703 -0.024979 0.029388 -0.065924 0.009233 0.029744 0.097613 0.152998 0.111702 0.018561 -0.009899 -0.033835 -0.140346 -0.060576 -0.077038 0.178386 
2 1 0.065672 6.714428 -4.077400 11 11 5 -0.058165 -0.061465 -0.074613 -0.111231 -0.046340 -0.002688 0.051902 0.078688 0.061761 -0.048143 -0.037283 -0.094390 0.018525 -0.058747 -0.288255 -0.248635 0.000767 0.087466 0.048975 0.022350 -0.029887 -0.090596 -0.020297 0.153144 0.124388 -0.110967 -0.228288 0.057423 0.106198 0.053379 0.051760 -0.013411 -0.034495 0.021334 0.123008 0.064834 -0.047629 -0.189709 0.059383 0.063072 0.014434 0.064126 -0.009635 0.003442 0.054471 0.132272 0.086410 0.036461 -0.138523 0.103784 0.116771 0.012284 0.049637 -0.006121 0.007779 0.015200 0.111605 0.046494 0.011841 -0.219207 -0.008632 0.104540 -0.032276 -0.017536 -0.043056 -0.003107 0.023316 0.137801 0.045356 0.042087 -0.197436 -0.019573 0.107560 -0.036442 -0.006536 -0.048954 0.007805 0.033395 0.120696 0.039793 0.052686 -0.113412 0.087574 0.110936 -0.015941 0.042619 -0.049747 0.016729 0.046318 0.121400 0.041108 -0.017075 -0.147210 0.081875 0.093490 0.027634 0.090392 -0.027887 0.012320 -0.018981 0.114595 0.028815 -0.185653 -0.278599 0.027970 0.067476 0.009155 0.048005 -0.017922 -0.051151 -0.088043 -0.009343 -0.064033 -0.181957 -0.146376 0.057815 0.103691 0.030106 0.066251 0.017236 -0.078316 
3 11 11 2 2 0 0.177400 8.831716 -4.251668 11 11 5 0.114874 0.080859 0.068775 -0.041075 -0.061545 -0.056367 -0.094200 -0.024463 0.085384 0.104677 0.017028 -0.004300 0.054934 0.039597 0.059215 0.048601 -0.049895 -0.113990 -0.077016 -0.015051 -0.018288 0.077754 -0.111301 0.033747 -0.001164 0.070318 -0.008869 -0.053711 -0.039486 -0.067163 0.011886 -0.015386 0.089793 -0.177996 -0.048096 0.002481 0.150800 -0.044086 -0.130883 -0.007297 0.002328 -0.007702 -0.076222 0.054926 -0.035200 -0.046238 0.053572 0.189747 0.015004 -0.177423 0.008029 0.190836 0.039119 -0.079979 0.048778 0.095240 -0.117231 -0.062004 0.045461 0.171691 -0.129275 -0.108250 0.167577 -0.008041 -0.151160 0.040751 0.118383 -0.128596 -0.070093 0.047993 0.175418 -0.137171 -0.110031 0.177041 0.006016 -0.141626 0.059282 -0.031774 -0.096474 0.041652 0.190558 0.032009 -0.169549 0.020384 0.195316 0.025454 -0.092491 0.041827 -0.105495 -0.046517 0.033431 0.132075 -0.047173 -0.142024 -0.041599 -0.007023 -0.004205 -0.019599 0.073835 -0.193699 -0.052779 0.004851 0.071738 0.042036 -0.025972 -0.006542 -0.036868 -0.025046 -0.039356 0.046603 0.140143 0.150332 0.076637 0.017081 0.030988 -0.110084 -0.178251 -0.092514 0.050423 0.058058 0.119557 
2 1 0.062338 6.398349 -4.061878 11 11 5 -0.162747 -0.033055 -0.123484 -0.049985 0.053292 0.078144 0.096235 0.064622 -0.041064 -0.145023 0.040162 -0.019429 -0.066687 -0.314277 -0.126258 0.091530 0.074741 0.059599 0.057588 -0.016434 -0.157443 -0.121322 0.052511 0.123868 -0.209346 -0.099589 0.146339 0.066968 0.038856 0.060337 -0.007544 -0.069974 -0.032667 0.034017 0.129384 -0.153050 -0.095888 0.143865 0.022880 0.035871 0.086463 0.013154 -0.047249 -0.002862 0.037759 0.147045 -0.059086 -0.052133 0.169781 0.046951 0.007138 0.080431 0.006919 -0.019275 0.023684 0.022360 0.122597 -0.075539 -0.138827 0.096523 0.022774 -0.040715 0.008303 -0.032271 -0.009436 0.010375 0.020878 0.146279 -0.044474 -0.120438 0.107576 0.031135 -0.020147 0.002070 -0.046772 -0.006407 0.010198 0.040927 0.127222 -0.057765 -0.061845 0.136587 0.036406 0.021361 0.048271 -0.024664 -0.001423 -0.005640 0.024441 0.106974 -0.094958 -0.070281 0.163160 0.040631 0.044907 0.091863 0.001814 -0.015239 0.011481 0.038679 0.046456 -0.254117 -0.139203 0.137663 0.046198 0.007772 0.047826 -0.012251 -0.069127 -0.086885 -0.094314 -0.014379 -0.223694 -0.072694 0.115262 0.068250 0.068804 0.101701 -0.008371 -0.158663 -0.039449 
3 11 11 2 2 0 0.169456 9.911836 -4.291732 11 11 5 0.158688 0.030913 -0.006532 -0.139598 -0.097854 -0.012942 0.052740 0.096051 0.086746 0.100998 -0.171936 0.035368 0.052434 0.023515 0.082111 -0.043630 -0.171501 -0.115333 -0.030094 0.038444 0.015230 0.130258 -0.101065 0.065132 -0.047573 0.076070 -0.040636 -0.099819 -0.031939 -0.032871 0.048702 0.012369 0.039604 -0.153767 0.079751 0.016751 0.044900 -0.111367 -0.092192 0.034009 -0.020237 -0.036063 -0.044122 0.104640 -0.094192 0.067728 0.063230 0.098161 -0.032884 -0.070922 0.115817 0.110000 -0.055458 -0.119993 0.142955 -0.032548 0.004724 -0.020059 0.076472 0.059463 -0.136980 0.012743 0.126571 -0.126871 -0.193271 0.153556 -0.003127 -0.012482 -0.038750 0.031485 0.062714 -0.146413 0.025663 0.156625 -0.122266 -0.153345 0.169890 -0.093873 0.030885 0.077510 0.106454 0.020027 -0.071595 0.104334 0.096931 -0.100399 -0.106021 0.137936 -0.127492 0.064717 -0.012422 0.019248 -0.113235 -0.120260 0.032762 0.026143 0.012664 -0.015680 0.079411 -0.160850 0.057721 -0.003807 0.136787 0.007879 -0.085394 -0.051203 -0.057628 -0.016007 -0.016791 0.089663 0.167627 0.112619 -0.010746 -0.021263 -0.150801 -0.172972 -0.059888 0.043756 0.127057 0.142517 -0.068912 
2 1 0.059222 5.683235 -4.082650 11 11 5 -0.200205 -0.030632 -0.041267 0.036899 0.087234 0.096400 0.088400 -0.067165 -0.179999 -0.137655 0.120376 -0.049095 -0.147806 -0.156191 0.101801 0.163960 0.049827 0.044435 -0.000476 -0.107999 -0.304387 -0.098573 0.028575 -0.099244 -0.127946 0.144918 0.159858 -0.007827 0.001035 -0.013161 -0.008369 -0.071151 -0.059700 0.039741 -0.024674 -0.089251 0.160643 0.157937 0.019797 0.038278 -0.043175 -0.015574 0.015488 -0.047439 0.064603 0.042827 -0.048552 0.150131 0.139198 0.044071 0.043425 -0.074507 -0.008959 0.066942 -0.008103 0.043308 0.040252 -0.088367 0.060803 0.052943 0.005236 -0.014404 -0.117714 -0.022998 0.072130 -0.006623 0.055084 0.057142 -0.088687 0.057127 0.053782 0.001120 0.002101 -0.115416 -0.025290 0.088134 0.011297 0.048446 0.040161 -0.047789 0.113835 0.137215 0.034603 0.041859 -0.080491 -0.018611 0.064587 -0.029081 0.017571 0.011320 -0.047202 0.115965 0.144845 0.028382 0.035834 -0.034289 -0.031797 0.042923 -0.003965 0.017706 -0.094289 -0.111701 0.110664 0.149856 0.000963 -0.008365 -0.011780 -0.037067 -0.146982 -0.145116 -0.140953 -0.096771 -0.082469 0.140736 0.150326 0.039897 0.049483 -0.009572 -0.134230 -0.247171 0.063840 
3 11 11 2 2 0 0.152212 9.383471 -4.329970 11 11 5 0.149392 -0.178890 -0.039735 -0.024301 0.062102 0.123687 0.107406 0.084800 -0.084664 0.130536 -0.366958 0.076060 0.049202 -0.082711 -0.197450 -0.158190 -0.028006 0.053900 0.054177 0.024371 0.042925 0.128143 -0.031503 0.066023 -0.069794 -0.061080 -0.054986 0.032005 0.037766 0.004933 0.001508 0.094006 -0.084300 -0.008741 0.028146 -0.092726 -0.071409 -0.016192 -0.034956 -0.056757 0.000637 0.016199 0.090128 0.007376 0.057895 0.057483 -0.025992 -0.006941 0.128164 0.024018 -0.112559 0.009368 0.004135 0.100898 0.028348 -0.029066 0.048052 0.021333 -0.118333 0.092770 0.056134 -0.214144 -0.061286 0.005874 0.122895 0.059992 -0.047206 0.047807 0.002806 -0.095328 0.099600 0.079111 -0.199159 -0.031130 0.037668 0.088718 0.028453 0.007549 0.096318 0.001931 -0.005667 0.089915 0.014080 -0.143946 -0.009072 0.023433 0.088477 0.079687 -0.052205 0.005334 -0.117674 -0.051782 -0.003408 0.014445 0.017345 0.014079 0.038499 0.065362 -0.058180 0.013202 0.123153 -0.010159 -0.082239 -0.128545 -0.049890 0.006855 -0.015885 0.010663 0.069538 0.065332 0.161071 -0.085455 -0.140914 -0.182392 -0.045321 0.081473 0.141032 0.135955 -0.008965 0.114702 -0.270184 
2 1 0.063275 6.164028 -4.220882 11 11 5 -0.100588 -0.011280 0.054758 0.108284 0.052202 -0.113393 -0.248927 -0.129176 0.013023 0.109309 0.104236 -0.060764 0.113729 0.147417 0.080519 0.073569 0.041359 -0.128089 -0.280080 -0.175176 -0.014113 0.013659 -0.083687 0.092359 0.105904 -0.026662 -0.012203 -0.027329 0.003206 -0.012278 -0.150641 -0.055418 0.008568 -0.010064 0.117581 0.143726 0.019967 0.033374 -0.011289 0.021809 0.062585 -0.060735 -0.117222 -0.007388 0.043426 0.098307 0.132158 0.046691 0.008633 -0.029818 0.016603 0.099570 0.033989 -0.139443 -0.019666 0.035948 0.050709 0.074488 0.017379 -0.049412 -0.060801 0.012546 0.118107 0.060787 -0.173188 -0.087162 0.028510 0.020873 0.067519 0.023420 -0.058088 -0.061101 0.006459 0.124268 0.072213 -0.146937 -0.085438 0.050202 0.077806 0.139418 0.065722 0.003287 -0.005421 0.028162 0.094452 0.025017 -0.147583 -0.044762 -0.013462 0.077691 0.108387 0.016362 0.002784 -0.002028 -0.006704 0.075055 -0.016269 -0.114192 0.016249 -0.026081 0.106886 0.156248 0.009333 0.006200 0.031822 0.006889 -0.105461 -0.220057 -0.126232 -0.042307 -0.124220 0.065156 0.098977 0.056426 0.045874 -0.052994 -0.195531 -0.218417 -0.076007 0.095264 0.111865 
3 11 11 2 2 0 0.148206 7.630037 -4.517362 11 11 5 0.064344 -0.001848 -0.024867 -0.120910 -0.259723 -0.209417 0.019981 0.030101 0.049333 -0.007950 0.102265 0.012195 0.059257 0.123385 0.184865 0.080585 -0.033668 -0.026718 -0.042442 0.020598 -0.052875 0.025651 -0.061530 0.079772 0.014793 0.052192 0.002901 -0.111078 -0.105961 -0.058619 0.024271 -0.027838 0.048995 -0.118123 0.121709 0.037042 0.111544 0.122918 -0.022082 -0.111949 -0.069283 0.007278 -0.035122 0.014098 -0.152779 0.162650 0.034227 0.072969 0.093402 0.002037 -0.101023 -0.071777 0.037750 0.029392 0.017937 -0.175384 0.176188 0.046809 0.028561 0.050931 0.037123 -0.163024 -0.170725 0.018246 0.000972 -0.011931 -0.168718 0.145163 0.034488 0.003181 0.044861 0.064833 -0.118621 -0.118146 0.057387 0.041271 0.016330 -0.166177 0.134861 0.093858 0.100347 0.114441 0.050018 -0.085623 -0.052457 0.071906 0.031681 -0.003660 -0.064032 0.123368 0.054553 0.033662 -0.002614 -0.094136 -0.158006 -0.077380 0.047408 -0.020243 0.019460 -0.019131 0.048052 0.015893 0.142823 0.156649 0.026724 -0.103176 -0.093706 0.043815 -0.052128 0.000057 0.033163 0.077800 0.024279 0.013616 -0.201747 -0.253778 -0.040441 0.009225 0.046066 -0.024229 0.126285 
2 1 0.071109 4.743382 -4.024578 11 11 5 -0.226850 -0.028885 0.055025 0.164428 0.079766 -0.067444 -0.082425 -0.035814 -0.028574 -0.003998 -0.009811 -0.100687 -0.087684 -0.054264 0.064707 0.152574 0.096503 0.013468 0.016103 0.043046 0.045917 0.016311 -0.025259 -0.135995 -0.109879 0.018760 0.152500 0.120232 0.000272 -0.034368 0.020488 -0.010323 -0.022960 0.041356 -0.070673 -0.189293 -0.016957 0.141072 0.174062 0.055301 -0.051243 0.030171 -0.007954 -0.035300 0.080348 0.013870 -0.188168 -0.089841 0.067151 0.165541 0.076672 -0.071555 0.024590 -0.014600 -0.045647 0.074328 -0.000062 -0.176316 -0.129953 0.012779 0.175245 0.103551 -0.037695 -0.006401 -0.032913 -0.014421 0.076804 -0.011579 -0.183963 -0.124387 0.037320 0.172791 0.087907 -0.024558 -0.007919 -0.040664 -0.010257 0.085526 -0.008604 -0.192208 -0.079842 0.077647 0.188216 0.077972 -0.030051 -0.003936 -0.017580 -0.030103 0.044527 -0.076473 -0.132079 0.015811 0.110725 0.135782 0.023817 -0.030532 -0.014922 0.006225 -0.039602 0.004368 -0.136972 -0.109110 0.018061 0.120827 0.124041 0.053862 0.002231 -0.004471 0.028575 0.008073 -0.275841 -0.102768 0.010611 0.147700 0.153200 0.002833 -0.082784 -0.088909 -0.024701 0.019406 -0.001969 
