# scaling factor of training
0.500000
# number of views
1
# centers of the views
3
1
6
0.000000000 
0.000000000 
0.000000000 
# visibility indices per view
29
1
4
1 
1 
1 
1 
1 
1 
1 
1 
1 
1 
1 
1 
1 
1 
1 
1 
1 
1 
1 
1 
1 
1 
1 
1 
1 
1 
1 
1 
1 
# Patches themselves (1 line patches of a vertex)
3 11 11 2 2 0 0.065903 7.934001 -4.249043 11 11 5 -0.091572 0.063261 -0.022306 0.026141 -0.019378 -0.051086 -0.027712 0.011389 -0.017746 0.037064 -0.040767 -0.049639 -0.003413 -0.028214 -0.020175 0.010649 0.043902 0.018730 0.027614 -0.012832 -0.041088 0.058728 -0.068927 0.032606 -0.000946 0.030459 0.026688 0.013279 -0.025788 0.003470 0.013354 -0.046286 0.023713 -0.053662 0.030278 -0.044618 -0.028497 -0.014914 0.045132 0.037794 -0.038612 -0.005879 -0.026185 0.038703 -0.089598 0.005925 -0.026320 0.042075 0.102064 0.114060 0.038975 -0.030603 -0.002890 -0.062508 0.054589 -0.054537 0.007219 -0.016963 0.062120 0.156648 0.032528 -0.038458 -0.003478 0.028095 -0.091970 0.103322 -0.013666 0.006032 0.048890 0.080527 0.018389 -0.199369 -0.155354 -0.048667 0.049503 -0.007753 0.082322 0.030689 0.017264 0.135228 0.067360 -0.163529 -0.304321 -0.078151 0.039831 0.065270 0.015245 0.050699 0.104358 0.079825 0.100282 -0.069357 -0.179382 -0.174052 0.063643 0.125075 0.084783 -0.017247 0.007409 0.103643 0.041613 0.000661 -0.131604 -0.071578 -0.022622 0.054037 0.074819 0.008179 0.035906 0.050894 0.326715 -0.132158 -0.011179 -0.079696 -0.097656 -0.012997 0.132302 0.125668 -0.033558 0.124853 -0.491028 
2 1 0.023175 3.212632 -3.844954 11 11 5 -0.135738 0.056148 -0.085704 -0.069310 -0.086146 -0.038296 0.014989 -0.006121 -0.081077 0.110932 -0.111689 0.006680 0.060063 0.067464 0.056251 -0.000202 0.030241 -0.002077 0.018323 0.012811 0.067369 -0.058726 -0.100049 -0.000506 0.042058 0.032032 -0.012244 -0.022971 -0.078029 -0.016822 0.015890 0.055129 -0.030244 0.016974 -0.045468 -0.024012 -0.018831 -0.054407 -0.048740 -0.005309 0.025862 -0.018869 0.010363 -0.017465 0.051817 -0.025265 -0.015328 -0.100322 -0.117899 -0.041734 0.021554 0.006725 -0.023749 -0.042891 -0.030699 0.029479 -0.041669 -0.108700 -0.137994 0.035786 0.070899 -0.022582 0.017113 -0.008751 -0.014683 -0.080033 0.054535 -0.095961 -0.097356 0.022254 0.182007 -0.003385 -0.037204 0.078267 -0.012208 0.005751 -0.128438 0.018422 -0.084953 0.099056 0.251110 0.130348 0.008149 0.123089 0.175163 -0.035156 -0.037846 -0.121023 -0.120866 -0.111054 0.106270 0.139492 -0.018242 -0.030243 0.120422 0.010239 -0.216153 -0.118519 -0.065200 -0.083679 0.090793 0.228544 0.274105 0.193151 0.217004 0.140745 0.008004 -0.054219 0.084361 0.133133 -0.212438 0.001797 0.074320 -0.007382 -0.050800 -0.016383 -0.142609 -0.143743 -0.110929 0.155041 0.078817 
3 11 11 2 2 0 0.065903 7.934001 -4.249043 11 11 5 0.326715 -0.132158 -0.011179 -0.079696 -0.097656 -0.012997 0.132302 0.125668 -0.033558 0.124853 -0.491028 0.103643 0.041613 0.000661 -0.131604 -0.071578 -0.022622 0.054037 0.074819 0.008179 0.035906 0.050894 0.104358 0.079825 0.100282 -0.069357 -0.179382 -0.174052 0.063643 0.125075 0.084783 -0.017247 0.007409 0.030689 0.017264 0.135228 0.067360 -0.163529 -0.304321 -0.078151 0.039831 0.065270 0.015245 0.050699 -0.013666 0.006032 0.048890 0.080527 0.018389 -0.199369 -0.155354 -0.048667 0.049503 -0.007753 0.082322 -0.054537 0.007219 -0.016963 0.062120 0.156648 0.032528 -0.038458 -0.003478 0.028095 -0.091970 0.103322 -0.089598 0.005925 -0.026320 0.042075 0.102064 0.114060 0.038975 -0.030603 -0.002890 -0.062508 0.054589 -0.053662 0.030278 -0.044618 -0.028497 -0.014914 0.045132 0.037794 -0.038612 -0.005879 -0.026185 0.038703 -0.068927 0.032606 -0.000946 0.030459 0.026688 0.013279 -0.025788 0.003470 0.013354 -0.046286 0.023713 -0.049639 -0.003413 -0.028214 -0.020175 0.010649 0.043902 0.018730 0.027614 -0.012832 -0.041088 0.058728 -0.091572 0.063261 -0.022306 0.026141 -0.019378 -0.051086 -0.027712 0.011389 -0.017746 0.037064 -0.040767 
2 1 0.023175 3.212632 -3.844954 11 11 5 -0.212438 0.001797 0.074320 -0.007382 -0.050800 -0.016383 -0.142609 -0.143743 -0.110929 0.155041 0.078817 -0.083679 0.090793 0.228544 0.274105 0.193151 0.217004 0.140745 0.008004 -0.054219 0.084361 0.133133 -0.120866 -0.111054 0.106270 0.139492 -0.018242 -0.030243 0.120422 0.010239 -0.216153 -0.118519 -0.065200 0.018422 -0.084953 0.099056 0.251110 0.130348 0.008149 0.123089 0.175163 -0.035156 -0.037846 -0.121023 0.054535 -0.095961 -0.097356 0.022254 0.182007 -0.003385 -0.037204 0.078267 -0.012208 0.005751 -0.128438 0.029479 -0.041669 -0.108700 -0.137994 0.035786 0.070899 -0.022582 0.017113 -0.008751 -0.014683 -0.080033 0.051817 -0.025265 -0.015328 -0.100322 -0.117899 -0.041734 0.021554 0.006725 -0.023749 -0.042891 -0.030699 0.016974 -0.045468 -0.024012 -0.018831 -0.054407 -0.048740 -0.005309 0.025862 -0.018869 0.010363 -0.017465 -0.100049 -0.000506 0.042058 0.032032 -0.012244 -0.022971 -0.078029 -0.016822 0.015890 0.055129 -0.030244 0.006680 0.060063 0.067464 0.056251 -0.000202 0.030241 -0.002077 0.018323 0.012811 0.067369 -0.058726 -0.135738 0.056148 -0.085704 -0.069310 -0.086146 -0.038296 0.014989 -0.006121 -0.081077 0.110932 -0.111689 
3 11 11 2 2 0 0.164431 10.528533 -5.840105 11 11 5 0.248326 0.001621 0.002269 -0.091633 -0.048366 -0.007360 0.021387 0.013557 -0.076816 -0.086717 -0.177631 0.046765 -0.059669 -0.034240 -0.133762 -0.090753 -0.071076 0.048822 -0.018719 -0.035979 -0.000324 0.106682 0.200667 0.077712 0.022552 -0.184307 -0.122887 -0.096629 0.053610 0.022647 0.012509 -0.046798 -0.047611 0.106193 0.040971 0.120135 -0.106596 -0.186278 -0.167371 0.005481 0.069808 0.011450 -0.011095 0.000038 0.120542 0.023024 0.124354 -0.048700 -0.213548 -0.224116 -0.061277 0.084728 0.018962 -0.075459 0.015307 0.126708 -0.000784 0.063785 0.068251 -0.045205 -0.200386 -0.150976 0.012459 0.048915 -0.013610 0.099250 0.062090 0.005109 0.056635 0.169274 0.131348 -0.057612 -0.106254 -0.054594 -0.044841 -0.057872 0.004506 0.021022 0.004779 0.025847 0.108212 0.075962 0.040646 0.024881 -0.010210 -0.083775 -0.101987 -0.124661 -0.032942 0.037549 0.005178 0.059687 0.025477 0.108612 0.084636 0.025957 -0.012174 -0.000490 -0.013407 -0.089760 0.076724 -0.001978 0.062019 0.014405 0.056987 0.044688 -0.005683 -0.011115 -0.043607 -0.174355 -0.116774 0.007424 -0.040902 0.059246 0.026775 0.045079 0.039250 0.070455 0.106523 0.074346 0.320859 
2 1 0.116559 6.810648 -4.456025 11 11 5 -0.044155 0.042138 0.094102 0.048646 -0.063524 -0.075689 -0.027393 0.011083 -0.018088 0.067850 -0.024649 -0.016591 0.092437 0.189170 0.161269 0.046980 -0.008673 -0.006967 0.006886 0.039862 0.092032 0.102864 -0.084208 0.031492 0.167558 0.130046 0.006870 -0.062771 -0.039825 -0.054580 -0.040497 0.018415 0.000808 -0.072441 -0.006310 0.166431 0.198770 0.095834 -0.037873 -0.038361 -0.031130 -0.023925 0.021514 0.010019 -0.077749 -0.093731 0.122982 0.181276 0.146337 -0.017129 -0.107186 -0.085187 -0.031559 0.011558 -0.018527 -0.057005 -0.160877 0.081274 0.153537 0.201416 0.091013 -0.030896 -0.085674 -0.069223 -0.002394 -0.039870 -0.009573 -0.207654 -0.020805 0.026103 0.140524 0.132380 0.060811 -0.035368 -0.080089 -0.011638 -0.044017 0.029862 -0.208293 -0.057952 -0.077362 0.022770 0.061464 0.044903 0.043849 -0.012898 0.038939 -0.013750 0.082077 -0.162481 -0.038232 -0.089694 0.022439 0.052444 0.052852 0.078366 0.046934 0.060400 -0.004744 -0.042143 -0.285169 -0.159297 -0.239676 -0.199893 -0.163945 -0.076642 0.021757 0.023022 0.041050 0.022185 0.092866 -0.104705 0.079283 -0.010915 -0.022564 -0.071168 -0.046535 -0.022161 0.008441 0.016957 0.038878 
3 11 11 2 2 0 0.164431 10.528533 -5.840105 11 11 5 -0.116774 0.007424 -0.040902 0.059246 0.026775 0.045079 0.039250 0.070455 0.106523 0.074346 0.320859 -0.089760 0.076724 -0.001978 0.062019 0.014405 0.056987 0.044688 -0.005683 -0.011115 -0.043607 -0.174355 -0.032942 0.037549 0.005178 0.059687 0.025477 0.108612 0.084636 0.025957 -0.012174 -0.000490 -0.013407 0.021022 0.004779 0.025847 0.108212 0.075962 0.040646 0.024881 -0.010210 -0.083775 -0.101987 -0.124661 0.062090 0.005109 0.056635 0.169274 0.131348 -0.057612 -0.106254 -0.054594 -0.044841 -0.057872 0.004506 0.126708 -0.000784 0.063785 0.068251 -0.045205 -0.200386 -0.150976 0.012459 0.048915 -0.013610 0.099250 0.120542 0.023024 0.124354 -0.048700 -0.213548 -0.224116 -0.061277 0.084728 0.018962 -0.075459 0.015307 0.106193 0.040971 0.120135 -0.106596 -0.186278 -0.167371 0.005481 0.069808 0.011450 -0.011095 0.000038 0.200667 0.077712 0.022552 -0.184307 -0.122887 -0.096629 0.053610 0.022647 0.012509 -0.046798 -0.047611 0.046765 -0.059669 -0.034240 -0.133762 -0.090753 -0.071076 0.048822 -0.018719 -0.035979 -0.000324 0.106682 0.248326 0.001621 0.002269 -0.091633 -0.048366 -0.007360 0.021387 0.013557 -0.076816 -0.086717 -0.177631 
2 1 0.116559 6.810648 -4.456025 11 11 5 0.092866 -0.104705 0.079283 -0.010915 -0.022564 -0.071168 -0.046535 -0.022161 0.008441 0.016957 0.038878 -0.042143 -0.285169 -0.159297 -0.239676 -0.199893 -0.163945 -0.076642 0.021757 0.023022 0.041050 0.022185 0.082077 -0.162481 -0.038232 -0.089694 0.022439 0.052444 0.052852 0.078366 0.046934 0.060400 -0.004744 0.029862 -0.208293 -0.057952 -0.077362 0.022770 0.061464 0.044903 0.043849 -0.012898 0.038939 -0.013750 -0.009573 -0.207654 -0.020805 0.026103 0.140524 0.132380 0.060811 -0.035368 -0.080089 -0.011638 -0.044017 -0.057005 -0.160877 0.081274 0.153537 0.201416 0.091013 -0.030896 -0.085674 -0.069223 -0.002394 -0.039870 -0.077749 -0.093731 0.122982 0.181276 0.146337 -0.017129 -0.107186 -0.085187 -0.031559 0.011558 -0.018527 -0.072441 -0.006310 0.166431 0.198770 0.095834 -0.037873 -0.038361 -0.031130 -0.023925 0.021514 0.010019 -0.084208 0.031492 0.167558 0.130046 0.006870 -0.062771 -0.039825 -0.054580 -0.040497 0.018415 0.000808 -0.016591 0.092437 0.189170 0.161269 0.046980 -0.008673 -0.006967 0.006886 0.039862 0.092032 0.102864 -0.044155 0.042138 0.094102 0.048646 -0.063524 -0.075689 -0.027393 0.011083 -0.018088 0.067850 -0.024649 
3 11 11 2 2 0 0.163466 9.503327 -5.131856 11 11 5 -0.015184 -0.028278 -0.029971 -0.087283 -0.024019 0.200678 0.205781 0.015871 -0.116063 -0.053146 0.026958 0.005985 0.000932 -0.010042 0.022117 0.034482 0.021710 -0.063046 -0.067383 -0.043687 0.022659 -0.035262 -0.014252 0.010512 -0.021583 0.037647 0.053715 0.017248 -0.069273 -0.056269 -0.050262 0.033900 -0.001291 -0.062254 0.053785 0.020573 0.031351 0.073455 0.035695 -0.119346 -0.093630 -0.014359 0.104373 0.077022 -0.084935 0.026782 0.001549 0.014096 0.069696 0.057268 -0.165664 -0.139716 -0.016888 0.107947 0.057952 -0.046831 0.047520 0.000677 0.022812 0.093224 0.095407 -0.171909 -0.175630 -0.103009 0.054445 0.109925 -0.002412 0.071000 0.021613 0.041136 0.098190 0.158712 -0.095406 -0.160054 -0.126015 0.032649 0.094509 -0.015980 0.020837 0.017231 -0.004907 0.020325 0.152928 -0.070384 -0.187402 -0.098458 0.020048 0.045572 0.015482 0.072166 0.060028 0.023952 0.052941 0.183880 0.039249 -0.138586 -0.101363 -0.054027 -0.006960 -0.036037 0.033483 -0.005877 -0.037581 -0.042237 -0.036703 -0.100381 -0.173843 -0.105760 0.030299 0.050183 -0.077162 0.049845 0.054719 0.112848 0.169623 0.245478 0.281988 0.057682 -0.218726 -0.151937 -0.165683 
2 1 0.138474 5.645315 -4.476043 11 11 5 0.007953 0.029006 0.017023 0.033385 -0.038104 -0.050854 0.020037 0.006106 0.003986 0.035935 -0.076897 -0.030357 -0.036818 -0.005652 -0.036180 -0.062618 -0.005097 0.075100 0.067986 0.017553 0.026309 0.028749 -0.009594 -0.012508 0.058109 -0.026098 -0.025467 0.043824 0.046289 0.003101 -0.032819 0.006120 0.005522 -0.019284 -0.078583 -0.035225 -0.118494 -0.047288 0.117024 0.082566 -0.013940 -0.007760 0.012013 0.020408 -0.001100 -0.107830 -0.055623 -0.101941 0.001603 0.174663 0.122271 -0.054225 -0.018291 0.009553 0.024102 0.028857 -0.155897 -0.071065 -0.067551 0.003472 0.170069 0.168924 -0.057589 -0.048511 0.065278 0.035650 0.041410 -0.170161 -0.082011 -0.079398 -0.005888 0.156304 0.231861 -0.025239 -0.097792 0.069390 0.033504 0.003812 -0.162461 -0.110493 -0.118618 -0.021313 0.134895 0.255176 0.060554 -0.100170 0.033271 0.046390 0.025439 -0.080995 -0.060653 -0.108073 0.000548 0.116815 0.200519 0.116763 -0.063188 -0.017658 -0.014185 -0.096474 -0.163827 -0.198188 -0.252467 -0.092082 0.133478 0.209254 0.152528 0.014340 0.017989 0.050008 0.038334 -0.006239 -0.006536 -0.132347 -0.135804 -0.011831 0.155813 0.177884 0.035019 -0.032348 -0.124148 
3 11 11 2 2 0 0.179143 8.663191 -4.816760 11 11 5 -0.154200 0.134176 0.179304 0.115458 -0.042258 -0.126480 -0.103041 0.010553 0.030397 0.029873 0.134382 -0.027327 0.036527 -0.019362 -0.051127 -0.049592 -0.015109 0.021938 0.051890 0.003909 -0.035978 -0.139067 0.054511 0.053648 0.014351 -0.019815 -0.057863 -0.051004 0.032736 0.048364 0.024299 0.061186 -0.077843 0.043095 0.007933 -0.050946 -0.053471 -0.072359 -0.054672 0.120600 0.096230 0.036192 0.037436 -0.099574 0.043839 0.045938 -0.019724 -0.065444 -0.101460 -0.078748 0.161456 0.125045 0.003141 -0.013664 -0.055219 0.020394 0.067350 0.040135 -0.038431 -0.143119 -0.159886 0.162711 0.177000 -0.040286 -0.024970 -0.040253 0.064505 0.086337 0.046757 -0.038513 -0.157503 -0.224584 0.111790 0.197453 -0.048257 -0.001698 -0.092179 0.049352 0.077449 0.036414 -0.030877 -0.087228 -0.182712 0.063912 0.162369 -0.007009 0.044285 -0.140723 0.039457 0.072615 0.059206 0.004864 -0.058409 -0.178099 -0.027890 0.091188 0.000170 0.046306 -0.053369 0.009836 -0.005385 -0.024321 -0.057028 -0.109760 -0.132754 0.011055 0.113274 0.039071 0.018255 -0.022864 0.174372 0.126084 0.155025 0.190280 0.033217 -0.191022 -0.207257 -0.071058 -0.039867 -0.096041 0.017808 
2 1 0.075499 5.454078 -3.977455 11 11 5 0.016484 -0.170976 0.053452 0.022246 -0.055024 -0.026907 0.005908 0.042025 -0.067853 0.030900 -0.125963 -0.023631 -0.138859 0.055187 0.023534 -0.014807 0.008254 0.010852 0.009431 -0.045636 0.047198 -0.005680 0.019445 -0.073010 0.080568 -0.023271 -0.079067 -0.016613 0.000511 0.002898 -0.057743 0.041993 -0.008628 -0.065802 -0.069835 0.093421 -0.006643 -0.093730 0.024521 0.026042 -0.022366 -0.039415 0.059142 0.032255 -0.060212 -0.024330 0.130239 0.028940 -0.130879 0.064894 0.056305 -0.068678 -0.042106 0.069121 0.032057 -0.074572 -0.016035 0.173669 0.085930 -0.183537 0.042626 0.126265 -0.079533 -0.056316 0.062533 0.039977 -0.065007 -0.053950 0.195594 0.156572 -0.164344 -0.034814 0.157470 -0.064179 -0.054923 0.065958 0.015719 -0.112018 -0.087846 0.187914 0.207296 -0.052321 -0.123568 0.106576 -0.021805 -0.056792 0.094476 0.008990 -0.095392 -0.077984 0.160324 0.174763 0.060667 -0.138818 0.034919 -0.003429 -0.066499 0.087500 -0.012022 -0.166012 -0.136422 0.175219 0.207111 0.136146 -0.057130 0.000695 0.002485 -0.034789 0.069849 0.021863 -0.034645 -0.247901 0.042994 0.154654 0.163964 -0.037402 -0.082240 -0.037202 -0.129658 0.013437 -0.105214 
3 11 11 2 2 0 0.163466 9.503327 -5.131856 11 11 5 -0.077162 0.049845 0.054719 0.112848 0.169623 0.245478 0.281988 0.057682 -0.218726 -0.151937 -0.165683 -0.036037 0.033483 -0.005877 -0.037581 -0.042237 -0.036703 -0.100381 -0.173843 -0.105760 0.030299 0.050183 0.015482 0.072166 0.060028 0.023952 0.052941 0.183880 0.039249 -0.138586 -0.101363 -0.054027 -0.006960 -0.015980 0.020837 0.017231 -0.004907 0.020325 0.152928 -0.070384 -0.187402 -0.098458 0.020048 0.045572 -0.002412 0.071000 0.021613 0.041136 0.098190 0.158712 -0.095406 -0.160054 -0.126015 0.032649 0.094509 -0.046831 0.047520 0.000677 0.022812 0.093224 0.095407 -0.171909 -0.175630 -0.103009 0.054445 0.109925 -0.084935 0.026782 0.001549 0.014096 0.069696 0.057268 -0.165664 -0.139716 -0.016888 0.107947 0.057952 -0.062254 0.053785 0.020573 0.031351 0.073455 0.035695 -0.119346 -0.093630 -0.014359 0.104373 0.077022 -0.014252 0.010512 -0.021583 0.037647 0.053715 0.017248 -0.069273 -0.056269 -0.050262 0.033900 -0.001291 0.005985 0.000932 -0.010042 0.022117 0.034482 0.021710 -0.063046 -0.067383 -0.043687 0.022659 -0.035262 -0.015184 -0.028278 -0.029971 -0.087283 -0.024019 0.200678 0.205781 0.015871 -0.116063 -0.053146 0.026958 
2 1 0.138474 5.645315 -4.476043 11 11 5 0.038334 -0.006239 -0.006536 -0.132347 -0.135804 -0.011831 0.155813 0.177884 0.035019 -0.032348 -0.124148 -0.096474 -0.163827 -0.198188 -0.252467 -0.092082 0.133478 0.209254 0.152528 0.014340 0.017989 0.050008 0.025439 -0.080995 -0.060653 -0.108073 0.000548 0.116815 0.200519 0.116763 -0.063188 -0.017658 -0.014185 0.003812 -0.162461 -0.110493 -0.118618 -0.021313 0.134895 0.255176 0.060554 -0.100170 0.033271 0.046390 0.041410 -0.170161 -0.082011 -0.079398 -0.005888 0.156304 0.231861 -0.025239 -0.097792 0.069390 0.033504 0.028857 -0.155897 -0.071065 -0.067551 0.003472 0.170069 0.168924 -0.057589 -0.048511 0.065278 0.035650 -0.001100 -0.107830 -0.055623 -0.101941 0.001603 0.174663 0.122271 -0.054225 -0.018291 0.009553 0.024102 -0.019284 -0.078583 -0.035225 -0.118494 -0.047288 0.117024 0.082566 -0.013940 -0.007760 0.012013 0.020408 -0.009594 -0.012508 0.058109 -0.026098 -0.025467 0.043824 0.046289 0.003101 -0.032819 0.006120 0.005522 -0.030357 -0.036818 -0.005652 -0.036180 -0.062618 -0.005097 0.075100 0.067986 0.017553 0.026309 0.028749 0.007953 0.029006 0.017023 0.033385 -0.038104 -0.050854 0.020037 0.006106 0.003986 0.035935 -0.076897 
3 11 11 2 2 0 0.179143 8.663191 -4.816760 11 11 5 0.174372 0.126084 0.155025 0.190280 0.033217 -0.191022 -0.207257 -0.071058 -0.039867 -0.096041 0.017808 0.009836 -0.005385 -0.024321 -0.057028 -0.109760 -0.132754 0.011055 0.113274 0.039071 0.018255 -0.022864 0.039457 0.072615 0.059206 0.004864 -0.058409 -0.178099 -0.027890 0.091188 0.000170 0.046306 -0.053369 0.049352 0.077449 0.036414 -0.030877 -0.087228 -0.182712 0.063912 0.162369 -0.007009 0.044285 -0.140723 0.064505 0.086337 0.046757 -0.038513 -0.157503 -0.224584 0.111790 0.197453 -0.048257 -0.001698 -0.092179 0.020394 0.067350 0.040135 -0.038431 -0.143119 -0.159886 0.162711 0.177000 -0.040286 -0.024970 -0.040253 0.043839 0.045938 -0.019724 -0.065444 -0.101460 -0.078748 0.161456 0.125045 0.003141 -0.013664 -0.055219 0.043095 0.007933 -0.050946 -0.053471 -0.072359 -0.054672 0.120600 0.096230 0.036192 0.037436 -0.099574 0.054511 0.053648 0.014351 -0.019815 -0.057863 -0.051004 0.032736 0.048364 0.024299 0.061186 -0.077843 -0.027327 0.036527 -0.019362 -0.051127 -0.049592 -0.015109 0.021938 0.051890 0.003909 -0.035978 -0.139067 -0.154200 0.134176 0.179304 0.115458 -0.042258 -0.126480 -0.103041 0.010553 0.030397 0.029873 0.134382 
2 1 0.075499 5.454078 -3.977455 11 11 5 -0.034645 -0.247901 0.042994 0.154654 0.163964 -0.037402 -0.082240 -0.037202 -0.129658 0.013437 -0.105214 -0.166012 -0.136422 0.175219 0.207111 0.136146 -0.057130 0.000695 0.002485 -0.034789 0.069849 0.021863 -0.095392 -0.077984 0.160324 0.174763 0.060667 -0.138818 0.034919 -0.003429 -0.066499 0.087500 -0.012022 -0.112018 -0.087846 0.187914 0.207296 -0.052321 -0.123568 0.106576 -0.021805 -0.056792 0.094476 0.008990 -0.065007 -0.053950 0.195594 0.156572 -0.164344 -0.034814 0.157470 -0.064179 -0.054923 0.065958 0.015719 -0.074572 -0.016035 0.173669 0.085930 -0.183537 0.042626 0.126265 -0.079533 -0.056316 0.062533 0.039977 -0.060212 -0.024330 0.130239 0.028940 -0.130879 0.064894 0.056305 -0.068678 -0.042106 0.069121 0.032057 -0.065802 -0.069835 0.093421 -0.006643 -0.093730 0.024521 0.026042 -0.022366 -0.039415 0.059142 0.032255 0.019445 -0.073010 0.080568 -0.023271 -0.079067 -0.016613 0.000511 0.002898 -0.057743 0.041993 -0.008628 -0.023631 -0.138859 0.055187 0.023534 -0.014807 0.008254 0.010852 0.009431 -0.045636 0.047198 -0.005680 0.016484 -0.170976 0.053452 0.022246 -0.055024 -0.026907 0.005908 0.042025 -0.067853 0.030900 -0.125963 
3 11 11 2 2 0 0.213899 11.916526 -4.978239 11 11 5 0.043528 -0.023658 -0.013372 -0.001233 0.024719 0.074823 0.043399 0.007809 0.012352 -0.021879 0.035257 -0.052226 -0.027485 -0.016785 -0.011397 -0.016845 -0.011576 -0.000630 0.006386 0.010362 -0.014466 -0.012446 -0.038744 -0.038171 -0.022840 0.010700 0.024620 0.036626 0.035820 0.036784 0.028717 0.020974 0.033645 -0.009313 -0.041090 -0.001721 0.054709 0.060947 0.042545 -0.016941 0.022229 0.058500 0.017659 0.023505 0.009395 0.030197 0.045497 0.028310 0.034884 -0.032568 -0.098148 0.024066 0.098730 0.027924 0.070862 0.024362 0.077071 0.049117 0.026290 -0.022527 -0.239133 -0.240241 0.020275 0.087007 -0.008463 0.117050 0.023583 0.025277 0.032615 0.029388 -0.117753 -0.367271 -0.274788 0.010901 0.059540 -0.038680 0.126966 0.025119 0.006817 0.035207 -0.018518 -0.101422 -0.104429 -0.039349 -0.041718 -0.021580 -0.058660 0.092706 0.028906 0.024960 0.001568 -0.108352 -0.084189 0.137594 0.148792 -0.056300 -0.033104 -0.034439 0.066050 -0.026092 -0.006240 -0.020586 -0.008283 0.113891 0.304712 0.284036 0.080141 0.033476 -0.060495 -0.007806 0.058446 0.113673 -0.032544 -0.178113 -0.237949 -0.249778 -0.162994 -0.074345 0.049421 0.018621 0.129611 
2 1 0.083515 7.257806 -4.325015 11 11 5 -0.009642 -0.039236 -0.032289 -0.017552 -0.004833 -0.024601 -0.074981 -0.037980 0.031785 -0.031634 0.096256 0.061323 0.051526 0.004479 -0.096340 -0.092367 -0.063693 -0.055607 -0.069711 -0.005166 -0.109372 0.041228 0.010761 -0.005810 -0.029625 -0.087087 -0.044630 -0.010084 0.018740 -0.035286 -0.026783 -0.158774 0.098782 0.012755 -0.040400 -0.081913 -0.081599 0.002048 0.024563 0.111391 0.061263 -0.007540 -0.297628 0.001540 -0.002251 -0.082242 -0.080850 -0.050569 0.046923 0.036866 0.155784 0.172958 0.133502 -0.290070 -0.115488 -0.003483 -0.050860 -0.015982 0.040183 0.047842 -0.078180 0.124158 0.228621 0.158013 -0.183966 -0.097467 -0.028874 -0.020080 0.021824 0.082785 -0.038092 -0.146391 0.086700 0.158944 0.074833 -0.103761 -0.046683 -0.044374 -0.003383 0.039831 0.049587 0.037944 0.115036 0.157009 0.022858 -0.023646 -0.069063 -0.002034 -0.062317 -0.006486 0.014440 0.013284 0.077400 0.198480 0.086008 -0.077029 -0.096702 -0.115809 -0.027718 0.003749 0.042229 0.065228 0.096074 0.171195 0.223627 0.126970 0.055131 -0.012728 -0.064102 -0.006234 -0.102935 -0.008123 0.050722 -0.020446 -0.054571 0.041323 0.134297 0.113393 0.028351 -0.130077 -0.127314 
3 11 11 2 2 0 0.213899 11.916526 -4.978239 11 11 5 0.058446 0.113673 -0.032544 -0.178113 -0.237949 -0.249778 -0.162994 -0.074345 0.049421 0.018621 0.129611 -0.026092 -0.006240 -0.020586 -0.008283 0.113891 0.304712 0.284036 0.080141 0.033476 -0.060495 -0.007806 0.028906 0.024960 0.001568 -0.108352 -0.084189 0.137594 0.148792 -0.056300 -0.033104 -0.034439 0.066050 0.025119 0.006817 0.035207 -0.018518 -0.101422 -0.104429 -0.039349 -0.041718 -0.021580 -0.058660 0.092706 0.023583 0.025277 0.032615 0.029388 -0.117753 -0.367271 -0.274788 0.010901 0.059540 -0.038680 0.126966 0.024362 0.077071 0.049117 0.026290 -0.022527 -0.239133 -0.240241 0.020275 0.087007 -0.008463 0.117050 0.009395 0.030197 0.045497 0.028310 0.034884 -0.032568 -0.098148 0.024066 0.098730 0.027924 0.070862 -0.009313 -0.041090 -0.001721 0.054709 0.060947 0.042545 -0.016941 0.022229 0.058500 0.017659 0.023505 -0.038744 -0.038171 -0.022840 0.010700 0.024620 0.036626 0.035820 0.036784 0.028717 0.020974 0.033645 -0.052226 -0.027485 -0.016785 -0.011397 -0.016845 -0.011576 -0.000630 0.006386 0.010362 -0.014466 -0.012446 0.043528 -0.023658 -0.013372 -0.001233 0.024719 0.074823 0.043399 0.007809 0.012352 -0.021879 0.035257 
2 1 0.083515 7.257806 -4.325015 11 11 5 -0.102935 -0.008123 0.050722 -0.020446 -0.054571 0.041323 0.134297 0.113393 0.028351 -0.130077 -0.127314 0.003749 0.042229 0.065228 0.096074 0.171195 0.223627 0.126970 0.055131 -0.012728 -0.064102 -0.006234 -0.062317 -0.006486 0.014440 0.013284 0.077400 0.198480 0.086008 -0.077029 -0.096702 -0.115809 -0.027718 -0.044374 -0.003383 0.039831 0.049587 0.037944 0.115036 0.157009 0.022858 -0.023646 -0.069063 -0.002034 -0.028874 -0.020080 0.021824 0.082785 -0.038092 -0.146391 0.086700 0.158944 0.074833 -0.103761 -0.046683 -0.003483 -0.050860 -0.015982 0.040183 0.047842 -0.078180 0.124158 0.228621 0.158013 -0.183966 -0.097467 -0.002251 -0.082242 -0.080850 -0.050569 0.046923 0.036866 0.155784 0.172958 0.133502 -0.290070 -0.115488 0.012755 -0.040400 -0.081913 -0.081599 0.002048 0.024563 0.111391 0.061263 -0.007540 -0.297628 0.001540 0.010761 -0.005810 -0.029625 -0.087087 -0.044630 -0.010084 0.018740 -0.035286 -0.026783 -0.158774 0.098782 0.061323 0.051526 0.004479 -0.096340 -0.092367 -0.063693 -0.055607 -0.069711 -0.005166 -0.109372 0.041228 -0.009642 -0.039236 -0.032289 -0.017552 -0.004833 -0.024601 -0.074981 -0.037980 0.031785 -0.031634 0.096256 
3 11 11 2 2 0 0.172329 15.708510 -5.014923 11 11 5 0.143623 0.027035 -0.064998 -0.166922 -0.172729 -0.255434 -0.195738 0.006077 0.135362 0.025481 0.190721 -0.087610 0.021071 0.014291 -0.012208 0.059917 0.078886 0.017330 -0.001429 -0.012018 -0.066056 -0.034172 0.020774 0.031912 -0.058756 -0.066862 0.081609 0.193841 0.017634 0.041452 0.050734 -0.050038 0.077787 -0.037540 0.001237 -0.012306 -0.064436 0.052348 0.277836 0.097749 -0.043645 0.030009 -0.112257 0.045209 -0.035241 0.025862 0.001711 -0.105282 -0.150459 -0.023390 -0.006762 0.004880 0.024445 -0.056250 0.080795 -0.023980 0.005394 0.019623 0.030867 -0.123488 -0.307102 -0.248200 0.117810 0.098067 -0.054760 0.052092 -0.002850 0.007316 0.012768 0.071767 0.113746 -0.097608 -0.200346 0.026504 0.118564 -0.032215 0.048794 -0.026669 -0.039527 0.009718 -0.064427 0.045746 0.137420 0.056881 0.022388 0.033534 -0.055809 0.037202 0.076906 -0.029088 0.034363 0.007247 -0.029837 0.025568 0.087190 0.079091 0.033056 -0.036236 0.063515 -0.035555 -0.074910 -0.053000 -0.101191 -0.116151 -0.148016 -0.087031 -0.056535 -0.071993 -0.057925 -0.021834 0.179951 -0.025653 0.103103 0.066793 0.101708 0.071019 0.070804 0.030562 0.043855 0.022601 0.073324 
2 1 0.114401 6.437453 -4.346125 11 11 5 -0.081445 0.031587 0.015470 -0.077120 -0.060069 0.078962 0.198856 0.160789 0.024034 -0.232779 -0.144516 0.037280 0.066540 0.106904 0.114736 0.231959 0.243277 0.212948 0.084035 0.029542 -0.170590 -0.083329 -0.076948 -0.017982 0.047562 0.072341 0.158415 0.136082 0.053410 -0.007466 -0.088113 -0.228032 -0.036145 -0.025123 -0.039340 0.044495 0.137243 0.249078 0.157211 -0.041635 -0.138497 -0.130569 -0.206814 0.018708 -0.021726 -0.063120 -0.054710 0.002822 0.106529 0.105531 0.036484 -0.050176 -0.092213 -0.162151 0.042375 0.005070 -0.049548 -0.049294 -0.074361 -0.089657 -0.029782 0.145351 0.179551 -0.022429 -0.183099 0.016388 -0.002813 -0.031053 -0.092999 -0.124764 -0.066867 0.014378 0.121601 0.161848 -0.024039 -0.101256 0.045315 0.010212 -0.008931 -0.018048 -0.038803 -0.032301 0.012409 0.029868 0.013529 -0.051256 -0.016092 0.011642 0.002975 -0.032039 -0.035791 -0.063685 -0.035283 0.035393 0.006895 -0.045470 -0.025551 0.014849 0.026162 0.017645 -0.008443 0.008194 0.001263 -0.004421 0.015935 0.008830 -0.024189 -0.015298 -0.026871 -0.038960 -0.013693 -0.048467 -0.010610 -0.002232 0.006159 0.011776 -0.015186 -0.035927 0.010462 -0.030723 0.011931 
3 11 11 2 2 0 0.172329 15.708510 -5.014923 11 11 5 0.179951 -0.025653 0.103103 0.066793 0.101708 0.071019 0.070804 0.030562 0.043855 0.022601 0.073324 -0.035555 -0.074910 -0.053000 -0.101191 -0.116151 -0.148016 -0.087031 -0.056535 -0.071993 -0.057925 -0.021834 0.076906 -0.029088 0.034363 0.007247 -0.029837 0.025568 0.087190 0.079091 0.033056 -0.036236 0.063515 -0.026669 -0.039527 0.009718 -0.064427 0.045746 0.137420 0.056881 0.022388 0.033534 -0.055809 0.037202 -0.002850 0.007316 0.012768 0.071767 0.113746 -0.097608 -0.200346 0.026504 0.118564 -0.032215 0.048794 -0.023980 0.005394 0.019623 0.030867 -0.123488 -0.307102 -0.248200 0.117810 0.098067 -0.054760 0.052092 -0.035241 0.025862 0.001711 -0.105282 -0.150459 -0.023390 -0.006762 0.004880 0.024445 -0.056250 0.080795 -0.037540 0.001237 -0.012306 -0.064436 0.052348 0.277836 0.097749 -0.043645 0.030009 -0.112257 0.045209 0.020774 0.031912 -0.058756 -0.066862 0.081609 0.193841 0.017634 0.041452 0.050734 -0.050038 0.077787 -0.087610 0.021071 0.014291 -0.012208 0.059917 0.078886 0.017330 -0.001429 -0.012018 -0.066056 -0.034172 0.143623 0.027035 -0.064998 -0.166922 -0.172729 -0.255434 -0.195738 0.006077 0.135362 0.025481 0.190721 
2 1 0.114401 6.437453 -4.346125 11 11 5 -0.013693 -0.048467 -0.010610 -0.002232 0.006159 0.011776 -0.015186 -0.035927 0.010462 -0.030723 0.011931 0.017645 -0.008443 0.008194 0.001263 -0.004421 0.015935 0.008830 -0.024189 -0.015298 -0.026871 -0.038960 0.002975 -0.032039 -0.035791 -0.063685 -0.035283 0.035393 0.006895 -0.045470 -0.025551 0.014849 0.026162 0.010212 -0.008931 -0.018048 -0.038803 -0.032301 0.012409 0.029868 0.013529 -0.051256 -0.016092 0.011642 -0.002813 -0.031053 -0.092999 -0.124764 -0.066867 0.014378 0.121601 0.161848 -0.024039 -0.101256 0.045315 0.005070 -0.049548 -0.049294 -0.074361 -0.089657 -0.029782 0.145351 0.179551 -0.022429 -0.183099 0.016388 -0.021726 -0.063120 -0.054710 0.002822 0.106529 0.105531 0.036484 -0.050176 -0.092213 -0.162151 0.042375 -0.025123 -0.039340 0.044495 0.137243 0.249078 0.157211 -0.041635 -0.138497 -0.130569 -0.206814 0.018708 -0.076948 -0.017982 0.047562 0.072341 0.158415 0.136082 0.053410 -0.007466 -0.088113 -0.228032 -0.036145 0.037280 0.066540 0.106904 0.114736 0.231959 0.243277 0.212948 0.084035 0.029542 -0.170590 -0.083329 -0.081445 0.031587 0.015470 -0.077120 -0.060069 0.078962 0.198856 0.160789 0.024034 -0.232779 -0.144516 
3 11 11 2 2 0 0.215676 13.030727 -4.658788 11 11 5 0.092837 -0.055212 0.067361 0.050391 0.123064 0.113553 0.051207 -0.137160 -0.205128 -0.208546 0.121955 0.028005 -0.059678 0.006019 -0.049356 -0.045987 -0.054208 -0.055716 0.008404 0.141697 0.077706 -0.102882 0.030464 -0.019066 0.043685 0.021136 0.040977 -0.007365 -0.085188 -0.016080 0.160401 0.191284 0.095042 0.010642 -0.019688 0.014812 0.019371 0.070142 -0.021643 -0.134616 -0.077471 0.021650 -0.026647 0.179267 0.026517 0.010205 0.018301 0.007042 0.113986 -0.007640 -0.158758 -0.051179 -0.006938 -0.175670 0.144689 0.005162 -0.020849 0.029255 -0.003895 0.140828 0.023963 -0.145941 -0.016004 -0.017578 -0.206863 0.076475 -0.009242 -0.054123 0.025221 -0.012848 0.126703 0.029256 -0.126172 -0.029427 -0.097508 -0.247384 0.068748 -0.004742 -0.058410 0.009864 -0.020711 0.081580 0.019661 -0.119090 -0.005329 0.006210 -0.116989 0.131473 0.023000 -0.065912 0.003199 -0.033175 0.038250 0.040310 -0.102506 -0.083727 0.046100 -0.016189 0.067955 0.002000 -0.095799 0.027441 -0.000623 0.018541 0.035586 -0.064428 -0.023658 0.239844 0.249423 0.119058 0.226931 -0.119529 -0.025832 -0.051469 -0.026883 0.043127 0.027087 -0.080603 -0.055540 -0.077955 -0.065304 
2 1 0.053623 6.711741 -4.107875 11 11 5 -0.045617 0.018927 -0.071136 -0.019115 -0.003985 -0.002893 -0.048545 -0.095553 0.002083 0.033142 -0.082913 -0.047497 -0.024629 -0.122317 -0.075047 -0.029105 0.013184 0.060182 0.146721 0.159004 0.027108 -0.076278 -0.006664 0.013992 -0.059313 -0.054618 -0.012047 0.022723 0.014890 0.140359 0.136767 -0.006105 -0.119921 -0.020406 0.007497 -0.051754 -0.063168 -0.005122 0.072259 -0.018884 0.046118 0.144413 0.148440 -0.017299 0.011976 0.009878 -0.051934 -0.079734 0.019380 0.175211 -0.016241 -0.118939 -0.003205 0.169927 0.054749 0.023615 0.022659 -0.054813 -0.093518 -0.011205 0.205667 0.038734 -0.169283 -0.150845 0.075314 0.044063 0.017280 0.044875 -0.037808 -0.044536 -0.024516 0.199366 0.036990 -0.170708 -0.121072 0.088056 0.034058 -0.024663 0.046897 -0.066608 -0.052024 -0.073439 0.104475 -0.044968 -0.037724 0.056285 0.189068 0.026263 -0.016673 0.101792 -0.023454 0.007311 -0.047490 0.019804 0.005986 0.163482 0.190493 0.170632 -0.009423 -0.090157 0.005502 -0.149393 -0.107733 -0.158611 -0.134091 0.049485 0.212819 0.200475 0.026147 -0.128390 -0.005150 0.105952 0.001007 -0.006693 -0.101646 -0.166337 -0.201038 -0.093513 -0.011005 -0.009897 -0.075075 
3 11 11 2 2 0 0.210628 13.984457 -5.179499 11 11 5 0.241320 -0.068387 -0.062348 -0.203841 -0.194892 -0.105767 0.038821 0.066104 0.111116 0.024103 0.176834 -0.063204 -0.125726 0.026809 0.073174 0.071368 -0.080009 -0.078466 -0.028250 0.002303 -0.046492 0.025794 0.036291 -0.065865 0.059940 0.135255 0.203768 0.024313 -0.055111 0.017073 0.033712 -0.050111 0.089085 0.026718 -0.040601 0.058231 0.011150 0.135659 0.094253 -0.054401 0.013957 0.045249 -0.096651 0.067052 0.068202 -0.082708 -0.053619 -0.166503 -0.055974 0.013627 -0.010507 0.056362 0.090740 -0.095549 0.085506 0.068916 -0.071897 -0.034986 -0.090995 -0.112489 -0.077822 0.047880 0.055227 0.052994 -0.088742 0.045997 0.041729 -0.041637 -0.058176 -0.130988 -0.183601 -0.125797 0.059079 0.077357 0.048881 -0.044039 0.050215 0.021430 -0.011118 -0.023452 -0.104785 -0.150432 -0.049692 0.088300 0.063408 -0.000274 -0.055042 0.039337 0.005036 -0.047411 -0.065599 -0.101460 -0.058437 0.029588 0.033474 0.034326 -0.019353 -0.016794 0.077113 0.005307 -0.006753 0.080926 0.221496 0.371788 0.204106 -0.005273 -0.009065 -0.013148 0.003149 -0.025278 -0.014937 -0.054435 -0.073979 -0.076372 -0.014808 -0.143325 -0.093655 -0.005490 -0.002077 -0.018508 0.156154 
2 1 0.115866 8.240374 -4.598025 11 11 5 -0.032406 -0.072294 -0.054947 -0.012664 0.040415 0.080442 0.068197 0.002425 -0.041970 -0.098636 0.050406 -0.022479 0.052959 0.125165 0.102984 0.056063 -0.007145 0.004748 -0.002425 -0.022777 -0.143480 -0.074562 -0.025765 0.053855 0.088594 0.079702 0.024506 -0.066871 -0.064312 -0.007609 -0.009402 -0.084785 0.019406 -0.006027 0.054712 0.093264 0.117281 0.109017 0.028556 -0.073727 -0.051486 -0.058991 -0.136964 0.023743 -0.016216 0.033813 0.016740 0.058539 0.131086 0.142445 0.037657 -0.070346 -0.054418 -0.131005 0.020059 0.002209 0.016859 -0.036405 -0.073468 0.032296 0.147635 0.132644 -0.040652 -0.110484 -0.135677 0.008998 -0.009152 0.010798 -0.036528 -0.129851 -0.005126 0.164447 0.181263 -0.007432 -0.160109 -0.131214 0.031714 -0.004508 0.030809 -0.019930 -0.005221 0.117796 0.161411 0.126273 -0.099340 -0.166963 -0.131818 -0.050333 -0.036523 -0.006245 0.053010 0.178882 0.262177 0.190733 0.053984 -0.136612 -0.037706 -0.022398 0.015785 -0.001643 0.066178 0.117800 0.162400 0.114666 -0.037702 -0.176577 -0.219528 -0.119300 -0.159758 -0.149112 -0.093529 -0.071194 -0.018500 0.008325 -0.009550 -0.060947 -0.091108 -0.044058 0.071738 -0.010012 0.122310 
3 11 11 2 2 0 0.215676 13.030727 -4.658788 11 11 5 0.226931 -0.119529 -0.025832 -0.051469 -0.026883 0.043127 0.027087 -0.080603 -0.055540 -0.077955 -0.065304 0.002000 -0.095799 0.027441 -0.000623 0.018541 0.035586 -0.064428 -0.023658 0.239844 0.249423 0.119058 0.023000 -0.065912 0.003199 -0.033175 0.038250 0.040310 -0.102506 -0.083727 0.046100 -0.016189 0.067955 -0.004742 -0.058410 0.009864 -0.020711 0.081580 0.019661 -0.119090 -0.005329 0.006210 -0.116989 0.131473 -0.009242 -0.054123 0.025221 -0.012848 0.126703 0.029256 -0.126172 -0.029427 -0.097508 -0.247384 0.068748 0.005162 -0.020849 0.029255 -0.003895 0.140828 0.023963 -0.145941 -0.016004 -0.017578 -0.206863 0.076475 0.026517 0.010205 0.018301 0.007042 0.113986 -0.007640 -0.158758 -0.051179 -0.006938 -0.175670 0.144689 0.010642 -0.019688 0.014812 0.019371 0.070142 -0.021643 -0.134616 -0.077471 0.021650 -0.026647 0.179267 0.030464 -0.019066 0.043685 0.021136 0.040977 -0.007365 -0.085188 -0.016080 0.160401 0.191284 0.095042 0.028005 -0.059678 0.006019 -0.049356 -0.045987 -0.054208 -0.055716 0.008404 0.141697 0.077706 -0.102882 0.092837 -0.055212 0.067361 0.050391 0.123064 0.113553 0.051207 -0.137160 -0.205128 -0.208546 0.121955 
2 1 0.053623 6.711741 -4.107875 11 11 5 -0.005150 0.105952 0.001007 -0.006693 -0.101646 -0.166337 -0.201038 -0.093513 -0.011005 -0.009897 -0.075075 -0.090157 0.005502 -0.149393 -0.107733 -0.158611 -0.134091 0.049485 0.212819 0.200475 0.026147 -0.128390 -0.016673 0.101792 -0.023454 0.007311 -0.047490 0.019804 0.005986 0.163482 0.190493 0.170632 -0.009423 -0.024663 0.046897 -0.066608 -0.052024 -0.073439 0.104475 -0.044968 -0.037724 0.056285 0.189068 0.026263 0.017280 0.044875 -0.037808 -0.044536 -0.024516 0.199366 0.036990 -0.170708 -0.121072 0.088056 0.034058 0.023615 0.022659 -0.054813 -0.093518 -0.011205 0.205667 0.038734 -0.169283 -0.150845 0.075314 0.044063 0.011976 0.009878 -0.051934 -0.079734 0.019380 0.175211 -0.016241 -0.118939 -0.003205 0.169927 0.054749 -0.020406 0.007497 -0.051754 -0.063168 -0.005122 0.072259 -0.018884 0.046118 0.144413 0.148440 -0.017299 -0.006664 0.013992 -0.059313 -0.054618 -0.012047 0.022723 0.014890 0.140359 0.136767 -0.006105 -0.119921 -0.047497 -0.024629 -0.122317 -0.075047 -0.029105 0.013184 0.060182 0.146721 0.159004 0.027108 -0.076278 -0.045617 0.018927 -0.071136 -0.019115 -0.003985 -0.002893 -0.048545 -0.095553 0.002083 0.033142 -0.082913 
3 11 11 2 2 0 0.210628 13.984457 -5.179499 11 11 5 -0.014937 -0.054435 -0.073979 -0.076372 -0.014808 -0.143325 -0.093655 -0.005490 -0.002077 -0.018508 0.156154 0.005307 -0.006753 0.080926 0.221496 0.371788 0.204106 -0.005273 -0.009065 -0.013148 0.003149 -0.025278 0.005036 -0.047411 -0.065599 -0.101460 -0.058437 0.029588 0.033474 0.034326 -0.019353 -0.016794 0.077113 0.021430 -0.011118 -0.023452 -0.104785 -0.150432 -0.049692 0.088300 0.063408 -0.000274 -0.055042 0.039337 0.041729 -0.041637 -0.058176 -0.130988 -0.183601 -0.125797 0.059079 0.077357 0.048881 -0.044039 0.050215 0.068916 -0.071897 -0.034986 -0.090995 -0.112489 -0.077822 0.047880 0.055227 0.052994 -0.088742 0.045997 0.068202 -0.082708 -0.053619 -0.166503 -0.055974 0.013627 -0.010507 0.056362 0.090740 -0.095549 0.085506 0.026718 -0.040601 0.058231 0.011150 0.135659 0.094253 -0.054401 0.013957 0.045249 -0.096651 0.067052 0.036291 -0.065865 0.059940 0.135255 0.203768 0.024313 -0.055111 0.017073 0.033712 -0.050111 0.089085 -0.063204 -0.125726 0.026809 0.073174 0.071368 -0.080009 -0.078466 -0.028250 0.002303 -0.046492 0.025794 0.241320 -0.068387 -0.062348 -0.203841 -0.194892 -0.105767 0.038821 0.066104 0.111116 0.024103 0.176834 
2 1 0.115866 8.240374 -4.598025 11 11 5 -0.093529 -0.071194 -0.018500 0.008325 -0.009550 -0.060947 -0.091108 -0.044058 0.071738 -0.010012 0.122310 -0.001643 0.066178 0.117800 0.162400 0.114666 -0.037702 -0.176577 -0.219528 -0.119300 -0.159758 -0.149112 -0.036523 -0.006245 0.053010 0.178882 0.262177 0.190733 0.053984 -0.136612 -0.037706 -0.022398 0.015785 -0.004508 0.030809 -0.019930 -0.005221 0.117796 0.161411 0.126273 -0.099340 -0.166963 -0.131818 -0.050333 -0.009152 0.010798 -0.036528 -0.129851 -0.005126 0.164447 0.181263 -0.007432 -0.160109 -0.131214 0.031714 0.002209 0.016859 -0.036405 -0.073468 0.032296 0.147635 0.132644 -0.040652 -0.110484 -0.135677 0.008998 -0.016216 0.033813 0.016740 0.058539 0.131086 0.142445 0.037657 -0.070346 -0.054418 -0.131005 0.020059 -0.006027 0.054712 0.093264 0.117281 0.109017 0.028556 -0.073727 -0.051486 -0.058991 -0.136964 0.023743 -0.025765 0.053855 0.088594 0.079702 0.024506 -0.066871 -0.064312 -0.007609 -0.009402 -0.084785 0.019406 -0.022479 0.052959 0.125165 0.102984 0.056063 -0.007145 0.004748 -0.002425 -0.022777 -0.143480 -0.074562 -0.032406 -0.072294 -0.054947 -0.012664 0.040415 0.080442 0.068197 0.002425 -0.041970 -0.098636 0.050406 
3 11 11 2 2 0 0.373145 16.685244 -5.184526 11 11 5 0.104833 0.009860 0.122051 0.071858 -0.026587 -0.161107 -0.172299 -0.179197 -0.028638 -0.031450 0.234700 -0.008887 -0.058978 -0.048555 -0.098863 -0.027613 0.084443 0.194023 0.090353 -0.040146 -0.124149 0.005481 0.029332 0.041545 0.002800 -0.033398 0.006504 0.046897 0.172715 0.220861 0.100142 -0.086236 0.031496 0.006464 0.034613 0.022189 0.001089 -0.071373 -0.083544 -0.039293 0.034887 0.162486 -0.004904 0.010741 0.007124 0.035752 0.054160 0.006134 -0.119451 -0.110384 -0.145484 -0.176656 0.020465 0.071593 0.036628 -0.012509 0.008962 0.066240 -0.012814 -0.087128 0.006289 -0.081138 -0.138835 -0.024706 0.074837 0.045777 -0.007706 0.008846 0.077212 0.000590 -0.081322 0.015855 -0.101346 -0.179163 -0.017379 0.073773 0.034744 -0.021333 -0.006488 0.050941 0.026769 -0.106364 -0.062613 -0.094786 -0.133587 0.048470 0.082990 0.007715 -0.015749 0.001455 0.026631 0.047469 -0.046559 -0.117119 -0.083502 -0.014554 0.093680 0.009309 0.009453 -0.057535 -0.003486 0.001775 -0.015022 0.020469 0.136462 0.312931 0.320120 0.125536 -0.061995 -0.014941 0.055532 -0.093762 0.013380 0.018396 -0.063247 -0.100453 -0.021636 -0.074139 -0.105649 -0.065545 0.104475 
2 1 0.172337 9.308556 -4.298518 11 11 5 -0.021722 -0.022877 -0.005034 -0.022830 -0.032270 -0.011845 0.034205 0.043786 0.043480 -0.081622 -0.002872 -0.044185 -0.020097 0.002874 0.026075 0.091327 0.122544 0.054966 -0.024828 0.012086 -0.065785 0.012409 -0.006326 -0.008846 -0.010458 -0.008378 0.035809 0.082896 0.105212 -0.012714 -0.124079 -0.174369 0.029532 0.008445 -0.027149 -0.000811 0.019949 0.003583 0.047447 0.188297 0.174517 0.088489 -0.209357 -0.049263 0.007706 -0.032935 0.020602 0.065974 -0.020431 -0.133481 0.004790 0.104131 0.184905 -0.055387 -0.086672 0.000316 -0.023219 0.029585 0.087386 0.049526 -0.129546 -0.179553 -0.018322 0.157374 0.015629 -0.084752 0.009469 -0.014537 0.021256 0.091276 0.045405 -0.164734 -0.139683 0.021934 0.162864 0.005961 -0.091476 -0.012686 -0.029496 -0.015119 0.076313 -0.015359 -0.099956 0.068348 0.122555 0.148037 -0.098745 -0.111593 -0.000959 -0.004715 -0.014060 0.012930 0.001395 0.125386 0.260673 0.228921 0.148790 -0.172150 -0.014591 -0.069066 -0.095755 -0.090316 -0.046230 0.064318 0.140757 0.135576 -0.016827 -0.145592 -0.301259 -0.060796 0.047523 -0.007865 -0.074658 -0.114649 -0.107042 -0.013943 0.031502 -0.034554 -0.002571 -0.060713 0.066673 
3 11 11 2 2 0 0.373145 16.685244 -5.184526 11 11 5 0.055532 -0.093762 0.013380 0.018396 -0.063247 -0.100453 -0.021636 -0.074139 -0.105649 -0.065545 0.104475 -0.057535 -0.003486 0.001775 -0.015022 0.020469 0.136462 0.312931 0.320120 0.125536 -0.061995 -0.014941 -0.015749 0.001455 0.026631 0.047469 -0.046559 -0.117119 -0.083502 -0.014554 0.093680 0.009309 0.009453 -0.021333 -0.006488 0.050941 0.026769 -0.106364 -0.062613 -0.094786 -0.133587 0.048470 0.082990 0.007715 -0.007706 0.008846 0.077212 0.000590 -0.081322 0.015855 -0.101346 -0.179163 -0.017379 0.073773 0.034744 -0.012509 0.008962 0.066240 -0.012814 -0.087128 0.006289 -0.081138 -0.138835 -0.024706 0.074837 0.045777 0.007124 0.035752 0.054160 0.006134 -0.119451 -0.110384 -0.145484 -0.176656 0.020465 0.071593 0.036628 0.006464 0.034613 0.022189 0.001089 -0.071373 -0.083544 -0.039293 0.034887 0.162486 -0.004904 0.010741 0.029332 0.041545 0.002800 -0.033398 0.006504 0.046897 0.172715 0.220861 0.100142 -0.086236 0.031496 -0.008887 -0.058978 -0.048555 -0.098863 -0.027613 0.084443 0.194023 0.090353 -0.040146 -0.124149 0.005481 0.104833 0.009860 0.122051 0.071858 -0.026587 -0.161107 -0.172299 -0.179197 -0.028638 -0.031450 0.234700 
2 1 0.172337 9.308556 -4.298518 11 11 5 0.047523 -0.007865 -0.074658 -0.114649 -0.107042 -0.013943 0.031502 -0.034554 -0.002571 -0.060713 0.066673 -0.069066 -0.095755 -0.090316 -0.046230 0.064318 0.140757 0.135576 -0.016827 -0.145592 -0.301259 -0.060796 -0.000959 -0.004715 -0.014060 0.012930 0.001395 0.125386 0.260673 0.228921 0.148790 -0.172150 -0.014591 -0.012686 -0.029496 -0.015119 0.076313 -0.015359 -0.099956 0.068348 0.122555 0.148037 -0.098745 -0.111593 0.009469 -0.014537 0.021256 0.091276 0.045405 -0.164734 -0.139683 0.021934 0.162864 0.005961 -0.091476 0.000316 -0.023219 0.029585 0.087386 0.049526 -0.129546 -0.179553 -0.018322 0.157374 0.015629 -0.084752 0.007706 -0.032935 0.020602 0.065974 -0.020431 -0.133481 0.004790 0.104131 0.184905 -0.055387 -0.086672 0.008445 -0.027149 -0.000811 0.019949 0.003583 0.047447 0.188297 0.174517 0.088489 -0.209357 -0.049263 -0.006326 -0.008846 -0.010458 -0.008378 0.035809 0.082896 0.105212 -0.012714 -0.124079 -0.174369 0.029532 -0.044185 -0.020097 0.002874 0.026075 0.091327 0.122544 0.054966 -0.024828 0.012086 -0.065785 0.012409 -0.021722 -0.022877 -0.005034 -0.022830 -0.032270 -0.011845 0.034205 0.043786 0.043480 -0.081622 -0.002872 
3 11 11 2 2 0 0.142846 8.467908 -4.422763 11 11 5 0.037444 0.059350 0.127829 0.123438 0.046995 -0.000255 -0.044936 -0.015801 -0.022283 -0.018260 -0.011634 -0.000497 -0.025563 -0.026419 -0.042341 -0.059879 -0.042736 -0.009474 0.020623 -0.007334 -0.017690 -0.057728 0.101255 0.051706 0.080528 0.030390 0.004593 -0.000273 0.022668 -0.005236 -0.009674 -0.013022 0.006601 0.144949 -0.012177 0.022546 -0.037560 0.029714 0.059723 0.077812 0.065206 0.052445 -0.005541 0.025177 0.166117 -0.065057 -0.039481 -0.116406 -0.086904 -0.037083 0.059142 0.158464 0.156649 0.017100 0.005043 0.078956 -0.129631 -0.052823 -0.141485 -0.175023 -0.195107 -0.147646 -0.003669 0.108969 0.067695 0.041468 -0.118165 -0.090925 -0.001830 0.015662 0.097737 0.074622 -0.045310 -0.151896 -0.046125 0.033264 0.128056 -0.117981 -0.000988 -0.031783 0.035088 0.205023 0.200892 0.013757 -0.202451 -0.143870 -0.029506 0.088198 -0.010968 0.066261 0.019830 0.138118 0.137952 0.034768 -0.014760 -0.154227 -0.082968 -0.023051 -0.039753 -0.099737 -0.126246 -0.084143 -0.032991 -0.127902 -0.198733 -0.132857 -0.162255 -0.104067 0.012944 0.071838 0.163496 0.078908 0.176666 0.173875 0.170084 0.045131 -0.040669 -0.030030 0.037483 -0.067662 -0.079770 
2 1 0.081157 6.358722 -4.308050 11 11 5 0.065813 -0.109733 0.004893 0.011690 0.023217 -0.002597 -0.030856 -0.038600 0.010625 -0.083953 0.043905 -0.073550 -0.246052 -0.105190 -0.122792 -0.115623 -0.112397 -0.065566 -0.048624 -0.022453 -0.090815 0.066853 -0.011645 -0.105177 0.066248 0.053667 0.028983 -0.013885 -0.039370 -0.088671 -0.036597 -0.077850 0.077969 -0.038633 -0.037349 0.055955 0.035465 0.050460 0.022485 -0.045531 -0.153187 -0.145684 -0.215722 0.030087 0.000444 0.046108 0.080163 0.071098 0.077276 0.058969 0.069463 0.049003 -0.026391 -0.267553 -0.027633 -0.004060 0.069462 0.129159 0.122070 0.064189 0.008051 0.061646 0.131987 0.116578 -0.156381 -0.093217 0.044552 0.082517 0.118114 0.022317 -0.079287 -0.068714 0.038559 0.120793 0.159070 -0.036533 -0.107137 0.028514 0.009887 -0.045109 -0.143175 -0.089203 0.040319 0.094915 0.103317 0.130101 0.055770 -0.057793 -0.046513 -0.094637 -0.124945 -0.079686 0.012366 0.079303 0.125426 0.040480 0.037392 0.020364 -0.078667 -0.028519 -0.092547 -0.058122 0.022877 0.101453 0.195322 0.275824 0.196810 0.112404 0.074803 0.015612 -0.052259 -0.085964 -0.066547 -0.075879 0.033932 0.074186 0.084749 0.085379 0.040025 -0.046326 -0.070539 
3 11 11 2 2 0 0.142846 8.467908 -4.422763 11 11 5 0.163496 0.078908 0.176666 0.173875 0.170084 0.045131 -0.040669 -0.030030 0.037483 -0.067662 -0.079770 -0.099737 -0.126246 -0.084143 -0.032991 -0.127902 -0.198733 -0.132857 -0.162255 -0.104067 0.012944 0.071838 -0.010968 0.066261 0.019830 0.138118 0.137952 0.034768 -0.014760 -0.154227 -0.082968 -0.023051 -0.039753 -0.117981 -0.000988 -0.031783 0.035088 0.205023 0.200892 0.013757 -0.202451 -0.143870 -0.029506 0.088198 -0.118165 -0.090925 -0.001830 0.015662 0.097737 0.074622 -0.045310 -0.151896 -0.046125 0.033264 0.128056 0.078956 -0.129631 -0.052823 -0.141485 -0.175023 -0.195107 -0.147646 -0.003669 0.108969 0.067695 0.041468 0.166117 -0.065057 -0.039481 -0.116406 -0.086904 -0.037083 0.059142 0.158464 0.156649 0.017100 0.005043 0.144949 -0.012177 0.022546 -0.037560 0.029714 0.059723 0.077812 0.065206 0.052445 -0.005541 0.025177 0.101255 0.051706 0.080528 0.030390 0.004593 -0.000273 0.022668 -0.005236 -0.009674 -0.013022 0.006601 -0.000497 -0.025563 -0.026419 -0.042341 -0.059879 -0.042736 -0.009474 0.020623 -0.007334 -0.017690 -0.057728 0.037444 0.059350 0.127829 0.123438 0.046995 -0.000255 -0.044936 -0.015801 -0.022283 -0.018260 -0.011634 
2 1 0.081157 6.358722 -4.308050 11 11 5 -0.052259 -0.085964 -0.066547 -0.075879 0.033932 0.074186 0.084749 0.085379 0.040025 -0.046326 -0.070539 -0.028519 -0.092547 -0.058122 0.022877 0.101453 0.195322 0.275824 0.196810 0.112404 0.074803 0.015612 -0.046513 -0.094637 -0.124945 -0.079686 0.012366 0.079303 0.125426 0.040480 0.037392 0.020364 -0.078667 0.028514 0.009887 -0.045109 -0.143175 -0.089203 0.040319 0.094915 0.103317 0.130101 0.055770 -0.057793 0.044552 0.082517 0.118114 0.022317 -0.079287 -0.068714 0.038559 0.120793 0.159070 -0.036533 -0.107137 -0.004060 0.069462 0.129159 0.122070 0.064189 0.008051 0.061646 0.131987 0.116578 -0.156381 -0.093217 0.000444 0.046108 0.080163 0.071098 0.077276 0.058969 0.069463 0.049003 -0.026391 -0.267553 -0.027633 -0.038633 -0.037349 0.055955 0.035465 0.050460 0.022485 -0.045531 -0.153187 -0.145684 -0.215722 0.030087 -0.011645 -0.105177 0.066248 0.053667 0.028983 -0.013885 -0.039370 -0.088671 -0.036597 -0.077850 0.077969 -0.073550 -0.246052 -0.105190 -0.122792 -0.115623 -0.112397 -0.065566 -0.048624 -0.022453 -0.090815 0.066853 0.065813 -0.109733 0.004893 0.011690 0.023217 -0.002597 -0.030856 -0.038600 0.010625 -0.083953 0.043905 
3 11 11 2 2 0 0.156676 11.574374 -5.089043 11 11 5 0.183886 -0.066424 -0.040915 -0.002956 0.020304 0.109599 0.118906 -0.063307 0.016557 -0.150688 0.340247 -0.192591 -0.085041 -0.006948 -0.012589 -0.082918 -0.087570 -0.103580 -0.156326 -0.094014 -0.183050 -0.187350 -0.005186 0.045313 0.022891 -0.000055 0.026921 0.071686 0.052653 -0.015577 -0.055568 -0.044534 0.001629 0.030297 -0.045845 -0.008149 -0.042624 -0.003000 0.046743 0.007289 0.008038 -0.007045 -0.023911 -0.111172 0.041976 -0.065607 0.076750 0.037522 0.080063 0.129641 0.055980 0.049465 0.062666 0.071255 -0.077332 0.121023 -0.044117 0.100382 0.041847 0.063590 0.069821 0.000109 -0.019649 -0.024192 0.015704 -0.062845 0.146102 -0.072748 0.065549 0.012049 0.041409 0.076038 0.025969 0.005601 -0.010928 -0.005479 -0.097283 0.082629 -0.072570 0.036212 0.020375 0.066286 0.136281 0.090101 0.082472 0.056893 0.023782 -0.084263 0.030757 -0.004612 0.016639 0.010058 0.048312 0.089348 0.061860 0.027264 -0.016999 0.033862 -0.028149 -0.135245 -0.008452 -0.006974 -0.050781 -0.073830 -0.078417 -0.050130 -0.081346 -0.044877 -0.069035 -0.253394 0.049592 -0.033781 -0.025219 -0.012345 0.042645 0.126056 0.053530 -0.150776 -0.127695 -0.248465 0.338036 
2 1 0.075601 6.039342 -4.338339 11 11 5 -0.086948 -0.121154 -0.040251 -0.044762 -0.066775 -0.045863 0.076166 0.132621 0.091713 0.054180 -0.116711 -0.308102 -0.194675 -0.062538 -0.141816 -0.196026 -0.141130 -0.018586 0.099000 0.123150 0.135684 0.050020 0.079538 0.013573 0.095744 0.018475 0.014534 0.021922 0.095128 0.142943 0.128458 0.083125 -0.043469 0.013334 -0.179488 -0.049172 -0.065775 -0.009297 -0.023631 0.038367 0.108954 0.125165 0.126261 0.047265 0.110284 -0.116795 0.050109 0.030613 0.059978 0.033192 0.039217 0.044400 0.063608 0.070475 0.033429 0.026308 -0.169542 0.002606 -0.082430 -0.033035 -0.059626 -0.040981 -0.033073 -0.014562 -0.001259 -0.000190 0.075021 -0.166654 0.039909 -0.036701 -0.007547 -0.053313 -0.056440 -0.025758 0.009413 0.004419 -0.017955 0.041016 -0.221397 -0.023961 -0.079443 -0.020940 -0.022921 0.029657 0.066667 0.064345 0.044526 0.035078 0.065509 -0.089408 0.063986 -0.008503 0.053034 0.020206 0.066453 0.130515 0.102004 0.050723 -0.072273 -0.091482 -0.103950 0.010622 -0.067864 -0.082852 -0.068382 0.047461 0.144187 0.165799 0.122062 0.060888 -0.115708 -0.118919 -0.036186 -0.089076 -0.122883 -0.062967 0.079483 0.157099 0.125369 0.123301 -0.107143 
3 11 11 2 2 0 0.228873 10.626750 -4.984235 11 11 5 0.011402 0.050864 -0.058658 -0.034247 0.058041 0.112760 0.095360 0.050033 0.022068 0.143589 -0.002792 -0.021384 -0.086294 -0.204182 -0.213287 -0.185824 -0.091146 -0.080527 -0.024891 -0.053854 -0.037546 -0.120910 0.104802 0.037167 -0.077225 -0.144542 -0.060176 0.057866 0.062159 0.064391 0.017526 0.063677 0.016460 0.090558 0.026027 0.093268 -0.041730 -0.082124 -0.086313 -0.025298 0.001426 -0.016545 0.043411 0.002318 0.114616 -0.081194 0.145929 0.136656 0.094842 -0.041591 -0.054337 -0.000281 0.031661 0.050740 0.015173 0.274678 -0.067506 0.057744 0.021565 0.031916 -0.120205 -0.148341 -0.041392 0.009485 0.009281 0.036911 0.270505 -0.073609 0.037144 0.026179 0.073258 -0.091901 -0.106891 -0.017060 0.006006 0.003100 0.010769 0.121455 -0.071492 0.145914 0.132216 0.105271 -0.080662 -0.090264 -0.028016 -0.005088 0.047228 -0.046233 0.097715 0.002682 0.097339 -0.025021 -0.058665 -0.034643 0.035394 0.076813 0.018589 0.079688 0.018268 0.047336 -0.033020 -0.051507 -0.127465 -0.148050 -0.103427 -0.077878 -0.045730 -0.080775 -0.016206 -0.016505 0.099272 -0.036328 -0.183490 -0.253283 -0.111720 0.128324 0.142403 0.067576 0.056224 0.112474 0.003755 
2 1 0.081818 6.172422 -4.137706 11 11 5 -0.068361 0.076646 0.093162 0.038631 -0.006690 -0.057664 -0.106539 -0.135800 -0.067645 0.020390 -0.031258 -0.132479 0.088353 0.194128 0.183333 0.110000 0.061153 -0.060564 -0.120459 -0.215530 -0.172124 -0.056633 -0.081070 0.065772 0.196239 0.150653 0.063118 0.024905 -0.007735 -0.030312 -0.055586 0.003463 0.063191 -0.049847 -0.034647 0.144818 0.157636 0.060936 0.009602 0.048542 0.046944 -0.035713 -0.101465 -0.007563 0.006177 -0.116512 -0.012564 0.042915 0.009857 -0.025204 0.091235 0.113721 0.051514 -0.084675 0.003866 0.032486 -0.109575 -0.079590 -0.067715 -0.002450 -0.037906 0.035350 0.078890 -0.003712 -0.135525 -0.046462 0.039274 -0.099782 -0.083418 -0.107085 -0.044412 -0.058708 0.018597 0.086569 0.024117 -0.090392 -0.067862 0.051853 -0.125101 -0.034647 0.018072 0.028954 -0.000849 0.096890 0.114797 0.026997 -0.089909 -0.040072 -0.043260 -0.069237 0.088749 0.108790 0.032981 -0.033451 0.003767 0.056050 0.032418 -0.052318 0.042725 -0.048367 0.086471 0.237496 0.224247 0.129089 0.076537 0.025456 -0.036385 -0.118907 -0.135938 -0.006683 -0.099788 0.072849 0.179089 0.124514 0.019732 0.005963 -0.090510 -0.188452 -0.196603 -0.089618 -0.011342 
3 11 11 2 2 0 0.197224 9.414989 -4.623156 11 11 5 0.065341 -0.108350 -0.001187 -0.083567 -0.021217 0.086327 0.101253 0.042417 -0.010865 -0.008654 -0.148094 0.052193 -0.035990 0.021707 -0.022457 0.029033 0.038782 0.047432 0.053305 0.017906 0.002698 0.029300 0.019141 -0.061147 -0.041933 -0.043235 0.035211 0.053875 0.049466 0.004688 -0.034673 -0.039094 -0.009513 0.050303 0.030654 0.039164 -0.006101 0.019209 0.080824 0.082761 -0.035243 -0.067966 -0.014873 0.063634 0.078981 0.001052 -0.000650 -0.009513 0.019067 0.001532 0.026603 0.007549 -0.018923 -0.007500 0.025211 0.064801 -0.075804 -0.066908 0.027054 0.089623 -0.190952 -0.117972 0.151672 0.135604 0.012842 0.055192 0.055906 -0.052636 0.016536 0.104037 0.111402 -0.385619 -0.295886 0.164660 0.209145 -0.019682 0.126526 0.019070 -0.025303 0.042980 0.101265 0.125480 -0.311898 -0.306723 -0.012335 0.119639 -0.075041 0.095174 0.038997 -0.039637 0.007436 0.051949 0.045619 -0.157197 -0.169005 -0.053863 0.082202 -0.015863 0.044268 0.043936 -0.051672 0.059511 0.056674 0.037385 -0.009157 -0.061122 -0.143688 -0.090134 -0.066081 -0.034806 0.046036 0.003285 0.050235 -0.046903 -0.077000 -0.033391 0.025373 0.057890 0.061067 0.018077 -0.018144 
2 1 0.152172 7.404014 -4.651679 11 11 5 0.045916 -0.025699 0.058418 0.008284 -0.015619 -0.011372 -0.014853 -0.008855 0.018943 0.008005 0.031845 0.022287 -0.015137 0.069337 -0.024099 -0.053649 -0.033442 -0.032727 -0.029164 0.030264 -0.017872 0.081733 0.034951 -0.033797 -0.014578 -0.114101 -0.080696 -0.029998 -0.062976 -0.078202 0.020037 -0.001469 0.062158 0.051807 -0.102465 -0.052794 -0.117333 -0.071084 -0.014296 -0.060710 -0.175267 -0.102805 -0.082358 0.047916 0.026210 -0.157768 -0.054156 -0.113169 -0.050421 0.050859 0.124030 -0.026341 -0.110184 -0.173153 0.034469 -0.019086 -0.147812 -0.073119 -0.070542 0.051638 0.137069 0.238704 0.183942 -0.003015 -0.196824 -0.045288 0.000982 -0.142504 -0.085019 0.002738 0.165101 0.091106 0.211333 0.280598 0.073444 -0.168701 -0.022939 -0.026982 -0.122494 -0.058815 0.033700 0.217625 0.086573 0.139380 0.275706 0.087871 -0.144045 -0.057191 -0.045053 -0.098622 -0.064778 0.019483 0.127569 0.055464 0.022069 0.103195 0.064173 -0.068276 -0.058516 -0.020499 -0.078217 -0.033494 0.054402 0.128312 0.129425 0.091648 0.072313 0.039227 -0.055253 -0.036745 -0.021123 -0.033952 -0.002438 0.017792 0.048689 0.031011 0.026793 0.044368 0.002935 -0.014046 -0.005855 
3 11 11 2 2 0 0.197224 9.414989 -4.623156 11 11 5 0.046036 0.003285 0.050235 -0.046903 -0.077000 -0.033391 0.025373 0.057890 0.061067 0.018077 -0.018144 0.043936 -0.051672 0.059511 0.056674 0.037385 -0.009157 -0.061122 -0.143688 -0.090134 -0.066081 -0.034806 0.038997 -0.039637 0.007436 0.051949 0.045619 -0.157197 -0.169005 -0.053863 0.082202 -0.015863 0.044268 0.019070 -0.025303 0.042980 0.101265 0.125480 -0.311898 -0.306723 -0.012335 0.119639 -0.075041 0.095174 0.055906 -0.052636 0.016536 0.104037 0.111402 -0.385619 -0.295886 0.164660 0.209145 -0.019682 0.126526 0.064801 -0.075804 -0.066908 0.027054 0.089623 -0.190952 -0.117972 0.151672 0.135604 0.012842 0.055192 0.078981 0.001052 -0.000650 -0.009513 0.019067 0.001532 0.026603 0.007549 -0.018923 -0.007500 0.025211 0.050303 0.030654 0.039164 -0.006101 0.019209 0.080824 0.082761 -0.035243 -0.067966 -0.014873 0.063634 0.019141 -0.061147 -0.041933 -0.043235 0.035211 0.053875 0.049466 0.004688 -0.034673 -0.039094 -0.009513 0.052193 -0.035990 0.021707 -0.022457 0.029033 0.038782 0.047432 0.053305 0.017906 0.002698 0.029300 0.065341 -0.108350 -0.001187 -0.083567 -0.021217 0.086327 0.101253 0.042417 -0.010865 -0.008654 -0.148094 
2 1 0.152172 7.404014 -4.651679 11 11 5 -0.021123 -0.033952 -0.002438 0.017792 0.048689 0.031011 0.026793 0.044368 0.002935 -0.014046 -0.005855 -0.020499 -0.078217 -0.033494 0.054402 0.128312 0.129425 0.091648 0.072313 0.039227 -0.055253 -0.036745 -0.045053 -0.098622 -0.064778 0.019483 0.127569 0.055464 0.022069 0.103195 0.064173 -0.068276 -0.058516 -0.026982 -0.122494 -0.058815 0.033700 0.217625 0.086573 0.139380 0.275706 0.087871 -0.144045 -0.057191 0.000982 -0.142504 -0.085019 0.002738 0.165101 0.091106 0.211333 0.280598 0.073444 -0.168701 -0.022939 -0.019086 -0.147812 -0.073119 -0.070542 0.051638 0.137069 0.238704 0.183942 -0.003015 -0.196824 -0.045288 0.026210 -0.157768 -0.054156 -0.113169 -0.050421 0.050859 0.124030 -0.026341 -0.110184 -0.173153 0.034469 0.051807 -0.102465 -0.052794 -0.117333 -0.071084 -0.014296 -0.060710 -0.175267 -0.102805 -0.082358 0.047916 0.034951 -0.033797 -0.014578 -0.114101 -0.080696 -0.029998 -0.062976 -0.078202 0.020037 -0.001469 0.062158 0.022287 -0.015137 0.069337 -0.024099 -0.053649 -0.033442 -0.032727 -0.029164 0.030264 -0.017872 0.081733 0.045916 -0.025699 0.058418 0.008284 -0.015619 -0.011372 -0.014853 -0.008855 0.018943 0.008005 0.031845 
3 11 11 2 2 0 0.101794 8.015427 -4.307311 11 11 5 -0.008252 0.179253 -0.015543 0.024172 0.088103 0.088818 -0.005780 -0.081621 -0.043968 0.016472 -0.093519 -0.161994 -0.018419 -0.077490 -0.010187 -0.008091 -0.069823 -0.088929 -0.015475 -0.059986 -0.032098 0.067921 -0.000848 0.084431 0.026871 0.079596 0.141163 0.013614 -0.124460 -0.025657 -0.000454 -0.045121 0.072944 -0.014211 0.059049 0.047068 0.040231 0.160149 0.125816 -0.159447 -0.092146 -0.006101 -0.026625 0.164045 -0.021115 -0.007272 -0.033705 -0.055291 0.015069 0.220992 -0.060676 -0.124047 -0.025317 -0.055816 0.101945 -0.098717 -0.045206 -0.064034 -0.034138 -0.176892 0.162730 0.186938 0.026184 -0.050713 -0.107460 -0.001299 -0.091215 0.010832 -0.039538 -0.026977 -0.182514 0.171125 0.221557 0.030158 -0.074525 -0.132281 -0.031521 -0.010381 0.018125 -0.068820 -0.096489 0.010208 0.224125 -0.055989 -0.126764 -0.012235 -0.015735 0.126455 0.041203 0.069596 0.063905 0.041229 0.178265 0.171755 -0.140784 -0.081282 0.000640 -0.025656 0.163323 -0.119005 -0.015698 0.015323 0.049694 0.038025 -0.067019 -0.164124 -0.043116 0.007855 -0.031328 0.055390 -0.083525 0.158004 -0.033696 0.024101 0.108041 0.075990 -0.032994 -0.047733 -0.096395 -0.060957 -0.012261 
2 1 0.050101 5.399851 -4.126239 11 11 5 -0.018158 -0.074830 -0.149023 -0.101551 -0.061831 0.051199 0.067373 0.029378 0.007969 0.080498 -0.045868 -0.033525 -0.149974 -0.297850 -0.308857 -0.130353 -0.008227 -0.000250 0.003963 0.018943 0.083390 0.007472 0.032128 0.063451 0.064040 -0.017353 0.137776 0.188851 0.094326 -0.039269 -0.047224 0.102120 0.011016 0.010832 0.054523 -0.013000 -0.131569 -0.045392 0.126364 0.125248 -0.014300 -0.028183 0.135458 0.043067 -0.001385 0.073124 -0.022014 -0.074927 -0.088387 0.086146 0.171438 0.046614 -0.050337 0.084256 0.025656 -0.051654 -0.014573 -0.074490 -0.022792 -0.195511 -0.122932 0.129475 0.130069 -0.022900 0.029320 -0.047793 -0.032822 0.000215 -0.052655 0.008661 -0.172988 -0.116612 0.104208 0.119907 -0.010872 0.048269 -0.022303 0.009061 0.035161 -0.029821 -0.062056 -0.125747 0.049272 0.135928 0.054715 -0.020581 0.102873 0.006840 0.071600 0.103613 0.055194 -0.066717 0.026748 0.201698 0.165278 0.010101 -0.040532 0.105725 0.026782 -0.047467 -0.007094 -0.064112 -0.211117 -0.064012 0.069689 0.045551 -0.033000 -0.027803 0.075779 0.003389 -0.038289 -0.085045 -0.138594 -0.141207 0.010036 0.098979 0.027687 0.006692 -0.039674 0.094529 -0.032266 
3 11 11 2 2 0 0.114187 7.466428 -4.416078 11 11 5 0.069220 0.029282 0.140371 0.021487 -0.086131 -0.094558 -0.016063 -0.019928 -0.064089 -0.158007 0.100320 -0.070048 0.017169 -0.023227 -0.110096 -0.014539 -0.032534 -0.072429 0.063452 0.074425 -0.020336 -0.056861 0.054906 0.122641 0.048591 -0.061592 -0.044820 -0.110074 -0.052048 0.045787 0.028957 -0.014471 0.048114 0.048717 0.091590 0.073920 -0.054363 -0.030442 -0.072974 0.004201 0.168151 0.115637 0.030071 -0.008854 -0.011791 0.009144 0.092248 0.011211 -0.060583 -0.117931 -0.083351 0.139636 0.126562 0.008739 -0.081203 -0.170651 -0.056031 0.063624 0.179600 0.153837 -0.052398 -0.242843 -0.048422 0.051061 0.053628 -0.044537 -0.170994 -0.023378 0.071951 0.131456 0.109308 -0.053521 -0.263166 -0.082523 0.012230 0.050424 -0.110482 -0.061123 -0.018026 0.102117 0.009378 -0.020013 -0.093809 -0.060877 0.170612 0.144414 0.082051 -0.074643 0.093193 0.096528 0.115885 -0.031239 -0.029201 -0.133153 -0.048087 0.148296 0.093233 0.034781 -0.011425 0.011229 0.105915 -0.041279 -0.138467 0.003162 -0.040083 -0.023037 0.068632 0.094832 0.074393 -0.075532 0.024255 0.045859 0.082398 0.009204 -0.058632 -0.153006 -0.114135 0.031076 0.004512 -0.255417 0.135844 
2 1 0.049276 4.548642 -3.969799 11 11 5 -0.145542 -0.245536 0.023059 0.104781 0.029643 -0.065528 -0.017009 0.034116 0.035067 -0.006246 -0.104137 -0.192019 -0.208750 0.029843 0.020344 0.013620 0.035227 0.106990 0.084973 0.026473 -0.040970 -0.024467 -0.018388 -0.058100 0.150902 0.087089 -0.023552 -0.057924 0.085240 0.110858 0.059467 -0.033417 -0.014460 0.020677 -0.102473 0.077239 0.077162 0.006785 -0.042679 0.145113 0.136562 -0.005623 -0.046468 0.000567 0.003285 -0.137156 0.014858 0.069139 0.084293 -0.062874 0.101831 0.160950 -0.025033 -0.072269 -0.003769 0.014880 -0.191703 -0.085788 0.014850 0.171604 -0.078494 -0.010915 0.124487 -0.034289 -0.121753 -0.045790 0.014407 -0.179589 -0.086836 -0.005332 0.157136 -0.081313 -0.003660 0.154611 -0.011625 -0.094337 -0.027658 0.039175 -0.127891 -0.019978 0.040375 0.093376 -0.041358 0.133054 0.208727 -0.031723 -0.084017 -0.019318 0.013809 -0.065028 0.107469 0.108599 0.034252 -0.097202 0.117406 0.150746 -0.013191 -0.046709 0.000511 -0.091801 -0.119499 0.063221 0.033644 0.001486 0.014747 0.168443 0.128848 -0.017149 -0.062853 -0.021448 -0.158996 -0.214020 0.069078 0.072312 -0.029805 -0.100696 0.005945 0.060578 0.006694 0.002652 -0.087118 
3 11 11 2 2 0 0.075128 8.617368 -4.289631 11 11 5 0.046041 0.063899 0.076905 -0.097108 -0.200552 -0.102091 0.045528 -0.127216 0.040125 -0.176086 0.314018 -0.013914 -0.076476 -0.077790 -0.031868 0.008021 0.074851 0.144899 0.041426 -0.011392 -0.022589 -0.081688 0.103191 -0.022523 0.001210 -0.024914 -0.087037 -0.099898 0.066986 0.074916 -0.031744 -0.057883 0.084464 0.080667 0.000985 0.017305 0.017287 0.009181 -0.056495 0.035276 0.148228 0.055062 0.012756 -0.093424 -0.005407 0.055832 0.057962 0.042913 -0.015267 -0.107745 0.012054 0.131471 0.015084 0.015286 -0.089542 -0.050145 0.015436 0.058550 0.080279 -0.001989 -0.195722 -0.095691 0.126252 0.016611 0.012481 -0.075915 -0.070537 -0.012940 -0.038469 0.042196 -0.039031 -0.198556 -0.090321 0.105902 0.012082 0.003954 -0.104299 -0.063887 0.028534 0.006311 0.075687 0.038771 -0.058568 0.020441 0.146135 0.079160 0.033037 -0.117943 0.126686 0.056644 0.024413 0.020965 -0.063975 -0.100124 0.007531 0.137949 0.007317 -0.039648 0.036901 0.057300 -0.065840 -0.022124 0.061186 0.074919 -0.019608 0.053490 0.104657 0.059701 -0.013302 -0.147310 0.050694 -0.017807 -0.009072 -0.087160 -0.248233 -0.141774 0.124460 0.005236 -0.053952 -0.181450 0.330341 
2 1 0.049668 4.262239 -4.035994 11 11 5 -0.136662 0.011257 0.056969 0.074859 -0.020763 -0.032502 0.008642 -0.002098 -0.083820 -0.081420 -0.127783 -0.047460 0.041031 0.067378 0.087244 0.112380 0.144518 0.030684 -0.096228 -0.126803 -0.102570 -0.035921 -0.009818 0.043808 0.050673 0.004122 0.011062 0.133902 0.133531 -0.053188 -0.065471 -0.052916 0.005341 0.021239 0.057362 0.042079 0.026683 0.018420 0.151984 0.176743 -0.089169 -0.135550 -0.023729 -0.003488 -0.023091 0.017907 0.030057 0.063820 -0.044732 0.081077 0.225275 -0.075126 -0.208566 0.011392 -0.005279 -0.051781 -0.044722 0.005148 0.062199 -0.067223 0.027981 0.189288 -0.082089 -0.295505 -0.038963 -0.001145 -0.053962 -0.059647 -0.034602 0.008512 -0.040737 0.055867 0.209546 -0.033134 -0.263595 -0.044940 0.000601 -0.005477 0.001385 0.020286 0.055060 0.043089 0.128217 0.210972 -0.031292 -0.216604 -0.040484 0.007183 0.016166 0.057170 0.039492 0.002038 -0.002064 0.114948 0.150408 -0.030499 -0.111991 -0.026935 -0.000632 0.008395 0.039480 0.089015 0.085898 0.123245 0.154177 0.064897 -0.089423 -0.141637 -0.082557 0.020990 -0.102514 -0.002158 0.000531 0.034077 0.017171 0.035925 0.037534 -0.024776 -0.124802 -0.076931 -0.151360 
3 11 11 2 2 0 0.099265 8.593045 -4.248380 11 11 5 -0.226313 -0.052060 -0.120538 -0.153335 -0.044497 0.105427 0.158117 0.031848 0.066663 -0.057090 0.207794 0.017571 0.072606 0.135635 0.042336 -0.031158 -0.105030 -0.048291 -0.080717 0.019723 -0.047445 -0.024680 -0.022071 -0.115380 0.069301 0.006338 -0.042776 -0.038956 0.072808 0.039651 0.046446 -0.049061 0.139064 0.071159 -0.090185 0.134190 0.110641 0.063271 -0.077368 -0.063567 -0.038618 0.026470 -0.120294 0.090724 0.079258 -0.117184 0.052242 0.104669 0.122323 -0.091651 -0.099484 -0.042937 0.056372 -0.093099 0.084794 0.012783 -0.132278 -0.014248 0.004263 0.122037 -0.027732 -0.052325 -0.056886 0.021328 -0.059666 0.084536 -0.025028 -0.181581 -0.038696 -0.009435 0.096295 -0.053165 -0.087566 -0.072042 0.008229 -0.059916 0.083237 0.114985 -0.104328 0.087572 0.124697 0.141135 -0.082667 -0.095789 -0.039918 0.004848 -0.114427 0.105151 0.015812 -0.120593 0.060237 0.087616 0.041828 -0.057847 -0.001385 0.025803 0.061360 -0.038846 0.145956 0.081916 0.036535 0.128169 0.124174 0.008048 -0.079788 -0.021113 -0.075681 -0.027703 -0.076197 0.012285 -0.243262 -0.045477 -0.110818 -0.111880 -0.110786 -0.013672 0.155817 0.080809 0.065061 -0.074354 0.240918 
2 1 0.029038 3.339740 -4.042242 11 11 5 -0.162399 0.105065 0.017693 0.023151 -0.093809 -0.079057 -0.081533 -0.102180 -0.010061 -0.106261 -0.021695 0.076806 0.218262 0.048409 -0.076253 -0.173274 -0.031553 0.004753 -0.094305 -0.124836 -0.198414 -0.156530 -0.026226 0.160772 0.033197 0.028910 -0.043289 0.011824 0.065763 0.063580 0.057602 -0.061537 0.100836 0.078980 0.265620 0.078647 0.055672 0.001367 0.041796 0.066807 0.049402 0.003992 -0.091533 -0.073955 0.003049 0.222091 0.106972 -0.029475 -0.030329 -0.040368 0.008169 0.035526 0.046168 -0.084529 -0.059861 -0.019718 0.109308 -0.004216 -0.136859 -0.132238 -0.041333 -0.010939 0.037950 0.036170 -0.083046 -0.067325 -0.038526 0.135964 0.020691 -0.086478 -0.086985 0.021098 0.040849 0.042723 0.051045 -0.040848 -0.043815 0.026818 0.229529 0.066641 -0.057230 -0.047979 -0.003797 0.038029 0.023012 0.018337 -0.064460 -0.070325 0.050293 0.250643 0.041384 0.052095 0.044192 0.019508 0.044720 0.019810 0.039771 -0.029043 0.019983 0.111473 0.262307 0.055312 0.027485 -0.071150 -0.031015 0.027077 -0.017332 -0.027035 -0.126691 -0.127049 -0.146108 0.150560 -0.000038 0.007103 -0.175606 -0.052127 -0.050727 -0.111964 -0.018263 -0.113490 -0.015745 
3 11 11 2 2 0 0.064149 5.835440 -4.535877 11 11 5 0.055748 0.068805 0.037707 0.052310 -0.079678 -0.291377 -0.180213 -0.088540 -0.123309 0.005961 0.040651 -0.007501 -0.004421 0.038332 0.114370 0.114076 0.028345 0.033660 -0.045321 0.052988 0.006294 -0.050035 0.096052 -0.010971 0.098815 0.103279 -0.030779 -0.074992 -0.086641 -0.075072 0.069351 0.032503 0.051870 0.107600 -0.069208 0.067986 0.090688 0.087254 0.032017 -0.097473 -0.076759 0.063834 -0.022555 0.062301 0.079785 0.013437 0.034572 0.036317 0.077716 0.057376 -0.126866 -0.120978 0.042207 -0.020714 0.034614 -0.028886 0.001475 -0.041373 -0.048947 0.012245 0.052116 -0.077939 -0.194052 -0.042570 -0.035030 -0.046558 -0.086249 -0.028928 -0.068261 -0.047888 0.023454 -0.007706 -0.112923 -0.209815 -0.102280 -0.022757 0.031921 0.055498 0.079183 0.029617 0.100395 0.228861 0.112190 -0.004479 0.005152 -0.011008 -0.037273 0.119493 0.127996 0.054466 0.049423 0.039005 0.087328 -0.010164 -0.171157 -0.032118 0.100620 0.038091 0.096168 0.135545 -0.027440 0.054971 0.018147 -0.016408 0.018123 -0.021559 0.011898 0.122873 0.045616 0.063088 0.038720 0.024678 0.006657 0.095129 0.063662 -0.183202 -0.347189 -0.245628 -0.091599 -0.127719 0.079890 
2 1 0.044983 4.029998 -3.979804 11 11 5 -0.136387 -0.102465 -0.019077 0.060348 0.142368 0.045961 -0.017748 -0.125708 -0.136061 -0.106291 -0.080814 -0.074891 -0.071800 0.056138 0.054326 0.145685 0.184506 0.207431 0.097458 0.060927 0.090230 0.044263 -0.040757 -0.127581 -0.042350 -0.036427 0.057641 0.066039 0.073566 -0.026775 -0.125214 -0.048963 -0.082120 -0.004126 -0.132337 -0.015512 -0.004663 0.072775 0.129193 0.134912 0.078963 -0.058715 -0.056184 -0.058326 -0.015000 -0.145750 -0.008409 -0.045021 0.000550 0.117017 0.128290 0.056684 -0.024807 -0.065900 -0.082768 -0.072678 -0.200322 -0.065896 -0.084975 -0.050774 0.085751 0.109942 0.037637 0.003972 -0.011169 -0.038442 -0.039277 -0.139406 -0.059626 -0.048738 0.016056 0.121633 0.168586 0.062201 0.007603 -0.018110 -0.050537 -0.030061 -0.077295 0.004649 -0.050731 0.036156 0.144199 0.146965 0.064948 0.022307 -0.019611 -0.048430 -0.065475 -0.096982 0.012211 -0.064902 0.031303 0.111130 0.082098 -0.047050 -0.073235 -0.099304 -0.076912 -0.039905 -0.095291 0.044905 0.059240 0.146147 0.214909 0.237920 0.119064 0.114390 0.017358 0.051497 -0.094855 -0.149315 -0.030480 0.014158 0.073565 0.114117 0.011511 -0.116267 -0.114087 -0.120309 -0.084004 
