566.155, 165.388, 133.075, 129.988
566.155, 165.388, 133.075, 129.988
566.155, 165.388, 133.075, 129.988
566.155, 165.388, 133.075, 129.988
566.155, 165.388, 133.075, 129.988
566.155, 165.388, 133.075, 129.988
566.155, 165.388, 133.075, 129.988
566.155, 165.388, 133.075, 129.988
566.155, 165.388, 133.075, 129.988
566.155, 165.388, 133.075, 129.988
566.155, 165.388, 133.075, 129.988
566.155, 165.388, 133.075, 129.988
566.155, 165.388, 133.075, 129.988
566.155, 165.388, 133.075, 129.988
566.155, 165.388, 133.075, 129.988
550.771, 165.388, 133.075, 129.988
550.771, 165.388, 133.075, 129.988
550.771, 165.388, 133.075, 129.988
550.771, 165.388, 133.075, 129.988
550.771, 165.388, 133.075, 129.988
566.155, 165.388, 133.075, 129.988
566.155, 165.388, 133.075, 129.988
566.155, 165.388, 133.075, 129.988
566.155, 165.388, 133.075, 129.988
566.155, 165.388, 133.075, 129.988
566.155, 165.388, 133.075, 129.988
566.155, 165.388, 133.075, 129.988
566.155, 165.388, 133.075, 129.988
566.155, 165.388, 133.075, 129.988
566.155, 150.003, 133.075, 129.988
566.155, 150.003, 133.075, 129.988
566.155, 150.003, 133.075, 129.988
566.155, 150.003, 133.075, 129.988
566.155, 150.003, 133.075, 129.988
566.155, 150.003, 133.075, 129.988
566.155, 150.003, 133.075, 129.988
566.155, 150.003, 133.075, 129.988
566.155, 150.003, 133.075, 129.988
566.155, 150.003, 133.075, 129.988
566.155, 150.003, 133.075, 129.988
566.155, 150.003, 133.075, 129.988
566.155, 150.003, 133.075, 129.988
566.155, 150.003, 133.075, 129.988
566.155, 150.003, 133.075, 129.988
566.155, 150.003, 133.075, 129.988
566.155, 150.003, 133.075, 129.988
566.155, 150.003, 133.075, 129.988
566.155, 150.003, 133.075, 129.988
566.155, 150.003, 133.075, 129.988
566.155, 150.003, 133.075, 129.988
573.749, 150.229, 111.635, 109.045
566.155, 150.003, 133.075, 129.988
566.155, 150.003, 133.075, 129.988
566.155, 150.003, 133.075, 129.988
566.155, 150.003, 133.075, 129.988
566.155, 150.003, 133.075, 129.988
566.155, 150.003, 133.075, 129.988
566.155, 150.003, 133.075, 129.988
566.155, 150.003, 133.075, 129.988
573.749, 163.208, 111.635, 108.323
573.749, 163.208, 111.635, 108.323
573.749, 163.208, 111.635, 108.323
573.749, 163.208, 111.635, 108.323
573.749, 163.208, 111.635, 108.323
573.749, 163.208, 111.635, 108.323
566.155, 150.003, 133.075, 129.988
566.155, 150.003, 133.075, 129.988
566.155, 150.003, 133.075, 129.988
566.155, 150.003, 133.075, 129.988
566.155, 150.003, 133.075, 129.988
566.155, 150.003, 133.075, 129.988
566.155, 150.003, 133.075, 129.988
566.155, 150.003, 133.075, 129.988
566.155, 150.003, 133.075, 129.988
566.155, 150.003, 133.075, 129.988
566.155, 165.388, 133.075, 129.988
566.155, 165.388, 133.075, 129.988
566.155, 165.388, 133.075, 129.988
566.155, 165.388, 133.075, 129.988
566.155, 165.388, 133.075, 129.988
566.155, 165.388, 133.075, 129.988
566.155, 165.388, 133.075, 129.988
566.155, 165.388, 133.075, 129.988
566.155, 165.388, 133.075, 129.988
581.54, 165.388, 133.075, 129.988
581.54, 165.388, 133.075, 129.988
581.54, 165.388, 133.075, 129.988
581.54, 165.388, 133.075, 129.988
581.54, 165.388, 133.075, 129.988
581.54, 165.388, 133.075, 129.988
581.54, 165.388, 133.075, 129.988
581.54, 165.388, 133.075, 129.988
581.54, 165.388, 133.075, 129.988
581.54, 165.388, 133.075, 129.988
581.54, 165.388, 133.075, 129.988
581.54, 165.388, 133.075, 129.988
581.54, 165.388, 133.075, 129.988
581.54, 165.388, 133.075, 129.988
581.54, 165.388, 133.075, 129.988
581.54, 165.388, 133.075, 129.988
581.54, 165.388, 133.075, 129.988
581.54, 165.388, 133.075, 129.988
581.54, 165.388, 133.075, 129.988
581.54, 165.388, 133.075, 129.988
581.54, 165.388, 133.075, 129.988
581.54, 165.388, 133.075, 129.988
581.54, 150.003, 133.075, 129.988
581.54, 150.003, 133.075, 129.988
581.54, 150.003, 133.075, 129.988
581.54, 150.003, 133.075, 129.988
599.134, 163.208, 111.635, 108.323
596.925, 165.388, 133.075, 129.988
596.925, 165.388, 133.075, 129.988
596.925, 165.388, 133.075, 129.988
596.925, 165.388, 133.075, 129.988
596.925, 165.388, 133.075, 129.988
596.925, 165.388, 133.075, 129.988
596.925, 165.388, 133.075, 129.988
596.925, 165.388, 133.075, 129.988
596.925, 165.388, 133.075, 129.988
596.925, 165.388, 133.075, 129.988
596.925, 165.388, 133.075, 129.988
596.925, 165.388, 133.075, 129.988
596.925, 165.388, 133.075, 129.988
596.925, 165.388, 133.075, 129.988
596.925, 165.388, 133.075, 129.988
596.925, 165.388, 133.075, 129.988
581.54, 165.388, 133.075, 129.988
581.54, 165.388, 133.075, 129.988
581.54, 165.388, 133.075, 129.988
581.54, 165.388, 133.075, 129.988
581.54, 165.388, 133.075, 129.988
581.54, 165.388, 133.075, 129.988
581.54, 165.388, 133.075, 129.988
581.54, 165.388, 133.075, 129.988
581.54, 165.388, 133.075, 129.988
581.54, 165.388, 133.075, 129.988
581.54, 165.388, 133.075, 129.988
581.54, 165.388, 133.075, 129.988
581.54, 165.388, 133.075, 129.988
581.54, 165.388, 133.075, 129.988
581.54, 165.388, 133.075, 129.988
581.54, 165.388, 133.075, 129.988
581.54, 165.388, 133.075, 129.988
581.54, 165.388, 133.075, 129.988
581.54, 165.388, 133.075, 129.988
581.54, 165.388, 133.075, 129.988
581.54, 165.388, 133.075, 129.988
581.54, 165.388, 133.075, 129.988
581.54, 165.388, 133.075, 129.988
581.54, 165.388, 133.075, 129.988
581.54, 165.388, 133.075, 129.988
581.54, 165.388, 133.075, 129.988
581.54, 150.003, 133.075, 129.988
566.155, 150.003, 133.075, 129.988
566.155, 134.618, 133.075, 129.988
566.155, 134.618, 133.075, 129.988
566.155, 134.618, 133.075, 129.988
566.155, 134.618, 133.075, 129.988
581.54, 119.234, 133.075, 129.988
581.54, 119.234, 133.075, 129.988
581.54, 119.234, 133.075, 129.988
581.54, 134.618, 133.075, 129.988
581.54, 134.618, 133.075, 129.988
581.54, 134.618, 133.075, 129.988
596.925, 134.618, 133.075, 129.988
596.925, 134.618, 133.075, 129.988
596.925, 150.003, 133.075, 129.988
587.233, 142.773, 159.69, 155.985
587.233, 142.773, 159.69, 155.985
587.233, 142.773, 159.69, 155.985
612.309, 150.003, 133.075, 129.988
612.309, 150.003, 133.075, 129.988
605.694, 142.773, 159.69, 155.985
605.694, 142.773, 159.69, 155.985
605.694, 142.773, 159.69, 155.985
627.694, 150.003, 133.075, 129.988
627.694, 150.003, 133.075, 129.988
624.156, 124.311, 159.69, 155.985
624.156, 124.311, 159.69, 155.985
624.156, 124.311, 159.69, 155.985
643.078, 150.003, 133.075, 129.988
624.156, 142.773, 159.69, 155.985
643.078, 150.003, 133.075, 129.988
624.156, 124.311, 159.69, 155.985
642.617, 124.311, 159.69, 155.985
642.617, 124.311, 159.69, 155.985
642.617, 124.311, 159.69, 155.985
642.617, 124.311, 159.69, 155.985
642.617, 142.773, 159.69, 155.985
642.617, 142.773, 159.69, 155.985
642.617, 142.773, 159.69, 155.985
642.617, 142.773, 159.69, 155.985
658.463, 165.388, 133.075, 129.988
642.617, 161.234, 159.69, 155.985
642.617, 161.234, 159.69, 155.985
642.617, 161.234, 159.69, 155.985
642.617, 161.234, 159.69, 155.985
642.617, 161.234, 159.69, 155.985
642.617, 161.234, 159.69, 155.985
642.617, 161.234, 159.69, 155.985
658.463, 165.388, 133.075, 129.988
642.617, 142.773, 159.69, 155.985
642.617, 142.773, 159.69, 155.985
642.617, 142.773, 159.69, 155.985
642.617, 142.773, 159.69, 155.985
642.617, 142.773, 159.69, 155.985
642.617, 142.773, 159.69, 155.985
642.617, 142.773, 159.69, 155.985
642.617, 142.773, 159.69, 155.985
642.617, 142.773, 159.69, 155.985
642.617, 142.773, 159.69, 155.985
642.617, 142.773, 159.69, 155.985
642.617, 142.773, 159.69, 155.985
642.617, 142.773, 159.69, 155.985
642.617, 142.773, 159.69, 155.985
642.617, 161.234, 159.69, 155.985
642.617, 161.234, 159.69, 155.985
642.617, 161.234, 159.69, 155.985
642.617, 161.234, 159.69, 155.985
642.617, 161.234, 159.69, 155.985
642.617, 161.234, 159.69, 155.985
642.617, 161.234, 159.69, 155.985
642.617, 161.234, 159.69, 155.985
642.617, 161.234, 159.69, 155.985
642.617, 161.234, 159.69, 155.985
642.617, 161.234, 159.69, 155.985
658.463, 165.388, 133.075, 129.988
658.463, 165.388, 133.075, 129.988
658.463, 165.388, 133.075, 129.988
642.617, 161.234, 159.69, 155.985
642.617, 161.234, 159.69, 155.985
642.617, 161.234, 159.69, 155.985
642.617, 161.234, 159.69, 155.985
642.617, 161.234, 159.69, 155.985
624.156, 161.234, 159.69, 155.985
643.078, 165.388, 133.075, 129.988
643.078, 165.388, 133.075, 129.988
643.078, 165.388, 133.075, 129.988
643.078, 165.388, 133.075, 129.988
643.078, 165.388, 133.075, 129.988
643.078, 165.388, 133.075, 129.988
643.078, 165.388, 133.075, 129.988
642.617, 142.773, 159.69, 155.985
642.617, 142.773, 159.69, 155.985
642.617, 142.773, 159.69, 155.985
642.617, 142.773, 159.69, 155.985
642.617, 142.773, 159.69, 155.985
642.617, 142.773, 159.69, 155.985
642.617, 142.773, 159.69, 155.985
642.617, 142.773, 159.69, 155.985
658.463, 150.003, 133.075, 129.988
658.463, 150.003, 133.075, 129.988
643.078, 150.003, 133.075, 129.988
643.078, 150.003, 133.075, 129.988
643.078, 150.003, 133.075, 129.988
643.078, 150.003, 133.075, 129.988
643.078, 150.003, 133.075, 129.988
643.078, 150.003, 133.075, 129.988
643.078, 150.003, 133.075, 129.988
643.078, 150.003, 133.075, 129.988
624.156, 142.773, 159.69, 155.985
624.156, 142.773, 159.69, 155.985
624.156, 142.773, 159.69, 155.985
624.156, 161.234, 159.69, 155.985
624.156, 161.234, 159.69, 155.985
605.694, 161.234, 159.69, 155.985
605.694, 161.234, 159.69, 155.985
605.694, 161.234, 159.69, 155.985
605.694, 161.234, 159.69, 155.985
605.694, 161.234, 159.69, 155.985
605.694, 161.234, 159.69, 155.985
605.694, 161.234, 159.69, 155.985
605.694, 161.234, 159.69, 155.985
605.694, 142.773, 159.69, 155.985
605.694, 142.773, 159.69, 155.985
605.694, 142.773, 159.69, 155.985
605.694, 142.773, 159.69, 155.985
605.694, 142.773, 159.69, 155.985
605.694, 142.773, 159.69, 155.985
605.694, 142.773, 159.69, 155.985
605.694, 142.773, 159.69, 155.985
605.694, 142.773, 159.69, 155.985
605.694, 142.773, 159.69, 155.985
605.694, 142.773, 159.69, 155.985
605.694, 142.773, 159.69, 155.985
605.694, 142.773, 159.69, 155.985
605.694, 142.773, 159.69, 155.985
605.694, 142.773, 159.69, 155.985
605.694, 142.773, 159.69, 155.985
605.694, 142.773, 159.69, 155.985
605.694, 142.773, 159.69, 155.985
605.694, 142.773, 159.69, 155.985
605.694, 142.773, 159.69, 155.985
605.694, 142.773, 159.69, 155.985
605.694, 142.773, 159.69, 155.985
605.694, 142.773, 159.69, 155.985
627.694, 150.003, 133.075, 129.988
627.694, 150.003, 133.075, 129.988
627.694, 150.003, 133.075, 129.988
605.694, 142.773, 159.69, 155.985
605.694, 142.773, 159.69, 155.985
627.694, 150.003, 133.075, 129.988
605.694, 142.773, 159.69, 155.985
605.694, 142.773, 159.69, 155.985
605.694, 142.773, 159.69, 155.985
605.694, 142.773, 159.69, 155.985
605.694, 142.773, 159.69, 155.985
605.694, 142.773, 159.69, 155.985
605.694, 142.773, 159.69, 155.985
605.694, 142.773, 159.69, 155.985
605.694, 142.773, 159.69, 155.985
605.694, 142.773, 159.69, 155.985
605.694, 142.773, 159.69, 155.985
605.694, 142.773, 159.69, 155.985
605.694, 142.773, 159.69, 155.985
605.694, 142.773, 159.69, 155.985
605.694, 142.773, 159.69, 155.985
605.694, 142.773, 159.69, 155.985
605.694, 142.773, 159.69, 155.985
605.694, 142.773, 159.69, 155.985
605.694, 142.773, 159.69, 155.985
605.694, 142.773, 159.69, 155.985
605.694, 142.773, 159.69, 155.985
605.694, 142.773, 159.69, 155.985
605.694, 142.773, 159.69, 155.985
627.694, 150.003, 133.075, 129.988
627.694, 150.003, 133.075, 129.988
627.694, 150.003, 133.075, 129.988
627.694, 150.003, 133.075, 129.988
627.694, 150.003, 133.075, 129.988
627.694, 150.003, 133.075, 129.988
624.156, 142.773, 159.69, 155.985
624.156, 142.773, 159.69, 155.985
624.156, 142.773, 159.69, 155.985
624.156, 142.773, 159.69, 155.985
624.156, 142.773, 159.69, 155.985
624.156, 142.773, 159.69, 155.985
624.156, 142.773, 159.69, 155.985
624.156, 142.773, 159.69, 155.985
624.156, 142.773, 159.69, 155.985
624.156, 142.773, 159.69, 155.985
624.156, 142.773, 159.69, 155.985
624.156, 142.773, 159.69, 155.985
624.156, 142.773, 159.69, 155.985
624.156, 142.773, 159.69, 155.985
624.156, 142.773, 159.69, 155.985
624.156, 142.773, 159.69, 155.985
624.156, 142.773, 159.69, 155.985
624.156, 142.773, 159.69, 155.985
624.156, 142.773, 159.69, 155.985
624.156, 142.773, 159.69, 155.985
624.156, 142.773, 159.69, 155.985
624.156, 142.773, 159.69, 155.985
624.156, 142.773, 159.69, 155.985
624.156, 142.773, 159.69, 155.985
624.156, 142.773, 159.69, 155.985
624.156, 142.773, 159.69, 155.985
624.156, 142.773, 159.69, 155.985
624.156, 142.773, 159.69, 155.985
624.156, 142.773, 159.69, 155.985
624.156, 142.773, 159.69, 155.985
624.156, 142.773, 159.69, 155.985
624.156, 142.773, 159.69, 155.985
624.156, 142.773, 159.69, 155.985
624.156, 142.773, 159.69, 155.985
624.156, 142.773, 159.69, 155.985
643.078, 165.388, 133.075, 129.988
643.078, 180.772, 133.075, 129.988
643.078, 180.772, 133.075, 129.988
643.078, 195.486, 133.075, 130.71
643.078, 195.486, 133.075, 130.71
643.078, 210.772, 133.075, 129.988
643.078, 210.772, 133.075, 129.988
643.078, 195.486, 133.075, 130.71
643.078, 195.486, 133.075, 130.71
643.078, 195.486, 133.075, 130.71
643.078, 195.486, 133.075, 130.71
643.078, 195.486, 133.075, 130.71
643.078, 195.486, 133.075, 130.71
643.078, 195.486, 133.075, 130.71
643.078, 195.486, 133.075, 130.71
662.98, 188.592, 111.635, 108.323
662.98, 188.592, 111.635, 108.323
662.98, 188.592, 111.635, 108.323
662.98, 188.592, 111.635, 108.323
662.98, 188.592, 111.635, 108.323
662.98, 188.592, 111.635, 108.323
662.98, 188.592, 111.635, 108.323
662.98, 188.592, 111.635, 108.323
662.98, 188.592, 111.635, 108.323
662.98, 188.592, 111.635, 108.323
662.98, 188.592, 111.635, 108.323
662.98, 188.592, 111.635, 108.323
662.98, 188.592, 111.635, 108.323
662.98, 188.592, 111.635, 108.323
662.98, 188.592, 111.635, 108.323
662.98, 188.592, 111.635, 108.323
643.078, 180.772, 133.075, 129.988
643.078, 180.772, 133.075, 129.988
643.078, 180.772, 133.075, 129.988
643.078, 180.772, 133.075, 129.988
643.078, 165.388, 133.075, 129.988
643.078, 165.388, 133.075, 129.988
643.078, 165.388, 133.075, 129.988
643.078, 150.003, 133.075, 129.988
643.078, 150.003, 133.075, 129.988
643.078, 150.003, 133.075, 129.988
643.078, 150.003, 133.075, 129.988
627.694, 134.618, 133.075, 129.988
627.694, 134.618, 133.075, 129.988
627.694, 134.618, 133.075, 129.988
612.309, 134.618, 133.075, 129.988
612.309, 134.618, 133.075, 129.988
612.309, 134.618, 133.075, 129.988
612.309, 134.618, 133.075, 129.988
596.925, 119.234, 133.075, 129.988
596.925, 119.234, 133.075, 129.988
596.925, 134.618, 133.075, 129.988
596.925, 134.618, 133.075, 129.988
581.54, 134.618, 133.075, 129.988
581.54, 134.618, 133.075, 129.988
581.54, 134.618, 133.075, 129.988
581.54, 134.618, 133.075, 129.988
581.54, 134.618, 133.075, 129.988
581.54, 134.618, 133.075, 129.988
581.54, 134.618, 133.075, 129.988
581.54, 134.618, 133.075, 129.988
581.54, 134.618, 133.075, 129.988
581.54, 134.618, 133.075, 129.988
581.54, 134.618, 133.075, 129.988
581.54, 134.618, 133.075, 129.988
581.54, 134.618, 133.075, 129.988
581.54, 134.618, 133.075, 129.988
566.155, 134.618, 133.075, 129.988
566.155, 134.618, 133.075, 129.988
566.155, 134.618, 133.075, 129.988
566.155, 134.618, 133.075, 129.988
566.155, 134.618, 133.075, 129.988
566.155, 134.618, 133.075, 129.988
566.155, 134.618, 133.075, 129.988
566.155, 150.003, 133.075, 129.988
566.155, 150.003, 133.075, 129.988
566.155, 150.003, 133.075, 129.988
566.155, 150.003, 133.075, 129.988
566.155, 150.003, 133.075, 129.988
566.155, 150.003, 133.075, 129.988
566.155, 165.388, 133.075, 129.988
566.155, 165.388, 133.075, 129.988
566.155, 165.388, 133.075, 129.988
566.155, 165.388, 133.075, 129.988
566.155, 165.388, 133.075, 129.988
566.155, 165.388, 133.075, 129.988
566.155, 165.388, 133.075, 129.988
566.155, 165.388, 133.075, 129.988
566.155, 165.388, 133.075, 129.988
566.155, 165.388, 133.075, 129.988
566.155, 150.003, 133.075, 129.988
566.155, 150.003, 133.075, 129.988
566.155, 165.388, 133.075, 129.988
566.155, 165.388, 133.075, 129.988
566.155, 165.388, 133.075, 129.988
566.155, 165.388, 133.075, 129.988
566.155, 165.388, 133.075, 129.988
566.155, 165.388, 133.075, 129.988
566.155, 165.388, 133.075, 129.988
566.155, 165.388, 133.075, 129.988
566.155, 165.388, 133.075, 129.988
566.155, 165.388, 133.075, 129.988
566.155, 165.388, 133.075, 129.988
566.155, 165.388, 133.075, 129.988
566.155, 165.388, 133.075, 129.988
566.155, 165.388, 133.075, 129.988
566.155, 165.388, 133.075, 129.988
566.155, 165.388, 133.075, 129.988
566.155, 165.388, 133.075, 129.988
566.155, 165.388, 133.075, 129.988
566.155, 165.388, 133.075, 129.988
566.155, 165.388, 133.075, 129.988
566.155, 165.388, 133.075, 129.988
566.155, 165.388, 133.075, 129.988
566.155, 165.388, 133.075, 129.988
566.155, 165.388, 133.075, 129.988
566.155, 165.388, 133.075, 129.988
566.155, 165.388, 133.075, 129.988
566.155, 165.388, 133.075, 129.988
566.155, 165.388, 133.075, 129.988
566.155, 165.388, 133.075, 129.988
566.155, 165.388, 133.075, 129.988
566.155, 165.388, 133.075, 129.988
566.155, 165.388, 133.075, 129.988
566.155, 165.388, 133.075, 129.988
566.155, 165.388, 133.075, 129.988
566.155, 165.388, 133.075, 129.988
566.155, 165.388, 133.075, 129.988
566.155, 165.388, 133.075, 129.988
566.155, 165.388, 133.075, 129.988
566.155, 165.388, 133.075, 129.988
566.155, 165.388, 133.075, 129.988
566.155, 165.388, 133.075, 129.988
566.155, 165.388, 133.075, 129.988
566.155, 165.388, 133.075, 129.988
566.155, 165.388, 133.075, 129.988
566.155, 165.388, 133.075, 129.988
551.079, 161.234, 159.69, 155.985
566.155, 180.772, 133.075, 129.988
550.771, 165.388, 133.075, 129.988
550.771, 165.388, 133.075, 129.988
550.771, 165.388, 133.075, 129.988
550.771, 165.388, 133.075, 129.988
550.771, 165.388, 133.075, 129.988
550.771, 165.388, 133.075, 129.988
550.771, 165.388, 133.075, 129.988
550.771, 165.388, 133.075, 129.988
550.771, 165.388, 133.075, 129.988
550.771, 165.388, 133.075, 129.988
550.771, 165.388, 133.075, 129.988
550.771, 165.388, 133.075, 129.988
550.771, 165.388, 133.075, 129.988
550.771, 165.388, 133.075, 129.988
550.771, 165.388, 133.075, 129.988
550.771, 165.388, 133.075, 129.988
550.771, 165.388, 133.075, 129.988
550.771, 165.388, 133.075, 129.988
550.771, 165.388, 133.075, 129.988
550.771, 165.388, 133.075, 129.988
550.771, 165.388, 133.075, 129.988
550.771, 165.388, 133.075, 129.988
550.771, 165.388, 133.075, 129.988
550.771, 165.388, 133.075, 129.988
550.771, 165.388, 133.075, 129.988
550.771, 165.388, 133.075, 129.988
550.771, 165.388, 133.075, 129.988
550.771, 165.388, 133.075, 129.988
550.771, 165.388, 133.075, 129.988
550.771, 165.388, 133.075, 129.988
550.771, 165.388, 133.075, 129.988
550.771, 165.388, 133.075, 129.988
550.771, 150.003, 133.075, 129.988
550.771, 150.003, 133.075, 129.988
550.771, 150.003, 133.075, 129.988
550.771, 150.003, 133.075, 129.988
550.771, 150.003, 133.075, 129.988
550.771, 150.003, 133.075, 129.988
550.771, 150.003, 133.075, 129.988
550.771, 150.003, 133.075, 129.988
550.771, 150.003, 133.075, 129.988
550.771, 150.003, 133.075, 129.988
550.771, 150.003, 133.075, 129.988
550.771, 150.003, 133.075, 129.988
550.771, 150.003, 133.075, 129.988
550.771, 150.003, 133.075, 129.988
550.771, 150.003, 133.075, 129.988
550.771, 150.003, 133.075, 129.988
550.771, 150.003, 133.075, 129.988
550.771, 150.003, 133.075, 129.988
550.771, 150.003, 133.075, 129.988
550.771, 150.003, 133.075, 129.988
550.771, 150.003, 133.075, 129.988
550.771, 150.003, 133.075, 129.988
550.771, 150.003, 133.075, 129.988
550.771, 165.388, 133.075, 129.988
550.771, 165.388, 133.075, 129.988
550.771, 165.388, 133.075, 129.988
550.771, 165.388, 133.075, 129.988
550.771, 165.388, 133.075, 129.988
550.771, 165.388, 133.075, 129.988
550.771, 165.388, 133.075, 129.988
550.771, 165.388, 133.075, 129.988
550.771, 165.388, 133.075, 129.988
550.771, 165.388, 133.075, 129.988
550.771, 165.388, 133.075, 129.988
550.771, 165.388, 133.075, 129.988
550.771, 165.388, 133.075, 129.988
550.771, 165.388, 133.075, 129.988
550.771, 165.388, 133.075, 129.988
550.771, 165.388, 133.075, 129.988
550.771, 165.388, 133.075, 129.988
550.771, 165.388, 133.075, 129.988
550.771, 165.388, 133.075, 129.988
550.771, 165.388, 133.075, 129.988
550.771, 165.388, 133.075, 129.988
550.771, 165.388, 133.075, 129.988
550.771, 165.388, 133.075, 129.988
550.771, 165.388, 133.075, 129.988
550.771, 165.388, 133.075, 129.988
550.771, 165.388, 133.075, 129.988
550.771, 165.388, 133.075, 129.988
550.771, 150.003, 133.075, 129.988
550.771, 150.003, 133.075, 129.988
550.771, 150.003, 133.075, 129.988
550.771, 150.003, 133.075, 129.988
550.771, 150.003, 133.075, 129.988
550.771, 150.003, 133.075, 129.988
550.771, 150.003, 133.075, 129.988
550.771, 150.003, 133.075, 129.988
550.771, 150.003, 133.075, 129.988
550.771, 150.003, 133.075, 129.988
550.771, 134.618, 133.075, 129.988
550.771, 134.618, 133.075, 129.988
550.771, 134.618, 133.075, 129.988
550.771, 134.618, 133.075, 129.988
550.771, 134.618, 133.075, 129.988
566.155, 150.003, 133.075, 129.988
566.155, 150.003, 133.075, 129.988
566.155, 150.003, 133.075, 129.988
551.079, 142.773, 159.69, 155.985
566.155, 150.003, 133.075, 129.988
566.155, 150.003, 133.075, 129.988
566.155, 150.003, 133.075, 129.988
566.155, 150.003, 133.075, 129.988
566.155, 150.003, 133.075, 129.988
566.155, 150.003, 133.075, 129.988
566.155, 150.003, 133.075, 129.988
566.155, 150.003, 133.075, 129.988
566.155, 150.003, 133.075, 129.988
566.155, 150.003, 133.075, 129.988
566.155, 150.003, 133.075, 129.988
566.155, 150.003, 133.075, 129.988
566.155, 150.003, 133.075, 129.988
566.155, 150.003, 133.075, 129.988
566.155, 150.003, 133.075, 129.988
566.155, 150.003, 133.075, 129.988
566.155, 150.003, 133.075, 129.988
566.155, 150.003, 133.075, 129.988
566.155, 150.003, 133.075, 129.988
566.155, 150.003, 133.075, 129.988
566.155, 150.003, 133.075, 129.988
566.155, 150.003, 133.075, 129.988
566.155, 150.003, 133.075, 129.988
566.155, 150.003, 133.075, 129.988
566.155, 150.003, 133.075, 129.988
566.155, 150.003, 133.075, 129.988
566.155, 150.003, 133.075, 129.988
566.155, 150.003, 133.075, 129.988
566.155, 150.003, 133.075, 129.988
566.155, 150.003, 133.075, 129.988
566.155, 165.388, 133.075, 129.988
566.155, 165.388, 133.075, 129.988
566.155, 165.388, 133.075, 129.988
566.155, 165.388, 133.075, 129.988
566.155, 165.388, 133.075, 129.988
566.155, 165.388, 133.075, 129.988
566.155, 165.388, 133.075, 129.988
566.155, 165.388, 133.075, 129.988
566.155, 165.388, 133.075, 129.988
566.155, 165.388, 133.075, 129.988
566.155, 150.003, 133.075, 129.988
566.155, 150.003, 133.075, 129.988
566.155, 150.003, 133.075, 129.988
566.155, 150.003, 133.075, 129.988
566.155, 150.003, 133.075, 129.988
566.155, 150.003, 133.075, 129.988
566.155, 150.003, 133.075, 129.988
550.771, 150.003, 133.075, 129.988
550.771, 150.003, 133.075, 129.988
551.079, 142.773, 159.69, 155.985
551.079, 142.773, 159.69, 155.985
566.155, 165.388, 133.075, 129.988
551.079, 142.773, 159.69, 155.985
551.079, 142.773, 159.69, 155.985
551.079, 142.773, 159.69, 155.985
566.155, 150.003, 133.075, 129.988
566.155, 150.003, 133.075, 129.988
566.155, 150.003, 133.075, 129.988
566.155, 150.003, 133.075, 129.988
566.155, 150.003, 133.075, 129.988
573.749, 163.208, 111.635, 108.323
573.749, 163.208, 111.635, 108.323
566.155, 165.388, 133.075, 129.988
566.155, 165.388, 133.075, 129.988
566.155, 165.388, 133.075, 129.988
551.079, 142.773, 159.69, 155.985
573.749, 163.208, 111.635, 108.323
551.079, 142.773, 159.69, 155.985
566.155, 165.388, 133.075, 129.988
551.079, 142.773, 159.69, 155.985
551.079, 142.773, 159.69, 155.985
551.079, 142.773, 159.69, 155.985
551.079, 142.773, 159.69, 155.985
566.155, 165.388, 133.075, 129.988
551.079, 142.773, 159.69, 155.985
551.079, 142.773, 159.69, 155.985
566.155, 150.003, 133.075, 129.988
566.155, 150.003, 133.075, 129.988
566.155, 150.003, 133.075, 129.988
566.155, 150.003, 133.075, 129.988
566.155, 150.003, 133.075, 129.988
566.155, 150.003, 133.075, 129.988
566.155, 150.003, 133.075, 129.988
566.155, 150.003, 133.075, 129.988
566.155, 150.003, 133.075, 129.988
566.155, 150.003, 133.075, 129.988
566.155, 150.003, 133.075, 129.988
566.155, 150.003, 133.075, 129.988
566.155, 150.003, 133.075, 129.988
566.155, 150.003, 133.075, 129.988
566.155, 150.003, 133.075, 129.988
566.155, 150.003, 133.075, 129.988
566.155, 150.003, 133.075, 129.988
566.155, 150.003, 133.075, 129.988
566.155, 150.003, 133.075, 129.988
566.155, 150.003, 133.075, 129.988
566.155, 150.003, 133.075, 129.988
566.155, 150.003, 133.075, 129.988
566.155, 150.003, 133.075, 129.988
566.155, 150.003, 133.075, 129.988
566.155, 150.003, 133.075, 129.988
566.155, 150.003, 133.075, 129.988
550.771, 134.618, 133.075, 129.988
550.771, 134.618, 133.075, 129.988
550.771, 134.618, 133.075, 129.988
550.771, 134.618, 133.075, 129.988
550.771, 119.234, 133.075, 129.988
566.155, 134.618, 133.075, 129.988
566.155, 134.618, 133.075, 129.988
566.155, 119.234, 133.075, 129.988
566.155, 119.234, 133.075, 129.988
566.155, 119.234, 133.075, 129.988
566.155, 119.234, 133.075, 129.988
586.796, 124.746, 110.896, 108.323
581.54, 119.234, 133.075, 129.988
581.54, 119.234, 133.075, 129.988
581.54, 119.234, 133.075, 129.988
581.54, 119.234, 133.075, 129.988
581.54, 119.234, 133.075, 129.988
581.54, 119.234, 133.075, 129.988
581.54, 119.234, 133.075, 129.988
581.54, 119.234, 133.075, 129.988
599.134, 124.746, 111.635, 108.323
596.925, 119.234, 133.075, 129.988
596.925, 119.234, 133.075, 129.988
596.925, 119.234, 133.075, 129.988
596.925, 119.234, 133.075, 129.988
596.925, 119.234, 133.075, 129.988
612.309, 119.234, 133.075, 129.988
612.309, 119.234, 133.075, 129.988
612.309, 119.234, 133.075, 129.988
627.694, 134.618, 133.075, 129.988
627.694, 134.618, 133.075, 129.988
643.078, 134.618, 133.075, 129.988
643.078, 134.618, 133.075, 129.988
643.078, 134.618, 133.075, 129.988
643.078, 134.618, 133.075, 129.988
658.463, 134.618, 133.075, 129.988
658.463, 150.003, 133.075, 129.988
658.463, 150.003, 133.075, 129.988
658.463, 150.003, 133.075, 129.988
658.463, 150.003, 133.075, 129.988
658.463, 150.003, 133.075, 129.988
662.98, 163.208, 111.635, 108.323
658.463, 165.388, 133.075, 129.988
662.98, 175.614, 111.635, 109.045
643.078, 180.772, 133.075, 129.988
643.078, 180.772, 133.075, 129.988
643.078, 195.486, 133.075, 130.71
643.078, 195.486, 133.075, 130.71
643.078, 195.486, 133.075, 130.71
643.078, 180.772, 133.075, 129.988
643.078, 180.772, 133.075, 129.988
650.642, 175.614, 110.896, 109.045
627.694, 165.388, 133.075, 129.988
627.694, 165.388, 133.075, 129.988
627.694, 165.388, 133.075, 129.988
627.694, 165.388, 133.075, 129.988
627.694, 165.388, 133.075, 129.988
627.694, 165.388, 133.075, 129.988
627.694, 165.388, 133.075, 129.988
624.156, 142.773, 159.69, 155.985
650.642, 163.208, 110.896, 108.323
650.642, 163.208, 110.896, 108.323
650.642, 163.208, 110.896, 108.323
650.642, 163.208, 110.896, 108.323
624.156, 142.773, 159.69, 155.985
624.156, 142.773, 159.69, 155.985
624.156, 142.773, 159.69, 155.985
627.694, 150.003, 133.075, 129.988
624.156, 142.773, 159.69, 155.985
627.694, 150.003, 133.075, 129.988
624.156, 142.773, 159.69, 155.985
624.156, 142.773, 159.69, 155.985
624.156, 142.773, 159.69, 155.985
624.156, 142.773, 159.69, 155.985
624.156, 142.773, 159.69, 155.985
624.156, 142.773, 159.69, 155.985
624.156, 142.773, 159.69, 155.985
624.156, 161.234, 159.69, 155.985
624.156, 161.234, 159.69, 155.985
624.156, 161.234, 159.69, 155.985
624.156, 161.234, 159.69, 155.985
624.156, 161.234, 159.69, 155.985
624.156, 161.234, 159.69, 155.985
627.694, 180.772, 133.075, 129.988
627.694, 180.772, 133.075, 129.988
627.694, 180.772, 133.075, 129.988
605.694, 161.234, 159.69, 155.985
605.694, 161.234, 159.69, 155.985
605.694, 161.234, 159.69, 155.985
627.694, 180.772, 133.075, 129.988
627.694, 180.772, 133.075, 129.988
627.694, 180.772, 133.075, 129.988
605.694, 179.696, 159.69, 155.985
605.694, 179.696, 159.69, 155.985
605.694, 179.696, 159.69, 155.985
605.694, 179.696, 159.69, 155.985
605.694, 179.696, 159.69, 155.985
605.694, 179.696, 159.69, 155.985
605.694, 179.696, 159.69, 155.985
605.694, 179.696, 159.69, 155.985
605.694, 179.696, 159.69, 155.985
627.694, 180.772, 133.075, 129.988
605.694, 161.234, 159.69, 155.985
605.694, 161.234, 159.69, 155.985
605.694, 161.234, 159.69, 155.985
605.694, 161.234, 159.69, 155.985
605.694, 161.234, 159.69, 155.985
605.694, 161.234, 159.69, 155.985
605.694, 161.234, 159.69, 155.985
627.694, 165.388, 133.075, 129.988
627.694, 165.388, 133.075, 129.988
605.694, 161.234, 159.69, 155.985
605.694, 161.234, 159.69, 155.985
605.694, 161.234, 159.69, 155.985
627.694, 165.388, 133.075, 129.988
605.694, 142.773, 159.69, 155.985
605.694, 142.773, 159.69, 155.985
605.694, 142.773, 159.69, 155.985
605.694, 142.773, 159.69, 155.985
605.694, 142.773, 159.69, 155.985
605.694, 142.773, 159.69, 155.985
627.694, 150.003, 133.075, 129.988
627.694, 150.003, 133.075, 129.988
627.694, 150.003, 133.075, 129.988
627.694, 150.003, 133.075, 129.988
624.156, 142.773, 159.69, 155.985
624.156, 142.773, 159.69, 155.985
624.156, 142.773, 159.69, 155.985
624.156, 142.773, 159.69, 155.985
624.156, 142.773, 159.69, 155.985
624.156, 142.773, 159.69, 155.985
624.156, 142.773, 159.69, 155.985
624.156, 142.773, 159.69, 155.985
624.156, 142.773, 159.69, 155.985
624.156, 142.773, 159.69, 155.985
624.156, 142.773, 159.69, 155.985
624.156, 142.773, 159.69, 155.985
624.156, 142.773, 159.69, 155.985
624.156, 142.773, 159.69, 155.985
624.156, 142.773, 159.69, 155.985
624.156, 142.773, 159.69, 155.985
624.156, 142.773, 159.69, 155.985
643.078, 150.003, 133.075, 129.988
624.156, 142.773, 159.69, 155.985
624.156, 142.773, 159.69, 155.985
624.156, 142.773, 159.69, 155.985
624.156, 142.773, 159.69, 155.985
624.156, 142.773, 159.69, 155.985
624.156, 142.773, 159.69, 155.985
624.156, 142.773, 159.69, 155.985
624.156, 142.773, 159.69, 155.985
624.156, 142.773, 159.69, 155.985
624.156, 142.773, 159.69, 155.985
624.156, 142.773, 159.69, 155.985
624.156, 142.773, 159.69, 155.985
624.156, 142.773, 159.69, 155.985
624.156, 124.311, 159.69, 155.985
624.156, 124.311, 159.69, 155.985
624.156, 124.311, 159.69, 155.985
624.156, 124.311, 159.69, 155.985
624.156, 124.311, 159.69, 155.985
624.156, 124.311, 159.69, 155.985
624.156, 124.311, 159.69, 155.985
627.694, 150.003, 133.075, 129.988
605.694, 124.311, 159.69, 155.985
627.694, 150.003, 133.075, 129.988
627.694, 150.003, 133.075, 129.988
605.694, 124.311, 159.69, 155.985
627.694, 150.003, 133.075, 129.988
627.694, 150.003, 133.075, 129.988
627.694, 150.003, 133.075, 129.988
627.694, 150.003, 133.075, 129.988
605.694, 142.773, 159.69, 155.985
605.694, 142.773, 159.69, 155.985
605.694, 142.773, 159.69, 155.985
605.694, 142.773, 159.69, 155.985
605.694, 142.773, 159.69, 155.985
605.694, 142.773, 159.69, 155.985
605.694, 142.773, 159.69, 155.985
605.694, 142.773, 159.69, 155.985
605.694, 142.773, 159.69, 155.985
605.694, 142.773, 159.69, 155.985
605.694, 142.773, 159.69, 155.985
605.694, 142.773, 159.69, 155.985
605.694, 142.773, 159.69, 155.985
605.694, 142.773, 159.69, 155.985
605.694, 142.773, 159.69, 155.985
605.694, 142.773, 159.69, 155.985
605.694, 142.773, 159.69, 155.985
605.694, 142.773, 159.69, 155.985
605.694, 142.773, 159.69, 155.985
605.694, 142.773, 159.69, 155.985
605.694, 142.773, 159.69, 155.985
605.694, 142.773, 159.69, 155.985
605.694, 161.234, 159.69, 155.985
605.694, 161.234, 159.69, 155.985
605.694, 161.234, 159.69, 155.985
605.694, 161.234, 159.69, 155.985
605.694, 161.234, 159.69, 155.985
605.694, 161.234, 159.69, 155.985
605.694, 161.234, 159.69, 155.985
605.694, 142.773, 159.69, 155.985
605.694, 142.773, 159.69, 155.985
605.694, 142.773, 159.69, 155.985
605.694, 142.773, 159.69, 155.985
605.694, 142.773, 159.69, 155.985
605.694, 142.773, 159.69, 155.985
605.694, 142.773, 159.69, 155.985
605.694, 142.773, 159.69, 155.985
605.694, 142.773, 159.69, 155.985
605.694, 142.773, 159.69, 155.985
605.694, 142.773, 159.69, 155.985
605.694, 142.773, 159.69, 155.985
605.694, 142.773, 159.69, 155.985
605.694, 142.773, 159.69, 155.985
605.694, 142.773, 159.69, 155.985
605.694, 142.773, 159.69, 155.985
605.694, 142.773, 159.69, 155.985
605.694, 142.773, 159.69, 155.985
605.694, 142.773, 159.69, 155.985
605.694, 142.773, 159.69, 155.985
605.694, 142.773, 159.69, 155.985
605.694, 142.773, 159.69, 155.985
605.694, 142.773, 159.69, 155.985
605.694, 142.773, 159.69, 155.985
605.694, 142.773, 159.69, 155.985
605.694, 142.773, 159.69, 155.985
605.694, 142.773, 159.69, 155.985
605.694, 142.773, 159.69, 155.985
605.694, 142.773, 159.69, 155.985
605.694, 142.773, 159.69, 155.985
605.694, 142.773, 159.69, 155.985
605.694, 142.773, 159.69, 155.985
605.694, 142.773, 159.69, 155.985
605.694, 142.773, 159.69, 155.985
605.694, 142.773, 159.69, 155.985
605.694, 142.773, 159.69, 155.985
605.694, 142.773, 159.69, 155.985
605.694, 142.773, 159.69, 155.985
605.694, 142.773, 159.69, 155.985
605.694, 142.773, 159.69, 155.985
605.694, 142.773, 159.69, 155.985
605.694, 142.773, 159.69, 155.985
605.694, 142.773, 159.69, 155.985
605.694, 142.773, 159.69, 155.985
605.694, 142.773, 159.69, 155.985
605.694, 142.773, 159.69, 155.985
605.694, 142.773, 159.69, 155.985
605.694, 142.773, 159.69, 155.985
627.694, 150.003, 133.075, 129.988
605.694, 142.773, 159.69, 155.985
627.694, 150.003, 133.075, 129.988
627.694, 150.003, 133.075, 129.988
627.694, 150.003, 133.075, 129.988
627.694, 150.003, 133.075, 129.988
627.694, 150.003, 133.075, 129.988
627.694, 150.003, 133.075, 129.988
627.694, 150.003, 133.075, 129.988
627.694, 150.003, 133.075, 129.988
627.694, 150.003, 133.075, 129.988
627.694, 150.003, 133.075, 129.988
627.694, 150.003, 133.075, 129.988
627.694, 150.003, 133.075, 129.988
627.694, 150.003, 133.075, 129.988
627.694, 150.003, 133.075, 129.988
627.694, 150.003, 133.075, 129.988
627.694, 150.003, 133.075, 129.988
627.694, 150.003, 133.075, 129.988
627.694, 150.003, 133.075, 129.988
627.694, 150.003, 133.075, 129.988
650.642, 163.208, 110.896, 108.323
650.642, 163.208, 110.896, 108.323
650.642, 163.208, 110.896, 108.323
650.642, 163.208, 110.896, 108.323
650.642, 163.208, 110.896, 108.323
650.642, 163.208, 110.896, 108.323
650.642, 163.208, 110.896, 108.323
650.642, 163.208, 110.896, 108.323
650.642, 163.208, 110.896, 108.323
650.642, 163.208, 110.896, 108.323
643.078, 150.003, 133.075, 129.988
643.078, 150.003, 133.075, 129.988
643.078, 150.003, 133.075, 129.988
643.078, 150.003, 133.075, 129.988
643.078, 150.003, 133.075, 129.988
643.078, 150.003, 133.075, 129.988
643.078, 150.003, 133.075, 129.988
643.078, 150.003, 133.075, 129.988
643.078, 150.003, 133.075, 129.988
643.078, 150.003, 133.075, 129.988
643.078, 150.003, 133.075, 129.988
643.078, 150.003, 133.075, 129.988
643.078, 150.003, 133.075, 129.988
624.156, 142.773, 159.69, 155.985
627.694, 165.388, 133.075, 129.988
627.694, 165.388, 133.075, 129.988
627.694, 165.388, 133.075, 129.988
627.694, 165.388, 133.075, 129.988
627.694, 165.388, 133.075, 129.988
627.694, 165.388, 133.075, 129.988
627.694, 165.388, 133.075, 129.988
627.694, 165.388, 133.075, 129.988
627.694, 165.388, 133.075, 129.988
627.694, 165.388, 133.075, 129.988
627.694, 165.388, 133.075, 129.988
627.694, 165.388, 133.075, 129.988
627.694, 165.388, 133.075, 129.988
627.694, 165.388, 133.075, 129.988
627.694, 165.388, 133.075, 129.988
627.694, 165.388, 133.075, 129.988
627.694, 165.388, 133.075, 129.988
627.694, 165.388, 133.075, 129.988
627.694, 165.388, 133.075, 129.988
627.694, 165.388, 133.075, 129.988
627.694, 165.388, 133.075, 129.988
627.694, 165.388, 133.075, 129.988
627.694, 165.388, 133.075, 129.988
627.694, 165.388, 133.075, 129.988
605.694, 161.234, 159.69, 155.985
627.694, 180.772, 133.075, 129.988
627.694, 180.772, 133.075, 129.988
627.694, 165.388, 133.075, 129.988
627.694, 165.388, 133.075, 129.988
627.694, 165.388, 133.075, 129.988
627.694, 180.772, 133.075, 129.988
627.694, 180.772, 133.075, 129.988
627.694, 180.772, 133.075, 129.988
627.694, 180.772, 133.075, 129.988
627.694, 180.772, 133.075, 129.988
627.694, 180.772, 133.075, 129.988
627.694, 180.772, 133.075, 129.988
627.694, 180.772, 133.075, 129.988
627.694, 180.772, 133.075, 129.988
627.694, 180.772, 133.075, 129.988
627.694, 180.772, 133.075, 129.988
627.694, 180.772, 133.075, 129.988
627.694, 180.772, 133.075, 129.988
627.694, 180.772, 133.075, 129.988
627.694, 180.772, 133.075, 129.988
627.694, 165.388, 133.075, 129.988
627.694, 165.388, 133.075, 129.988
627.694, 165.388, 133.075, 129.988
627.694, 165.388, 133.075, 129.988
627.694, 165.388, 133.075, 129.988
627.694, 165.388, 133.075, 129.988
627.694, 165.388, 133.075, 129.988
627.694, 165.388, 133.075, 129.988
627.694, 165.388, 133.075, 129.988
627.694, 165.388, 133.075, 129.988
627.694, 165.388, 133.075, 129.988
627.694, 165.388, 133.075, 129.988
627.694, 165.388, 133.075, 129.988
627.694, 165.388, 133.075, 129.988
627.694, 165.388, 133.075, 129.988
627.694, 165.388, 133.075, 129.988
627.694, 165.388, 133.075, 129.988
627.694, 165.388, 133.075, 129.988
627.694, 165.388, 133.075, 129.988
627.694, 165.388, 133.075, 129.988
627.694, 165.388, 133.075, 129.988
627.694, 165.388, 133.075, 129.988
627.694, 165.388, 133.075, 129.988
627.694, 165.388, 133.075, 129.988
627.694, 165.388, 133.075, 129.988
627.694, 165.388, 133.075, 129.988
627.694, 165.388, 133.075, 129.988
627.694, 165.388, 133.075, 129.988
627.694, 165.388, 133.075, 129.988
627.694, 165.388, 133.075, 129.988
627.694, 165.388, 133.075, 129.988
627.694, 165.388, 133.075, 129.988
627.694, 165.388, 133.075, 129.988
627.694, 165.388, 133.075, 129.988
627.694, 165.388, 133.075, 129.988
627.694, 165.388, 133.075, 129.988
627.694, 165.388, 133.075, 129.988
627.694, 150.003, 133.075, 129.988
627.694, 150.003, 133.075, 129.988
627.694, 165.388, 133.075, 129.988
627.694, 165.388, 133.075, 129.988
627.694, 165.388, 133.075, 129.988
627.694, 165.388, 133.075, 129.988
627.694, 165.388, 133.075, 129.988
627.694, 165.388, 133.075, 129.988
627.694, 165.388, 133.075, 129.988
627.694, 165.388, 133.075, 129.988
612.309, 165.388, 133.075, 129.988
612.309, 165.388, 133.075, 129.988
612.309, 165.388, 133.075, 129.988
612.309, 165.388, 133.075, 129.988
612.309, 165.388, 133.075, 129.988
612.309, 165.388, 133.075, 129.988
612.309, 165.388, 133.075, 129.988
612.309, 165.388, 133.075, 129.988
612.309, 165.388, 133.075, 129.988
612.309, 165.388, 133.075, 129.988
612.309, 165.388, 133.075, 129.988
612.309, 165.388, 133.075, 129.988
612.309, 165.388, 133.075, 129.988
612.309, 165.388, 133.075, 129.988
612.309, 165.388, 133.075, 129.988
612.309, 165.388, 133.075, 129.988
612.309, 165.388, 133.075, 129.988
612.309, 165.388, 133.075, 129.988
612.309, 165.388, 133.075, 129.988
612.309, 165.388, 133.075, 129.988
612.309, 165.388, 133.075, 129.988
612.309, 165.388, 133.075, 129.988
612.309, 165.388, 133.075, 129.988
612.309, 165.388, 133.075, 129.988
612.309, 165.388, 133.075, 129.988
612.309, 165.388, 133.075, 129.988
612.309, 165.388, 133.075, 129.988
612.309, 165.388, 133.075, 129.988
612.309, 165.388, 133.075, 129.988
612.309, 165.388, 133.075, 129.988
612.309, 165.388, 133.075, 129.988
612.309, 165.388, 133.075, 129.988
612.309, 165.388, 133.075, 129.988
612.309, 165.388, 133.075, 129.988
612.309, 165.388, 133.075, 129.988
612.309, 150.003, 133.075, 129.988
612.309, 150.003, 133.075, 129.988
612.309, 150.003, 133.075, 129.988
612.309, 150.003, 133.075, 129.988
612.309, 150.003, 133.075, 129.988
612.309, 150.003, 133.075, 129.988
612.309, 150.003, 133.075, 129.988
612.309, 165.388, 133.075, 129.988
612.309, 165.388, 133.075, 129.988
612.309, 165.388, 133.075, 129.988
612.309, 165.388, 133.075, 129.988
612.309, 165.388, 133.075, 129.988
612.309, 165.388, 133.075, 129.988
612.309, 180.772, 133.075, 129.988
612.309, 180.772, 133.075, 129.988
612.309, 180.772, 133.075, 129.988
612.309, 180.772, 133.075, 129.988
612.309, 180.772, 133.075, 129.988
612.309, 180.772, 133.075, 129.988
612.309, 180.772, 133.075, 129.988
612.309, 180.772, 133.075, 129.988
605.694, 161.234, 159.69, 155.985
605.694, 161.234, 159.69, 155.985
605.694, 161.234, 159.69, 155.985
627.694, 165.388, 133.075, 129.988
627.694, 165.388, 133.075, 129.988
627.694, 165.388, 133.075, 129.988
627.694, 165.388, 133.075, 129.988
627.694, 165.388, 133.075, 129.988
627.694, 165.388, 133.075, 129.988
627.694, 165.388, 133.075, 129.988
627.694, 165.388, 133.075, 129.988
627.694, 165.388, 133.075, 129.988
627.694, 165.388, 133.075, 129.988
627.694, 165.388, 133.075, 129.988
627.694, 165.388, 133.075, 129.988
627.694, 165.388, 133.075, 129.988
627.694, 165.388, 133.075, 129.988
627.694, 165.388, 133.075, 129.988
627.694, 165.388, 133.075, 129.988
627.694, 165.388, 133.075, 129.988
627.694, 165.388, 133.075, 129.988
627.694, 165.388, 133.075, 129.988
627.694, 165.388, 133.075, 129.988
627.694, 165.388, 133.075, 129.988
627.694, 165.388, 133.075, 129.988
627.694, 165.388, 133.075, 129.988
627.694, 165.388, 133.075, 129.988
627.694, 165.388, 133.075, 129.988
627.694, 165.388, 133.075, 129.988
627.694, 165.388, 133.075, 129.988
627.694, 165.388, 133.075, 129.988
624.156, 142.773, 159.69, 155.985
624.156, 142.773, 159.69, 155.985
624.156, 142.773, 159.69, 155.985
624.156, 142.773, 159.69, 155.985
624.156, 142.773, 159.69, 155.985
624.156, 142.773, 159.69, 155.985
624.156, 142.773, 159.69, 155.985
624.156, 142.773, 159.69, 155.985
643.078, 150.003, 133.075, 129.988
624.156, 124.311, 159.69, 155.985
624.156, 124.311, 159.69, 155.985
624.156, 124.311, 159.69, 155.985
627.694, 134.618, 133.075, 129.988
627.694, 134.618, 133.075, 129.988
627.694, 134.618, 133.075, 129.988
627.694, 119.234, 133.075, 129.988
627.694, 119.234, 133.075, 129.988
605.694, 105.85, 159.69, 155.985
605.694, 105.85, 159.69, 155.985
587.233, 105.85, 159.69, 155.985
587.233, 105.85, 159.69, 155.985
596.925, 119.234, 133.075, 129.988
599.134, 137.823, 111.635, 108.323
581.54, 119.234, 133.075, 129.988
569.54, 105.85, 159.69, 155.985
551.079, 105.85, 159.69, 155.985
551.079, 105.85, 159.69, 155.985
550.771, 134.618, 133.075, 129.988
550.771, 134.618, 133.075, 129.988
532.617, 124.311, 159.69, 155.985
535.386, 134.618, 133.075, 129.988
535.386, 134.618, 133.075, 129.988
535.386, 134.618, 133.075, 129.988
514.156, 105.85, 159.69, 155.985
514.156, 105.85, 159.69, 155.985
520.031, 134.618, 133.815, 129.988
520.031, 134.618, 133.815, 129.988
535.386, 134.618, 133.075, 129.988
514.156, 124.311, 159.69, 155.985
514.156, 124.311, 159.69, 155.985
514.156, 124.311, 159.69, 155.985
514.156, 124.311, 159.69, 155.985
514.156, 124.311, 159.69, 155.985
514.156, 124.311, 159.69, 155.985
514.156, 124.311, 159.69, 155.985
514.156, 124.311, 159.69, 155.985
514.156, 124.311, 159.69, 155.985
535.386, 134.618, 133.075, 129.988
535.386, 134.618, 133.075, 129.988
535.386, 134.618, 133.075, 129.988
535.386, 134.618, 133.075, 129.988
535.386, 134.618, 133.075, 129.988
535.386, 134.618, 133.075, 129.988
535.386, 134.618, 133.075, 129.988
514.156, 124.311, 159.69, 155.985
514.156, 124.311, 159.69, 155.985
514.156, 124.311, 159.69, 155.985
514.156, 124.311, 159.69, 155.985
514.156, 124.311, 159.69, 155.985
514.156, 124.311, 159.69, 155.985
514.156, 124.311, 159.69, 155.985
514.156, 124.311, 159.69, 155.985
514.156, 124.311, 159.69, 155.985
514.156, 124.311, 159.69, 155.985
514.156, 124.311, 159.69, 155.985
514.156, 124.311, 159.69, 155.985
514.156, 124.311, 159.69, 155.985
514.156, 124.311, 159.69, 155.985
514.156, 124.311, 159.69, 155.985
514.156, 124.311, 159.69, 155.985
514.156, 124.311, 159.69, 155.985
535.386, 150.003, 133.075, 129.988
535.386, 150.003, 133.075, 129.988
535.386, 150.003, 133.075, 129.988
535.386, 150.003, 133.075, 129.988
535.386, 150.003, 133.075, 129.988
535.386, 150.003, 133.075, 129.988
535.386, 150.003, 133.075, 129.988
535.386, 150.003, 133.075, 129.988
535.386, 150.003, 133.075, 129.988
535.386, 150.003, 133.075, 129.988
514.156, 124.311, 159.69, 155.985
535.386, 150.003, 133.075, 129.988
520.031, 150.003, 133.815, 129.988
520.031, 150.003, 133.815, 129.988
520.031, 150.003, 133.815, 129.988
520.031, 150.003, 133.815, 129.988
514.156, 142.773, 159.69, 155.985
514.156, 142.773, 159.69, 155.985
514.156, 142.773, 159.69, 155.985
514.156, 142.773, 159.69, 155.985
514.156, 142.773, 159.69, 155.985
514.156, 142.773, 159.69, 155.985
535.386, 165.388, 133.075, 129.988
535.386, 165.388, 133.075, 129.988
514.156, 142.773, 159.69, 155.985
514.156, 142.773, 159.69, 155.985
514.156, 142.773, 159.69, 155.985
535.386, 165.388, 133.075, 129.988
535.386, 165.388, 133.075, 129.988
535.386, 165.388, 133.075, 129.988
535.386, 165.388, 133.075, 129.988
535.386, 165.388, 133.075, 129.988
535.386, 165.388, 133.075, 129.988
535.386, 165.388, 133.075, 129.988
535.386, 165.388, 133.075, 129.988
535.386, 165.388, 133.075, 129.988
535.386, 165.388, 133.075, 129.988
535.386, 165.388, 133.075, 129.988
535.386, 165.388, 133.075, 129.988
535.386, 165.388, 133.075, 129.988
535.386, 165.388, 133.075, 129.988
535.386, 165.388, 133.075, 129.988
535.386, 165.388, 133.075, 129.988
535.386, 165.388, 133.075, 129.988
535.386, 165.388, 133.075, 129.988
535.386, 165.388, 133.075, 129.988
535.386, 165.388, 133.075, 129.988
535.386, 165.388, 133.075, 129.988
520.031, 165.388, 133.815, 129.988
536.027, 163.208, 110.896, 108.323
520.031, 150.003, 133.815, 129.988
536.027, 163.208, 110.896, 108.323
536.027, 163.208, 110.896, 108.323
536.027, 163.208, 110.896, 108.323
536.027, 163.208, 110.896, 108.323
535.386, 165.388, 133.075, 129.988
535.386, 165.388, 133.075, 129.988
535.386, 180.772, 133.075, 129.988
535.386, 180.772, 133.075, 129.988
535.386, 180.772, 133.075, 129.988
535.386, 180.772, 133.075, 129.988
535.386, 165.388, 133.075, 129.988
535.386, 165.388, 133.075, 129.988
535.386, 165.388, 133.075, 129.988
535.386, 150.003, 133.075, 129.988
535.386, 150.003, 133.075, 129.988
535.386, 150.003, 133.075, 129.988
535.386, 150.003, 133.075, 129.988
535.386, 150.003, 133.075, 129.988
535.386, 165.388, 133.075, 129.988
535.386, 165.388, 133.075, 129.988
535.386, 150.003, 133.075, 129.988
535.386, 150.003, 133.075, 129.988
535.386, 150.003, 133.075, 129.988
535.386, 150.003, 133.075, 129.988
535.386, 150.003, 133.075, 129.988
535.386, 150.003, 133.075, 129.988
535.386, 150.003, 133.075, 129.988
535.386, 150.003, 133.075, 129.988
535.386, 150.003, 133.075, 129.988
535.386, 150.003, 133.075, 129.988
535.386, 150.003, 133.075, 129.988
535.386, 150.003, 133.075, 129.988
535.386, 150.003, 133.075, 129.988
535.386, 150.003, 133.075, 129.988
550.771, 150.003, 133.075, 129.988
550.771, 150.003, 133.075, 129.988
550.771, 150.003, 133.075, 129.988
550.771, 150.003, 133.075, 129.988
550.771, 150.003, 133.075, 129.988
550.771, 150.003, 133.075, 129.988
550.771, 150.003, 133.075, 129.988
550.771, 150.003, 133.075, 129.988
550.771, 150.003, 133.075, 129.988
550.771, 150.003, 133.075, 129.988
550.771, 150.003, 133.075, 129.988
550.771, 150.003, 133.075, 129.988
550.771, 150.003, 133.075, 129.988
550.771, 150.003, 133.075, 129.988
550.771, 150.003, 133.075, 129.988
550.771, 150.003, 133.075, 129.988
550.771, 150.003, 133.075, 129.988
550.771, 150.003, 133.075, 129.988
550.771, 150.003, 133.075, 129.988
550.771, 150.003, 133.075, 129.988
550.771, 150.003, 133.075, 129.988
573.749, 150.229, 111.635, 109.045
566.155, 150.003, 133.075, 129.988
566.155, 150.003, 133.075, 129.988
566.155, 150.003, 133.075, 129.988
566.155, 150.003, 133.075, 129.988
586.796, 163.208, 110.896, 108.323
586.796, 163.208, 110.896, 108.323
581.54, 165.388, 133.075, 129.988
581.54, 165.388, 133.075, 129.988
581.54, 165.388, 133.075, 129.988
581.54, 150.003, 133.075, 129.988
581.54, 150.003, 133.075, 129.988
581.54, 150.003, 133.075, 129.988
581.54, 150.003, 133.075, 129.988
581.54, 150.003, 133.075, 129.988
581.54, 150.003, 133.075, 129.988
581.54, 150.003, 133.075, 129.988
581.54, 150.003, 133.075, 129.988
581.54, 150.003, 133.075, 129.988
581.54, 150.003, 133.075, 129.988
581.54, 150.003, 133.075, 129.988
581.54, 150.003, 133.075, 129.988
581.54, 150.003, 133.075, 129.988
596.925, 150.003, 133.075, 129.988
596.925, 150.003, 133.075, 129.988
596.925, 165.388, 133.075, 129.988
596.925, 165.388, 133.075, 129.988
612.181, 175.614, 110.896, 109.045
612.309, 180.772, 133.075, 129.988
612.309, 180.772, 133.075, 129.988
612.309, 180.772, 133.075, 129.988
612.309, 180.772, 133.075, 129.988
612.309, 180.772, 133.075, 129.988
612.309, 180.772, 133.075, 129.988
612.309, 180.772, 133.075, 129.988
612.309, 180.772, 133.075, 129.988
612.309, 165.388, 133.075, 129.988
612.309, 165.388, 133.075, 129.988
612.309, 165.388, 133.075, 129.988
612.309, 165.388, 133.075, 129.988
612.309, 165.388, 133.075, 129.988
612.309, 165.388, 133.075, 129.988
612.309, 165.388, 133.075, 129.988
612.309, 165.388, 133.075, 129.988
612.309, 165.388, 133.075, 129.988
612.309, 165.388, 133.075, 129.988
612.309, 165.388, 133.075, 129.988
612.309, 165.388, 133.075, 129.988
612.309, 165.388, 133.075, 129.988
596.925, 165.388, 133.075, 129.988
596.925, 165.388, 133.075, 129.988
596.925, 165.388, 133.075, 129.988
596.925, 165.388, 133.075, 129.988
596.925, 165.388, 133.075, 129.988
596.925, 165.388, 133.075, 129.988
596.925, 165.388, 133.075, 129.988
596.925, 165.388, 133.075, 129.988
596.925, 165.388, 133.075, 129.988
596.925, 150.003, 133.075, 129.988
596.925, 150.003, 133.075, 129.988
596.925, 150.003, 133.075, 129.988
596.925, 150.003, 133.075, 129.988
596.925, 150.003, 133.075, 129.988
596.925, 150.003, 133.075, 129.988
596.925, 150.003, 133.075, 129.988
596.925, 150.003, 133.075, 129.988
599.134, 150.229, 111.635, 109.045
596.925, 134.618, 133.075, 129.988
596.925, 134.618, 133.075, 129.988
596.925, 134.618, 133.075, 129.988
599.134, 137.823, 111.635, 108.323
599.134, 137.823, 111.635, 108.323
599.134, 137.823, 111.635, 108.323
599.134, 137.823, 111.635, 108.323
599.134, 137.823, 111.635, 108.323
599.134, 137.823, 111.635, 108.323
596.925, 134.618, 133.075, 129.988
596.925, 134.618, 133.075, 129.988
596.925, 134.618, 133.075, 129.988
596.925, 134.618, 133.075, 129.988
596.925, 134.618, 133.075, 129.988
596.925, 134.618, 133.075, 129.988
596.925, 150.003, 133.075, 129.988
596.925, 150.003, 133.075, 129.988
596.925, 150.003, 133.075, 129.988
596.925, 150.003, 133.075, 129.988
587.233, 142.773, 159.69, 155.985
612.181, 163.208, 110.896, 108.323
587.233, 142.773, 159.69, 155.985
612.181, 163.208, 110.896, 108.323
587.233, 142.773, 159.69, 155.985
596.925, 150.003, 133.075, 129.988
596.925, 150.003, 133.075, 129.988
596.925, 165.388, 133.075, 129.988
596.925, 165.388, 133.075, 129.988
596.925, 165.388, 133.075, 129.988
596.925, 180.772, 133.075, 129.988
596.925, 180.772, 133.075, 129.988
596.925, 180.772, 133.075, 129.988
596.925, 180.772, 133.075, 129.988
599.134, 175.614, 111.635, 109.045
599.134, 175.614, 111.635, 109.045
596.925, 165.388, 133.075, 129.988
581.54, 165.388, 133.075, 129.988
581.54, 165.388, 133.075, 129.988
581.54, 165.388, 133.075, 129.988
581.54, 165.388, 133.075, 129.988
581.54, 165.388, 133.075, 129.988
566.155, 165.388, 133.075, 129.988
566.155, 165.388, 133.075, 129.988
566.155, 165.388, 133.075, 129.988
566.155, 165.388, 133.075, 129.988
566.155, 165.388, 133.075, 129.988
566.155, 165.388, 133.075, 129.988
566.155, 165.388, 133.075, 129.988
566.155, 165.388, 133.075, 129.988
566.155, 165.388, 133.075, 129.988
551.079, 142.773, 159.69, 155.985
551.079, 142.773, 159.69, 155.985
551.079, 142.773, 159.69, 155.985
566.155, 150.003, 133.075, 129.988
566.155, 150.003, 133.075, 129.988
551.079, 142.773, 159.69, 155.985
566.155, 150.003, 133.075, 129.988
551.079, 142.773, 159.69, 155.985
551.079, 142.773, 159.69, 155.985
551.079, 124.311, 159.69, 155.985
581.54, 150.003, 133.075, 129.988
569.54, 124.311, 159.69, 155.985
569.54, 124.311, 159.69, 155.985
569.54, 124.311, 159.69, 155.985
599.134, 137.823, 111.635, 108.323
596.925, 134.618, 133.075, 129.988
596.925, 150.003, 133.075, 129.988
596.925, 150.003, 133.075, 129.988
587.233, 142.773, 159.69, 155.985
581.54, 165.388, 133.075, 129.988
569.54, 161.234, 159.69, 155.985
569.54, 161.234, 159.69, 155.985
569.54, 161.234, 159.69, 155.985
551.079, 161.234, 159.69, 155.985
551.079, 161.234, 159.69, 155.985
551.079, 161.234, 159.69, 155.985
551.079, 161.234, 159.69, 155.985
581.54, 165.388, 133.075, 129.988
569.54, 161.234, 159.69, 155.985
569.54, 161.234, 159.69, 155.985
569.54, 161.234, 159.69, 155.985
569.54, 161.234, 159.69, 155.985
569.54, 161.234, 159.69, 155.985
569.54, 161.234, 159.69, 155.985
569.54, 161.234, 159.69, 155.985
569.54, 161.234, 159.69, 155.985
569.54, 161.234, 159.69, 155.985
569.54, 161.234, 159.69, 155.985
569.54, 161.234, 159.69, 155.985
569.54, 161.234, 159.69, 155.985
569.54, 161.234, 159.69, 155.985
569.54, 161.234, 159.69, 155.985
569.54, 161.234, 159.69, 155.985
569.54, 161.234, 159.69, 155.985
569.54, 161.234, 159.69, 155.985
569.54, 161.234, 159.69, 155.985
569.54, 161.234, 159.69, 155.985
569.54, 161.234, 159.69, 155.985
569.54, 161.234, 159.69, 155.985
569.54, 161.234, 159.69, 155.985
569.54, 161.234, 159.69, 155.985
569.54, 161.234, 159.69, 155.985
569.54, 161.234, 159.69, 155.985
569.54, 161.234, 159.69, 155.985
569.54, 161.234, 159.69, 155.985
569.54, 161.234, 159.69, 155.985
569.54, 161.234, 159.69, 155.985
569.54, 161.234, 159.69, 155.985
569.54, 161.234, 159.69, 155.985
581.54, 165.388, 133.075, 129.988
581.54, 165.388, 133.075, 129.988
581.54, 165.388, 133.075, 129.988
581.54, 165.388, 133.075, 129.988
569.54, 142.773, 159.69, 155.985
569.54, 142.773, 159.69, 155.985
569.54, 142.773, 159.69, 155.985
569.54, 142.773, 159.69, 155.985
569.54, 142.773, 159.69, 155.985
569.54, 142.773, 159.69, 155.985
569.54, 142.773, 159.69, 155.985
569.54, 142.773, 159.69, 155.985
569.54, 142.773, 159.69, 155.985
569.54, 142.773, 159.69, 155.985
569.54, 142.773, 159.69, 155.985
569.54, 142.773, 159.69, 155.985
569.54, 142.773, 159.69, 155.985
569.54, 142.773, 159.69, 155.985
569.54, 142.773, 159.69, 155.985
569.54, 142.773, 159.69, 155.985
569.54, 142.773, 159.69, 155.985
569.54, 142.773, 159.69, 155.985
569.54, 142.773, 159.69, 155.985
569.54, 142.773, 159.69, 155.985
569.54, 142.773, 159.69, 155.985
569.54, 142.773, 159.69, 155.985
569.54, 142.773, 159.69, 155.985
569.54, 142.773, 159.69, 155.985
569.54, 142.773, 159.69, 155.985
569.54, 142.773, 159.69, 155.985
569.54, 142.773, 159.69, 155.985
569.54, 142.773, 159.69, 155.985
569.54, 142.773, 159.69, 155.985
569.54, 142.773, 159.69, 155.985
569.54, 142.773, 159.69, 155.985
569.54, 142.773, 159.69, 155.985
569.54, 142.773, 159.69, 155.985
569.54, 142.773, 159.69, 155.985
569.54, 142.773, 159.69, 155.985
569.54, 142.773, 159.69, 155.985
569.54, 142.773, 159.69, 155.985
569.54, 142.773, 159.69, 155.985
581.54, 165.388, 133.075, 129.988
569.54, 142.773, 159.69, 155.985
599.134, 175.614, 111.635, 109.045
599.134, 175.614, 111.635, 109.045
599.134, 175.614, 111.635, 109.045
599.134, 175.614, 111.635, 109.045
596.925, 180.772, 133.075, 129.988
596.925, 180.772, 133.075, 129.988
596.925, 180.772, 133.075, 129.988
596.925, 180.772, 133.075, 129.988
596.925, 180.772, 133.075, 129.988
596.925, 180.772, 133.075, 129.988
596.925, 195.486, 133.075, 130.71
596.925, 195.486, 133.075, 130.71
596.925, 195.486, 133.075, 130.71
596.925, 195.486, 133.075, 130.71
596.925, 195.486, 133.075, 130.71
596.925, 195.486, 133.075, 130.71
596.925, 195.486, 133.075, 130.71
596.925, 195.486, 133.075, 130.71
596.925, 195.486, 133.075, 130.71
596.925, 195.486, 133.075, 130.71
596.925, 195.486, 133.075, 130.71
596.925, 195.486, 133.075, 130.71
596.925, 195.486, 133.075, 130.71
596.925, 195.486, 133.075, 130.71
596.925, 195.486, 133.075, 130.71
596.925, 195.486, 133.075, 130.71
596.925, 195.486, 133.075, 130.71
596.925, 195.486, 133.075, 130.71
596.925, 195.486, 133.075, 130.71
596.925, 195.486, 133.075, 130.71
596.925, 195.486, 133.075, 130.71
596.925, 195.486, 133.075, 130.71
596.925, 195.486, 133.075, 130.71
596.925, 195.486, 133.075, 130.71
596.925, 195.486, 133.075, 130.71
596.925, 195.486, 133.075, 130.71
596.925, 195.486, 133.075, 130.71
596.925, 195.486, 133.075, 130.71
596.925, 195.486, 133.075, 130.71
596.925, 195.486, 133.075, 130.71
596.925, 195.486, 133.075, 130.71
596.925, 195.486, 133.075, 130.71
581.54, 195.486, 133.075, 130.71
581.54, 195.486, 133.075, 130.71
581.54, 195.486, 133.075, 130.71
581.54, 195.486, 133.075, 130.71
581.54, 195.486, 133.075, 130.71
581.54, 195.486, 133.075, 130.71
581.54, 195.486, 133.075, 130.71
581.54, 195.486, 133.075, 130.71
581.54, 195.486, 133.075, 130.71
581.54, 195.486, 133.075, 130.71
581.54, 195.486, 133.075, 130.71
581.54, 195.486, 133.075, 130.71
581.54, 195.486, 133.075, 130.71
581.54, 195.486, 133.075, 130.71
581.54, 195.486, 133.075, 130.71
581.54, 195.486, 133.075, 130.71
581.54, 195.486, 133.075, 130.71
581.54, 195.486, 133.075, 130.71
581.54, 195.486, 133.075, 130.71
581.54, 195.486, 133.075, 130.71
581.54, 195.486, 133.075, 130.71
581.54, 180.772, 133.075, 129.988
581.54, 180.772, 133.075, 129.988
581.54, 180.772, 133.075, 129.988
581.54, 180.772, 133.075, 129.988
581.54, 180.772, 133.075, 129.988
581.54, 180.772, 133.075, 129.988
581.54, 180.772, 133.075, 129.988
581.54, 180.772, 133.075, 129.988
581.54, 180.772, 133.075, 129.988
581.54, 180.772, 133.075, 129.988
581.54, 180.772, 133.075, 129.988
581.54, 180.772, 133.075, 129.988
581.54, 180.772, 133.075, 129.988
581.54, 180.772, 133.075, 129.988
581.54, 180.772, 133.075, 129.988
581.54, 180.772, 133.075, 129.988
581.54, 180.772, 133.075, 129.988
581.54, 180.772, 133.075, 129.988
581.54, 180.772, 133.075, 129.988
581.54, 180.772, 133.075, 129.988
581.54, 180.772, 133.075, 129.988
581.54, 180.772, 133.075, 129.988
581.54, 165.388, 133.075, 129.988
581.54, 165.388, 133.075, 129.988
581.54, 165.388, 133.075, 129.988
581.54, 165.388, 133.075, 129.988
581.54, 165.388, 133.075, 129.988
566.155, 165.388, 133.075, 129.988
566.155, 150.003, 133.075, 129.988
566.155, 150.003, 133.075, 129.988
566.155, 150.003, 133.075, 129.988
566.155, 150.003, 133.075, 129.988
566.155, 150.003, 133.075, 129.988
550.771, 150.003, 133.075, 129.988
550.771, 150.003, 133.075, 129.988
550.771, 150.003, 133.075, 129.988
550.771, 150.003, 133.075, 129.988
566.155, 150.003, 133.075, 129.988
566.155, 150.003, 133.075, 129.988
566.155, 150.003, 133.075, 129.988
566.155, 150.003, 133.075, 129.988
566.155, 150.003, 133.075, 129.988
566.155, 150.003, 133.075, 129.988
566.155, 150.003, 133.075, 129.988
566.155, 165.388, 133.075, 129.988
566.155, 150.003, 133.075, 129.988
566.155, 150.003, 133.075, 129.988
566.155, 150.003, 133.075, 129.988
566.155, 150.003, 133.075, 129.988
566.155, 150.003, 133.075, 129.988
566.155, 150.003, 133.075, 129.988
566.155, 150.003, 133.075, 129.988
566.155, 150.003, 133.075, 129.988
566.155, 150.003, 133.075, 129.988
566.155, 150.003, 133.075, 129.988
566.155, 150.003, 133.075, 129.988
566.155, 150.003, 133.075, 129.988
566.155, 150.003, 133.075, 129.988
566.155, 150.003, 133.075, 129.988
566.155, 150.003, 133.075, 129.988
551.079, 142.773, 159.69, 155.985
551.079, 142.773, 159.69, 155.985
550.771, 165.388, 133.075, 129.988
550.771, 165.388, 133.075, 129.988
566.155, 165.388, 133.075, 129.988
566.155, 165.388, 133.075, 129.988
566.155, 165.388, 133.075, 129.988
566.155, 165.388, 133.075, 129.988
566.155, 165.388, 133.075, 129.988
566.155, 165.388, 133.075, 129.988
566.155, 165.388, 133.075, 129.988
566.155, 165.388, 133.075, 129.988
566.155, 165.388, 133.075, 129.988
551.079, 142.773, 159.69, 155.985
566.155, 150.003, 133.075, 129.988
566.155, 150.003, 133.075, 129.988
566.155, 150.003, 133.075, 129.988
566.155, 150.003, 133.075, 129.988
566.155, 150.003, 133.075, 129.988
566.155, 150.003, 133.075, 129.988
551.079, 142.773, 159.69, 155.985
566.155, 165.388, 133.075, 129.988
566.155, 165.388, 133.075, 129.988
566.155, 165.388, 133.075, 129.988
566.155, 165.388, 133.075, 129.988
566.155, 150.003, 133.075, 129.988
566.155, 150.003, 133.075, 129.988
566.155, 150.003, 133.075, 129.988
566.155, 150.003, 133.075, 129.988
566.155, 150.003, 133.075, 129.988
566.155, 150.003, 133.075, 129.988
566.155, 150.003, 133.075, 129.988
566.155, 150.003, 133.075, 129.988
566.155, 150.003, 133.075, 129.988
566.155, 165.388, 133.075, 129.988
566.155, 165.388, 133.075, 129.988
566.155, 165.388, 133.075, 129.988
566.155, 165.388, 133.075, 129.988
566.155, 165.388, 133.075, 129.988
566.155, 165.388, 133.075, 129.988
566.155, 165.388, 133.075, 129.988
566.155, 165.388, 133.075, 129.988
566.155, 150.003, 133.075, 129.988
566.155, 150.003, 133.075, 129.988
566.155, 150.003, 133.075, 129.988
566.155, 150.003, 133.075, 129.988
566.155, 150.003, 133.075, 129.988
566.155, 165.388, 133.075, 129.988
566.155, 165.388, 133.075, 129.988
566.155, 165.388, 133.075, 129.988
566.155, 165.388, 133.075, 129.988
551.079, 161.234, 159.69, 155.985
566.155, 165.388, 133.075, 129.988
566.155, 165.388, 133.075, 129.988
566.155, 165.388, 133.075, 129.988
566.155, 165.388, 133.075, 129.988
566.155, 165.388, 133.075, 129.988
566.155, 165.388, 133.075, 129.988
566.155, 165.388, 133.075, 129.988
566.155, 165.388, 133.075, 129.988
566.155, 165.388, 133.075, 129.988
566.155, 165.388, 133.075, 129.988
566.155, 165.388, 133.075, 129.988
566.155, 165.388, 133.075, 129.988
566.155, 165.388, 133.075, 129.988
566.155, 165.388, 133.075, 129.988
566.155, 165.388, 133.075, 129.988
566.155, 165.388, 133.075, 129.988
551.079, 142.773, 159.69, 155.985
566.155, 150.003, 133.075, 129.988
566.155, 150.003, 133.075, 129.988
569.54, 142.773, 159.69, 155.985
569.54, 142.773, 159.69, 155.985
581.54, 150.003, 133.075, 129.988
569.54, 142.773, 159.69, 155.985
569.54, 142.773, 159.69, 155.985
569.54, 142.773, 159.69, 155.985
569.54, 142.773, 159.69, 155.985
569.54, 142.773, 159.69, 155.985
569.54, 142.773, 159.69, 155.985
569.54, 142.773, 159.69, 155.985
596.925, 165.388, 133.075, 129.988
587.233, 142.773, 159.69, 155.985
587.233, 142.773, 159.69, 155.985
587.233, 142.773, 159.69, 155.985
587.233, 124.311, 159.69, 155.985
612.309, 150.003, 133.075, 129.988
612.309, 150.003, 133.075, 129.988
612.309, 150.003, 133.075, 129.988
605.694, 142.773, 159.69, 155.985
627.694, 165.388, 133.075, 129.988
627.694, 165.388, 133.075, 129.988
627.694, 165.388, 133.075, 129.988
627.694, 165.388, 133.075, 129.988
643.078, 165.388, 133.075, 129.988
643.078, 165.388, 133.075, 129.988
643.078, 165.388, 133.075, 129.988
643.078, 165.388, 133.075, 129.988
643.078, 165.388, 133.075, 129.988
643.078, 165.388, 133.075, 129.988
643.078, 165.388, 133.075, 129.988
643.078, 165.388, 133.075, 129.988
643.078, 165.388, 133.075, 129.988
643.078, 165.388, 133.075, 129.988
643.078, 165.388, 133.075, 129.988
643.078, 165.388, 133.075, 129.988
643.078, 165.388, 133.075, 129.988
643.078, 180.772, 133.075, 129.988
643.078, 180.772, 133.075, 129.988
643.078, 180.772, 133.075, 129.988
643.078, 180.772, 133.075, 129.988
643.078, 180.772, 133.075, 129.988
643.078, 180.772, 133.075, 129.988
643.078, 180.772, 133.075, 129.988
643.078, 180.772, 133.075, 129.988
643.078, 180.772, 133.075, 129.988
627.694, 180.772, 133.075, 129.988
627.694, 180.772, 133.075, 129.988
627.694, 180.772, 133.075, 129.988
627.694, 180.772, 133.075, 129.988
627.694, 180.772, 133.075, 129.988
627.694, 180.772, 133.075, 129.988
627.694, 180.772, 133.075, 129.988
627.694, 180.772, 133.075, 129.988
627.694, 180.772, 133.075, 129.988
627.694, 180.772, 133.075, 129.988
627.694, 180.772, 133.075, 129.988
627.694, 180.772, 133.075, 129.988
627.694, 180.772, 133.075, 129.988
627.694, 180.772, 133.075, 129.988
627.694, 180.772, 133.075, 129.988
627.694, 180.772, 133.075, 129.988
627.694, 180.772, 133.075, 129.988
627.694, 180.772, 133.075, 129.988
627.694, 180.772, 133.075, 129.988
627.694, 180.772, 133.075, 129.988
