532.606, 258.461, 330.471, 322.081
532.606, 258.461, 330.471, 322.081
532.606, 258.461, 330.471, 322.081
532.606, 258.461, 330.471, 322.081
532.606, 258.461, 330.471, 322.081
532.606, 258.461, 330.471, 322.081
532.606, 258.461, 330.471, 322.081
532.606, 258.461, 330.471, 322.081
532.606, 258.461, 330.471, 322.081
532.606, 258.461, 330.471, 322.081
532.606, 258.461, 330.471, 322.081
532.606, 258.461, 330.471, 322.081
532.606, 258.461, 330.471, 322.081
532.606, 258.461, 330.471, 322.081
502.193, 218.078, 396.269, 387.074
502.193, 218.078, 396.269, 387.074
532.606, 258.461, 330.471, 322.081
532.606, 258.461, 330.471, 322.081
502.193, 218.078, 396.269, 387.074
502.193, 218.078, 396.269, 387.074
502.193, 218.078, 396.269, 387.074
532.606, 258.461, 330.471, 322.081
502.193, 218.078, 396.269, 387.074
502.193, 218.078, 396.269, 387.074
502.193, 218.078, 396.269, 387.074
532.606, 258.461, 330.471, 322.081
532.606, 258.461, 330.471, 322.081
532.606, 258.461, 330.471, 322.081
532.606, 258.461, 330.471, 322.081
532.606, 258.461, 330.471, 322.081
532.606, 258.461, 330.471, 322.081
532.606, 258.461, 330.471, 322.081
532.606, 258.461, 330.471, 322.081
532.606, 258.461, 330.471, 322.081
532.606, 258.461, 330.471, 322.081
532.606, 258.461, 330.471, 322.081
532.606, 258.461, 330.471, 322.081
532.606, 258.461, 330.471, 322.081
532.606, 258.461, 330.471, 322.081
532.606, 258.461, 330.471, 322.081
502.193, 218.078, 396.269, 387.074
502.193, 218.078, 396.269, 387.074
502.193, 218.078, 396.269, 387.074
502.193, 218.078, 396.269, 387.074
502.193, 218.078, 396.269, 387.074
502.193, 218.078, 396.269, 387.074
502.193, 218.078, 396.269, 387.074
502.193, 218.078, 396.269, 387.074
502.193, 218.078, 396.269, 387.074
502.193, 218.078, 396.269, 387.074
502.193, 218.078, 396.269, 387.074
502.193, 218.078, 396.269, 387.074
502.193, 218.078, 396.269, 387.074
502.193, 218.078, 396.269, 387.074
502.193, 218.078, 396.269, 387.074
502.193, 218.078, 396.269, 387.074
502.193, 218.078, 396.269, 387.074
502.193, 218.078, 396.269, 387.074
502.193, 218.078, 396.269, 387.074
502.193, 218.078, 396.269, 387.074
502.193, 218.078, 396.269, 387.074
532.606, 220.097, 330.471, 322.803
532.606, 220.097, 330.471, 322.803
532.606, 220.097, 330.471, 322.803
532.606, 220.097, 330.471, 322.803
532.606, 220.097, 330.471, 322.803
494.145, 220.097, 330.471, 322.803
494.145, 220.097, 330.471, 322.803
456.039, 218.078, 396.269, 387.074
456.039, 218.078, 396.269, 387.074
456.039, 218.078, 396.269, 387.074
456.039, 218.078, 396.269, 387.074
456.039, 218.078, 396.269, 387.074
456.039, 218.078, 396.269, 387.074
456.039, 172.693, 396.269, 387.074
456.039, 172.693, 396.269, 387.074
456.039, 172.693, 396.269, 387.074
456.039, 172.693, 396.269, 387.074
456.453, 220.097, 330.471, 322.803
456.453, 220.097, 330.471, 322.803
410.654, 172.693, 396.269, 387.074
410.654, 172.693, 396.269, 387.074
410.654, 172.693, 396.269, 387.074
417.991, 220.097, 330.471, 322.803
417.991, 182.307, 330.471, 322.081
417.991, 182.307, 330.471, 322.081
417.991, 182.307, 330.471, 322.081
364.5, 172.693, 396.269, 387.074
364.5, 172.693, 396.269, 387.074
364.5, 172.693, 396.269, 387.074
364.5, 172.693, 396.269, 387.074
364.5, 172.693, 396.269, 387.074
417.991, 220.097, 330.471, 322.803
417.991, 220.097, 330.471, 322.803
410.654, 172.693, 396.269, 387.074
417.991, 182.307, 330.471, 322.081
417.991, 182.307, 330.471, 322.081
417.991, 182.307, 330.471, 322.081
417.991, 220.097, 330.471, 322.803
417.991, 182.307, 330.471, 322.081
417.991, 220.097, 330.471, 322.803
410.654, 172.693, 396.269, 387.074
410.654, 172.693, 396.269, 387.074
410.654, 172.693, 396.269, 387.074
456.453, 220.097, 330.471, 322.803
456.453, 220.097, 330.471, 322.803
456.453, 220.097, 330.471, 322.803
456.453, 220.097, 330.471, 322.803
456.453, 220.097, 330.471, 322.803
456.453, 220.097, 330.471, 322.803
494.145, 220.097, 330.471, 322.803
494.145, 220.097, 330.471, 322.803
494.145, 220.097, 330.471, 322.803
494.145, 220.097, 330.471, 322.803
494.145, 220.097, 330.471, 322.803
494.145, 258.461, 330.471, 322.081
494.145, 258.461, 330.471, 322.081
494.145, 258.461, 330.471, 322.081
494.145, 258.461, 330.471, 322.081
494.145, 258.461, 330.471, 322.081
456.039, 218.078, 396.269, 387.074
456.039, 218.078, 396.269, 387.074
456.039, 218.078, 396.269, 387.074
494.145, 258.461, 330.471, 322.081
494.145, 258.461, 330.471, 322.081
494.145, 258.461, 330.471, 322.081
494.145, 258.461, 330.471, 322.081
494.145, 258.461, 330.471, 322.081
456.039, 218.078, 396.269, 387.074
456.039, 218.078, 396.269, 387.074
456.039, 218.078, 396.269, 387.074
456.039, 218.078, 396.269, 387.074
456.039, 218.078, 396.269, 387.074
456.039, 218.078, 396.269, 387.074
494.145, 220.097, 330.471, 322.803
494.145, 220.097, 330.471, 322.803
456.039, 172.693, 396.269, 387.074
456.039, 172.693, 396.269, 387.074
456.039, 172.693, 396.269, 387.074
456.039, 172.693, 396.269, 387.074
456.039, 172.693, 396.269, 387.074
456.039, 172.693, 396.269, 387.074
456.039, 172.693, 396.269, 387.074
456.039, 172.693, 396.269, 387.074
456.039, 172.693, 396.269, 387.074
456.039, 172.693, 396.269, 387.074
456.039, 172.693, 396.269, 387.074
456.039, 172.693, 396.269, 387.074
456.039, 172.693, 396.269, 387.074
456.039, 172.693, 396.269, 387.074
456.039, 172.693, 396.269, 387.074
456.453, 220.097, 330.471, 322.803
456.453, 220.097, 330.471, 322.803
456.453, 220.097, 330.471, 322.803
456.453, 220.097, 330.471, 322.803
456.453, 220.097, 330.471, 322.803
456.453, 220.097, 330.471, 322.803
456.453, 220.097, 330.471, 322.803
456.453, 220.097, 330.471, 322.803
456.453, 220.097, 330.471, 322.803
410.654, 172.693, 396.269, 387.074
410.654, 172.693, 396.269, 387.074
410.654, 172.693, 396.269, 387.074
410.654, 172.693, 396.269, 387.074
410.654, 172.693, 396.269, 387.074
456.453, 220.097, 330.471, 322.803
456.453, 220.097, 330.471, 322.803
456.453, 220.097, 330.471, 322.803
456.453, 220.097, 330.471, 322.803
456.453, 220.097, 330.471, 322.803
456.453, 220.097, 330.471, 322.803
410.654, 172.693, 396.269, 387.074
410.654, 172.693, 396.269, 387.074
410.654, 172.693, 396.269, 387.074
456.453, 220.097, 330.471, 322.803
456.453, 220.097, 330.471, 322.803
456.453, 220.097, 330.471, 322.803
456.453, 220.097, 330.471, 322.803
456.453, 220.097, 330.471, 322.803
456.453, 220.097, 330.471, 322.803
456.453, 220.097, 330.471, 322.803
456.453, 220.097, 330.471, 322.803
456.453, 220.097, 330.471, 322.803
456.453, 220.097, 330.471, 322.803
456.453, 220.097, 330.471, 322.803
456.453, 220.097, 330.471, 322.803
456.453, 220.097, 330.471, 322.803
456.453, 220.097, 330.471, 322.803
456.453, 220.097, 330.471, 322.803
456.453, 220.097, 330.471, 322.803
456.453, 220.097, 330.471, 322.803
456.453, 220.097, 330.471, 322.803
456.453, 220.097, 330.471, 322.803
456.039, 218.078, 396.269, 387.074
456.039, 218.078, 396.269, 387.074
456.039, 218.078, 396.269, 387.074
456.039, 218.078, 396.269, 387.074
456.039, 218.078, 396.269, 387.074
456.039, 218.078, 396.269, 387.074
456.039, 218.078, 396.269, 387.074
494.145, 220.097, 330.471, 322.803
456.039, 218.078, 396.269, 387.074
494.145, 220.097, 330.471, 322.803
494.145, 220.097, 330.471, 322.803
532.606, 220.097, 330.471, 322.803
532.606, 220.097, 330.471, 322.803
532.606, 220.097, 330.471, 322.803
532.606, 220.097, 330.471, 322.803
532.606, 220.097, 330.471, 322.803
494.145, 220.097, 330.471, 322.803
494.145, 220.097, 330.471, 322.803
494.145, 220.097, 330.471, 322.803
494.145, 220.097, 330.471, 322.803
456.039, 172.693, 396.269, 387.074
456.039, 172.693, 396.269, 387.074
456.453, 220.097, 330.471, 322.803
456.453, 220.097, 330.471, 322.803
456.039, 172.693, 396.269, 387.074
456.039, 172.693, 396.269, 387.074
456.039, 172.693, 396.269, 387.074
456.039, 172.693, 396.269, 387.074
456.039, 172.693, 396.269, 387.074
456.039, 172.693, 396.269, 387.074
456.039, 172.693, 396.269, 387.074
456.039, 172.693, 396.269, 387.074
456.039, 172.693, 396.269, 387.074
456.039, 172.693, 396.269, 387.074
456.039, 172.693, 396.269, 387.074
456.453, 220.097, 330.471, 322.803
410.654, 172.693, 396.269, 387.074
456.453, 220.097, 330.471, 322.803
456.453, 258.461, 330.471, 322.081
456.453, 258.461, 330.471, 322.081
456.039, 218.078, 396.269, 387.074
456.453, 258.461, 330.471, 322.081
410.654, 218.078, 396.269, 387.074
417.991, 258.461, 330.471, 322.081
364.5, 218.078, 396.269, 387.074
364.5, 264.231, 396.269, 387.074
364.5, 264.231, 396.269, 387.074
364.5, 264.231, 396.269, 387.074
417.991, 296.251, 330.471, 322.803
417.991, 296.251, 330.471, 322.803
410.654, 264.231, 396.269, 387.074
410.654, 264.231, 396.269, 387.074
410.654, 264.231, 396.269, 387.074
410.654, 264.231, 396.269, 387.074
410.654, 264.231, 396.269, 387.074
410.654, 264.231, 396.269, 387.074
410.654, 264.231, 396.269, 387.074
410.654, 264.231, 396.269, 387.074
410.654, 264.231, 396.269, 387.074
410.654, 218.078, 396.269, 387.074
410.654, 264.231, 396.269, 387.074
456.453, 258.461, 330.471, 322.081
456.453, 258.461, 330.471, 322.081
456.453, 258.461, 330.471, 322.081
456.453, 258.461, 330.471, 322.081
456.039, 218.078, 396.269, 387.074
456.039, 218.078, 396.269, 387.074
456.039, 218.078, 396.269, 387.074
456.039, 218.078, 396.269, 387.074
456.039, 218.078, 396.269, 387.074
456.039, 218.078, 396.269, 387.074
456.039, 218.078, 396.269, 387.074
456.039, 218.078, 396.269, 387.074
456.039, 218.078, 396.269, 387.074
456.039, 218.078, 396.269, 387.074
456.039, 218.078, 396.269, 387.074
456.039, 218.078, 396.269, 387.074
456.039, 218.078, 396.269, 387.074
456.039, 218.078, 396.269, 387.074
456.039, 218.078, 396.269, 387.074
456.039, 218.078, 396.269, 387.074
456.039, 218.078, 396.269, 387.074
456.039, 218.078, 396.269, 387.074
456.039, 218.078, 396.269, 387.074
456.039, 218.078, 396.269, 387.074
456.039, 218.078, 396.269, 387.074
494.145, 220.097, 330.471, 322.803
494.145, 220.097, 330.471, 322.803
494.145, 220.097, 330.471, 322.803
494.145, 220.097, 330.471, 322.803
494.145, 220.097, 330.471, 322.803
494.145, 220.097, 330.471, 322.803
494.145, 220.097, 330.471, 322.803
494.145, 220.097, 330.471, 322.803
494.145, 220.097, 330.471, 322.803
494.145, 220.097, 330.471, 322.803
494.145, 220.097, 330.471, 322.803
494.145, 220.097, 330.471, 322.803
456.039, 218.078, 396.269, 387.074
456.039, 218.078, 396.269, 387.074
456.039, 218.078, 396.269, 387.074
456.039, 218.078, 396.269, 387.074
456.039, 172.693, 396.269, 387.074
456.039, 218.078, 396.269, 387.074
494.145, 220.097, 330.471, 322.803
494.145, 220.097, 330.471, 322.803
494.145, 220.097, 330.471, 322.803
494.145, 220.097, 330.471, 322.803
494.145, 220.097, 330.471, 322.803
456.453, 220.097, 330.471, 322.803
456.453, 220.097, 330.471, 322.803
456.453, 220.097, 330.471, 322.803
456.453, 258.461, 330.471, 322.081
456.453, 258.461, 330.471, 322.081
456.039, 218.078, 396.269, 387.074
456.039, 218.078, 396.269, 387.074
456.039, 218.078, 396.269, 387.074
456.039, 218.078, 396.269, 387.074
456.039, 218.078, 396.269, 387.074
456.039, 218.078, 396.269, 387.074
456.039, 218.078, 396.269, 387.074
456.039, 218.078, 396.269, 387.074
456.039, 218.078, 396.269, 387.074
456.039, 264.231, 396.269, 387.074
456.039, 264.231, 396.269, 387.074
456.039, 264.231, 396.269, 387.074
494.145, 258.461, 330.471, 322.081
494.145, 258.461, 330.471, 322.081
494.145, 258.461, 330.471, 322.081
456.039, 218.078, 396.269, 387.074
456.039, 218.078, 396.269, 387.074
456.039, 218.078, 396.269, 387.074
456.039, 218.078, 396.269, 387.074
494.145, 258.461, 330.471, 322.081
494.145, 258.461, 330.471, 322.081
494.145, 258.461, 330.471, 322.081
494.145, 258.461, 330.471, 322.081
456.039, 218.078, 396.269, 387.074
494.145, 258.461, 330.471, 322.081
456.039, 218.078, 396.269, 387.074
494.145, 220.097, 330.471, 322.803
494.145, 220.097, 330.471, 322.803
494.145, 220.097, 330.471, 322.803
494.145, 220.097, 330.471, 322.803
494.145, 220.097, 330.471, 322.803
494.145, 220.097, 330.471, 322.803
494.145, 220.097, 330.471, 322.803
494.145, 220.097, 330.471, 322.803
494.145, 220.097, 330.471, 322.803
494.145, 220.097, 330.471, 322.803
494.145, 220.097, 330.471, 322.803
494.145, 220.097, 330.471, 322.803
494.145, 220.097, 330.471, 322.803
456.453, 220.097, 330.471, 322.803
456.453, 220.097, 330.471, 322.803
456.453, 220.097, 330.471, 322.803
456.453, 220.097, 330.471, 322.803
456.453, 220.097, 330.471, 322.803
456.453, 220.097, 330.471, 322.803
456.453, 220.097, 330.471, 322.803
456.453, 220.097, 330.471, 322.803
456.453, 220.097, 330.471, 322.803
410.654, 172.693, 396.269, 387.074
417.991, 220.097, 330.471, 322.803
417.991, 220.097, 330.471, 322.803
410.654, 218.078, 396.269, 387.074
410.654, 218.078, 396.269, 387.074
456.453, 258.461, 330.471, 322.081
456.453, 258.461, 330.471, 322.081
456.453, 258.461, 330.471, 322.081
456.453, 258.461, 330.471, 322.081
410.654, 218.078, 396.269, 387.074
410.654, 218.078, 396.269, 387.074
410.654, 218.078, 396.269, 387.074
456.453, 258.461, 330.471, 322.081
456.453, 220.097, 330.471, 322.803
456.453, 220.097, 330.471, 322.803
456.453, 220.097, 330.471, 322.803
410.654, 172.693, 396.269, 387.074
410.654, 172.693, 396.269, 387.074
410.654, 172.693, 396.269, 387.074
410.654, 172.693, 396.269, 387.074
410.654, 172.693, 396.269, 387.074
410.654, 172.693, 396.269, 387.074
410.654, 172.693, 396.269, 387.074
410.654, 172.693, 396.269, 387.074
410.654, 172.693, 396.269, 387.074
410.654, 172.693, 396.269, 387.074
410.654, 172.693, 396.269, 387.074
410.654, 172.693, 396.269, 387.074
456.453, 220.097, 330.471, 322.803
456.453, 220.097, 330.471, 322.803
456.453, 220.097, 330.471, 322.803
456.453, 220.097, 330.471, 322.803
456.453, 220.097, 330.471, 322.803
456.453, 220.097, 330.471, 322.803
456.453, 220.097, 330.471, 322.803
456.453, 220.097, 330.471, 322.803
456.453, 220.097, 330.471, 322.803
456.453, 220.097, 330.471, 322.803
456.453, 220.097, 330.471, 322.803
456.453, 220.097, 330.471, 322.803
494.145, 220.097, 330.471, 322.803
494.145, 220.097, 330.471, 322.803
494.145, 220.097, 330.471, 322.803
494.145, 220.097, 330.471, 322.803
532.606, 220.097, 330.471, 322.803
532.606, 220.097, 330.471, 322.803
532.606, 220.097, 330.471, 322.803
532.606, 220.097, 330.471, 322.803
532.606, 220.097, 330.471, 322.803
532.606, 220.097, 330.471, 322.803
532.606, 220.097, 330.471, 322.803
532.606, 220.097, 330.471, 322.803
532.606, 220.097, 330.471, 322.803
570.299, 220.097, 330.471, 322.803
570.299, 220.097, 330.471, 322.803
570.299, 220.097, 330.471, 322.803
570.299, 220.097, 330.471, 322.803
570.299, 220.097, 330.471, 322.803
570.299, 220.097, 330.471, 322.803
570.299, 220.097, 330.471, 322.803
570.299, 220.097, 330.471, 322.803
570.299, 220.097, 330.471, 322.803
547.577, 172.693, 396.269, 387.074
570.299, 182.307, 330.471, 322.081
570.299, 182.307, 330.471, 322.081
570.299, 220.097, 330.471, 322.803
570.299, 220.097, 330.471, 322.803
570.299, 220.097, 330.471, 322.803
570.299, 182.307, 330.471, 322.081
570.299, 182.307, 330.471, 322.081
570.299, 182.307, 330.471, 322.081
570.299, 182.307, 330.471, 322.081
570.299, 182.307, 330.471, 322.081
570.299, 182.307, 330.471, 322.081
570.299, 182.307, 330.471, 322.081
570.299, 182.307, 330.471, 322.081
570.299, 182.307, 330.471, 322.081
570.299, 182.307, 330.471, 322.081
570.299, 182.307, 330.471, 322.081
570.299, 182.307, 330.471, 322.081
570.299, 182.307, 330.471, 322.081
570.299, 182.307, 330.471, 322.081
570.299, 182.307, 330.471, 322.081
570.299, 182.307, 330.471, 322.081
570.299, 182.307, 330.471, 322.081
570.299, 182.307, 330.471, 322.081
532.606, 182.307, 330.471, 322.081
532.606, 182.307, 330.471, 322.081
570.299, 182.307, 330.471, 322.081
570.299, 182.307, 330.471, 322.081
570.299, 182.307, 330.471, 322.081
532.606, 182.307, 330.471, 322.081
532.606, 220.097, 330.471, 322.803
532.606, 220.097, 330.471, 322.803
532.606, 220.097, 330.471, 322.803
532.606, 182.307, 330.471, 322.081
532.606, 182.307, 330.471, 322.081
532.606, 182.307, 330.471, 322.081
532.606, 182.307, 330.471, 322.081
532.606, 182.307, 330.471, 322.081
532.606, 220.097, 330.471, 322.803
532.606, 220.097, 330.471, 322.803
570.299, 220.097, 330.471, 322.803
570.299, 220.097, 330.471, 322.803
570.299, 220.097, 330.471, 322.803
570.299, 220.097, 330.471, 322.803
570.299, 182.307, 330.471, 322.081
570.299, 182.307, 330.471, 322.081
570.299, 182.307, 330.471, 322.081
570.299, 182.307, 330.471, 322.081
570.299, 182.307, 330.471, 322.081
570.299, 182.307, 330.471, 322.081
532.606, 182.307, 330.471, 322.081
532.606, 182.307, 330.471, 322.081
532.606, 220.097, 330.471, 322.803
532.606, 220.097, 330.471, 322.803
532.606, 220.097, 330.471, 322.803
532.606, 220.097, 330.471, 322.803
570.299, 182.307, 330.471, 322.081
570.299, 182.307, 330.471, 322.081
570.299, 182.307, 330.471, 322.081
570.299, 182.307, 330.471, 322.081
532.606, 182.307, 330.471, 322.081
532.606, 182.307, 330.471, 322.081
532.606, 182.307, 330.471, 322.081
532.606, 182.307, 330.471, 322.081
532.606, 182.307, 330.471, 322.081
532.606, 182.307, 330.471, 322.081
502.193, 172.693, 396.269, 387.074
532.606, 220.097, 330.471, 322.803
502.193, 172.693, 396.269, 387.074
502.193, 172.693, 396.269, 387.074
502.193, 172.693, 396.269, 387.074
502.193, 172.693, 396.269, 387.074
502.193, 172.693, 396.269, 387.074
502.193, 172.693, 396.269, 387.074
502.193, 172.693, 396.269, 387.074
532.606, 220.097, 330.471, 322.803
532.606, 220.097, 330.471, 322.803
532.606, 220.097, 330.471, 322.803
532.606, 220.097, 330.471, 322.803
532.606, 220.097, 330.471, 322.803
532.606, 220.097, 330.471, 322.803
532.606, 220.097, 330.471, 322.803
532.606, 220.097, 330.471, 322.803
532.606, 220.097, 330.471, 322.803
532.606, 220.097, 330.471, 322.803
532.606, 220.097, 330.471, 322.803
532.606, 220.097, 330.471, 322.803
502.193, 218.078, 396.269, 387.074
502.193, 218.078, 396.269, 387.074
502.193, 218.078, 396.269, 387.074
502.193, 218.078, 396.269, 387.074
502.193, 218.078, 396.269, 387.074
502.193, 218.078, 396.269, 387.074
502.193, 218.078, 396.269, 387.074
502.193, 218.078, 396.269, 387.074
502.193, 218.078, 396.269, 387.074
502.193, 218.078, 396.269, 387.074
502.193, 218.078, 396.269, 387.074
456.039, 218.078, 396.269, 387.074
456.039, 218.078, 396.269, 387.074
456.039, 218.078, 396.269, 387.074
456.039, 218.078, 396.269, 387.074
456.039, 218.078, 396.269, 387.074
494.145, 220.097, 330.471, 322.803
494.145, 220.097, 330.471, 322.803
494.145, 220.097, 330.471, 322.803
494.145, 220.097, 330.471, 322.803
494.145, 220.097, 330.471, 322.803
456.039, 218.078, 396.269, 387.074
456.039, 218.078, 396.269, 387.074
456.039, 218.078, 396.269, 387.074
494.145, 220.097, 330.471, 322.803
494.145, 220.097, 330.471, 322.803
494.145, 220.097, 330.471, 322.803
494.145, 220.097, 330.471, 322.803
494.145, 220.097, 330.471, 322.803
494.145, 220.097, 330.471, 322.803
494.145, 220.097, 330.471, 322.803
494.145, 220.097, 330.471, 322.803
494.145, 220.097, 330.471, 322.803
532.606, 220.097, 330.471, 322.803
532.606, 220.097, 330.471, 322.803
532.606, 220.097, 330.471, 322.803
532.606, 220.097, 330.471, 322.803
532.606, 220.097, 330.471, 322.803
532.606, 220.097, 330.471, 322.803
532.606, 220.097, 330.471, 322.803
532.606, 220.097, 330.471, 322.803
532.606, 220.097, 330.471, 322.803
502.193, 218.078, 396.269, 387.074
532.606, 220.097, 330.471, 322.803
532.606, 220.097, 330.471, 322.803
532.606, 220.097, 330.471, 322.803
532.606, 220.097, 330.471, 322.803
532.606, 220.097, 330.471, 322.803
532.606, 220.097, 330.471, 322.803
532.606, 220.097, 330.471, 322.803
532.606, 220.097, 330.471, 322.803
532.606, 220.097, 330.471, 322.803
502.193, 218.078, 396.269, 387.074
532.606, 220.097, 330.471, 322.803
532.606, 220.097, 330.471, 322.803
502.193, 218.078, 396.269, 387.074
494.145, 220.097, 330.471, 322.803
494.145, 220.097, 330.471, 322.803
494.145, 220.097, 330.471, 322.803
502.193, 218.078, 396.269, 387.074
502.193, 218.078, 396.269, 387.074
502.193, 218.078, 396.269, 387.074
502.193, 218.078, 396.269, 387.074
502.193, 218.078, 396.269, 387.074
502.193, 218.078, 396.269, 387.074
502.193, 218.078, 396.269, 387.074
502.193, 218.078, 396.269, 387.074
502.193, 218.078, 396.269, 387.074
494.145, 220.097, 330.471, 322.803
494.145, 220.097, 330.471, 322.803
494.145, 220.097, 330.471, 322.803
494.145, 220.097, 330.471, 322.803
494.145, 220.097, 330.471, 322.803
494.145, 220.097, 330.471, 322.803
494.145, 220.097, 330.471, 322.803
494.145, 220.097, 330.471, 322.803
494.145, 220.097, 330.471, 322.803
494.145, 220.097, 330.471, 322.803
494.145, 220.097, 330.471, 322.803
494.145, 220.097, 330.471, 322.803
494.145, 220.097, 330.471, 322.803
494.145, 220.097, 330.471, 322.803
494.145, 220.097, 330.471, 322.803
494.145, 220.097, 330.471, 322.803
494.145, 220.097, 330.471, 322.803
456.039, 172.693, 396.269, 387.074
456.039, 172.693, 396.269, 387.074
456.039, 172.693, 396.269, 387.074
456.039, 172.693, 396.269, 387.074
456.039, 172.693, 396.269, 387.074
456.039, 218.078, 396.269, 387.074
456.039, 218.078, 396.269, 387.074
456.453, 220.097, 330.471, 322.803
456.453, 220.097, 330.471, 322.803
456.453, 220.097, 330.471, 322.803
456.453, 220.097, 330.471, 322.803
456.453, 220.097, 330.471, 322.803
456.453, 220.097, 330.471, 322.803
410.654, 172.693, 396.269, 387.074
410.654, 172.693, 396.269, 387.074
410.654, 218.078, 396.269, 387.074
410.654, 218.078, 396.269, 387.074
410.654, 218.078, 396.269, 387.074
410.654, 218.078, 396.269, 387.074
410.654, 218.078, 396.269, 387.074
410.654, 218.078, 396.269, 387.074
410.654, 218.078, 396.269, 387.074
410.654, 218.078, 396.269, 387.074
410.654, 218.078, 396.269, 387.074
410.654, 218.078, 396.269, 387.074
410.654, 218.078, 396.269, 387.074
410.654, 218.078, 396.269, 387.074
410.654, 218.078, 396.269, 387.074
410.654, 218.078, 396.269, 387.074
410.654, 218.078, 396.269, 387.074
410.654, 218.078, 396.269, 387.074
456.453, 258.461, 330.471, 322.081
456.453, 258.461, 330.471, 322.081
456.453, 258.461, 330.471, 322.081
456.453, 258.461, 330.471, 322.081
456.453, 258.461, 330.471, 322.081
456.453, 258.461, 330.471, 322.081
456.453, 258.461, 330.471, 322.081
456.453, 258.461, 330.471, 322.081
456.453, 258.461, 330.471, 322.081
456.453, 258.461, 330.471, 322.081
456.453, 258.461, 330.471, 322.081
456.453, 258.461, 330.471, 322.081
456.453, 258.461, 330.471, 322.081
456.453, 296.251, 330.471, 322.803
456.039, 264.231, 396.269, 387.074
456.039, 264.231, 396.269, 387.074
456.039, 264.231, 396.269, 387.074
456.039, 264.231, 396.269, 387.074
456.039, 264.231, 396.269, 387.074
456.039, 218.078, 396.269, 387.074
456.039, 218.078, 396.269, 387.074
456.039, 218.078, 396.269, 387.074
456.039, 218.078, 396.269, 387.074
456.039, 218.078, 396.269, 387.074
456.039, 218.078, 396.269, 387.074
456.039, 218.078, 396.269, 387.074
456.453, 258.461, 330.471, 322.081
456.453, 296.251, 330.471, 322.803
456.453, 296.251, 330.471, 322.803
456.453, 296.251, 330.471, 322.803
456.453, 296.251, 330.471, 322.803
456.453, 296.251, 330.471, 322.803
456.453, 296.251, 330.471, 322.803
456.453, 296.251, 330.471, 322.803
456.453, 296.251, 330.471, 322.803
456.453, 296.251, 330.471, 322.803
456.453, 296.251, 330.471, 322.803
456.453, 296.251, 330.471, 322.803
456.453, 296.251, 330.471, 322.803
456.453, 296.251, 330.471, 322.803
456.453, 296.251, 330.471, 322.803
456.453, 258.461, 330.471, 322.081
456.453, 258.461, 330.471, 322.081
456.453, 258.461, 330.471, 322.081
456.453, 258.461, 330.471, 322.081
456.453, 258.461, 330.471, 322.081
456.453, 258.461, 330.471, 322.081
456.453, 258.461, 330.471, 322.081
456.453, 258.461, 330.471, 322.081
456.453, 258.461, 330.471, 322.081
410.654, 218.078, 396.269, 387.074
417.991, 258.461, 330.471, 322.081
417.991, 258.461, 330.471, 322.081
364.5, 218.078, 396.269, 387.074
364.5, 218.078, 396.269, 387.074
364.5, 218.078, 396.269, 387.074
364.5, 218.078, 396.269, 387.074
364.5, 218.078, 396.269, 387.074
364.5, 218.078, 396.269, 387.074
364.5, 218.078, 396.269, 387.074
364.5, 264.231, 396.269, 387.074
364.5, 264.231, 396.269, 387.074
364.5, 218.078, 396.269, 387.074
417.991, 258.461, 330.471, 322.081
417.991, 258.461, 330.471, 322.081
417.991, 258.461, 330.471, 322.081
417.991, 258.461, 330.471, 322.081
417.991, 258.461, 330.471, 322.081
417.991, 258.461, 330.471, 322.081
417.991, 258.461, 330.471, 322.081
417.991, 258.461, 330.471, 322.081
417.991, 258.461, 330.471, 322.081
364.5, 218.078, 396.269, 387.074
364.5, 218.078, 396.269, 387.074
364.5, 218.078, 396.269, 387.074
364.5, 218.078, 396.269, 387.074
364.5, 218.078, 396.269, 387.074
380.299, 258.461, 330.471, 322.081
364.5, 218.078, 396.269, 387.074
364.5, 218.078, 396.269, 387.074
380.299, 258.461, 330.471, 322.081
380.299, 258.461, 330.471, 322.081
380.299, 258.461, 330.471, 322.081
380.299, 258.461, 330.471, 322.081
364.5, 218.078, 396.269, 387.074
364.5, 218.078, 396.269, 387.074
364.5, 218.078, 396.269, 387.074
364.5, 218.078, 396.269, 387.074
417.991, 258.461, 330.471, 322.081
417.991, 258.461, 330.471, 322.081
417.991, 258.461, 330.471, 322.081
417.991, 258.461, 330.471, 322.081
417.991, 258.461, 330.471, 322.081
417.991, 258.461, 330.471, 322.081
417.991, 258.461, 330.471, 322.081
410.654, 264.231, 396.269, 387.074
410.654, 264.231, 396.269, 387.074
410.654, 264.231, 396.269, 387.074
456.453, 296.251, 330.471, 322.803
456.453, 258.461, 330.471, 322.081
456.453, 258.461, 330.471, 322.081
410.654, 218.078, 396.269, 387.074
410.654, 218.078, 396.269, 387.074
410.654, 218.078, 396.269, 387.074
456.453, 258.461, 330.471, 322.081
410.654, 218.078, 396.269, 387.074
410.654, 218.078, 396.269, 387.074
410.654, 218.078, 396.269, 387.074
410.654, 218.078, 396.269, 387.074
410.654, 218.078, 396.269, 387.074
410.654, 218.078, 396.269, 387.074
410.654, 218.078, 396.269, 387.074
410.654, 218.078, 396.269, 387.074
410.654, 218.078, 396.269, 387.074
417.991, 258.461, 330.471, 322.081
417.991, 258.461, 330.471, 322.081
380.299, 258.461, 330.471, 322.081
380.299, 258.461, 330.471, 322.081
417.991, 258.461, 330.471, 322.081
417.991, 258.461, 330.471, 322.081
410.654, 218.078, 396.269, 387.074
410.654, 218.078, 396.269, 387.074
410.654, 218.078, 396.269, 387.074
456.453, 258.461, 330.471, 322.081
410.654, 218.078, 396.269, 387.074
456.453, 258.461, 330.471, 322.081
456.453, 258.461, 330.471, 322.081
456.453, 258.461, 330.471, 322.081
456.453, 258.461, 330.471, 322.081
456.453, 258.461, 330.471, 322.081
456.453, 258.461, 330.471, 322.081
456.453, 258.461, 330.471, 322.081
456.453, 258.461, 330.471, 322.081
456.039, 218.078, 396.269, 387.074
456.039, 218.078, 396.269, 387.074
456.039, 218.078, 396.269, 387.074
456.039, 218.078, 396.269, 387.074
456.039, 218.078, 396.269, 387.074
456.039, 218.078, 396.269, 387.074
456.039, 218.078, 396.269, 387.074
456.039, 218.078, 396.269, 387.074
456.039, 218.078, 396.269, 387.074
456.039, 218.078, 396.269, 387.074
456.039, 218.078, 396.269, 387.074
456.039, 218.078, 396.269, 387.074
456.039, 218.078, 396.269, 387.074
456.039, 218.078, 396.269, 387.074
456.039, 218.078, 396.269, 387.074
456.039, 218.078, 396.269, 387.074
456.039, 218.078, 396.269, 387.074
456.039, 218.078, 396.269, 387.074
456.039, 218.078, 396.269, 387.074
456.039, 218.078, 396.269, 387.074
494.145, 258.461, 330.471, 322.081
494.145, 258.461, 330.471, 322.081
456.039, 218.078, 396.269, 387.074
494.145, 258.461, 330.471, 322.081
456.039, 218.078, 396.269, 387.074
456.039, 218.078, 396.269, 387.074
456.039, 218.078, 396.269, 387.074
456.039, 218.078, 396.269, 387.074
456.039, 218.078, 396.269, 387.074
456.039, 218.078, 396.269, 387.074
456.039, 218.078, 396.269, 387.074
456.039, 218.078, 396.269, 387.074
456.039, 218.078, 396.269, 387.074
456.039, 218.078, 396.269, 387.074
456.039, 218.078, 396.269, 387.074
456.039, 218.078, 396.269, 387.074
456.039, 218.078, 396.269, 387.074
456.039, 218.078, 396.269, 387.074
456.039, 218.078, 396.269, 387.074
456.039, 218.078, 396.269, 387.074
456.039, 218.078, 396.269, 387.074
456.039, 218.078, 396.269, 387.074
456.039, 218.078, 396.269, 387.074
456.039, 218.078, 396.269, 387.074
456.039, 218.078, 396.269, 387.074
456.039, 218.078, 396.269, 387.074
456.039, 218.078, 396.269, 387.074
456.039, 218.078, 396.269, 387.074
456.039, 218.078, 396.269, 387.074
456.039, 218.078, 396.269, 387.074
456.039, 218.078, 396.269, 387.074
456.039, 218.078, 396.269, 387.074
456.039, 218.078, 396.269, 387.074
494.145, 258.461, 330.471, 322.081
494.145, 258.461, 330.471, 322.081
494.145, 258.461, 330.471, 322.081
494.145, 258.461, 330.471, 322.081
494.145, 258.461, 330.471, 322.081
494.145, 258.461, 330.471, 322.081
494.145, 258.461, 330.471, 322.081
494.145, 258.461, 330.471, 322.081
494.145, 258.461, 330.471, 322.081
494.145, 258.461, 330.471, 322.081
494.145, 258.461, 330.471, 322.081
494.145, 258.461, 330.471, 322.081
494.145, 258.461, 330.471, 322.081
494.145, 258.461, 330.471, 322.081
494.145, 258.461, 330.471, 322.081
494.145, 258.461, 330.471, 322.081
494.145, 258.461, 330.471, 322.081
494.145, 258.461, 330.471, 322.081
494.145, 258.461, 330.471, 322.081
494.145, 258.461, 330.471, 322.081
494.145, 258.461, 330.471, 322.081
494.145, 258.461, 330.471, 322.081
494.145, 258.461, 330.471, 322.081
494.145, 258.461, 330.471, 322.081
494.145, 258.461, 330.471, 322.081
494.145, 258.461, 330.471, 322.081
494.145, 258.461, 330.471, 322.081
494.145, 258.461, 330.471, 322.081
494.145, 258.461, 330.471, 322.081
494.145, 220.097, 330.471, 322.803
456.039, 218.078, 396.269, 387.074
456.039, 218.078, 396.269, 387.074
456.039, 218.078, 396.269, 387.074
456.039, 218.078, 396.269, 387.074
456.039, 218.078, 396.269, 387.074
456.039, 218.078, 396.269, 387.074
456.039, 218.078, 396.269, 387.074
456.039, 264.231, 396.269, 387.074
456.039, 264.231, 396.269, 387.074
494.145, 296.251, 330.471, 322.803
494.145, 296.251, 330.471, 322.803
494.145, 296.251, 330.471, 322.803
494.145, 296.251, 330.471, 322.803
494.145, 296.251, 330.471, 322.803
494.145, 296.251, 330.471, 322.803
494.145, 296.251, 330.471, 322.803
494.145, 296.251, 330.471, 322.803
494.145, 296.251, 330.471, 322.803
494.145, 296.251, 330.471, 322.803
494.145, 296.251, 330.471, 322.803
494.145, 296.251, 330.471, 322.803
494.145, 296.251, 330.471, 322.803
494.145, 296.251, 330.471, 322.803
494.145, 296.251, 330.471, 322.803
494.145, 296.251, 330.471, 322.803
494.145, 296.251, 330.471, 322.803
494.145, 296.251, 330.471, 322.803
494.145, 296.251, 330.471, 322.803
502.193, 264.231, 396.269, 387.074
502.193, 264.231, 396.269, 387.074
502.193, 309.616, 396.269, 387.074
570.299, 334.713, 330.471, 322.803
570.299, 296.251, 330.471, 322.803
547.577, 264.231, 396.269, 387.074
570.299, 258.461, 330.471, 322.081
502.193, 218.078, 396.269, 387.074
502.193, 218.078, 396.269, 387.074
502.193, 218.078, 396.269, 387.074
502.193, 218.078, 396.269, 387.074
532.606, 220.097, 330.471, 322.803
532.606, 220.097, 330.471, 322.803
494.145, 220.097, 330.471, 322.803
494.145, 220.097, 330.471, 322.803
456.453, 220.097, 330.471, 322.803
456.453, 220.097, 330.471, 322.803
456.453, 220.097, 330.471, 322.803
456.453, 220.097, 330.471, 322.803
456.453, 220.097, 330.471, 322.803
456.453, 220.097, 330.471, 322.803
456.453, 220.097, 330.471, 322.803
456.453, 220.097, 330.471, 322.803
456.453, 220.097, 330.471, 322.803
410.654, 218.078, 396.269, 387.074
410.654, 218.078, 396.269, 387.074
417.991, 258.461, 330.471, 322.081
410.654, 218.078, 396.269, 387.074
410.654, 218.078, 396.269, 387.074
410.654, 218.078, 396.269, 387.074
410.654, 218.078, 396.269, 387.074
456.453, 220.097, 330.471, 322.803
456.453, 220.097, 330.471, 322.803
456.453, 220.097, 330.471, 322.803
456.453, 220.097, 330.471, 322.803
456.453, 220.097, 330.471, 322.803
456.453, 220.097, 330.471, 322.803
456.039, 218.078, 396.269, 387.074
456.039, 218.078, 396.269, 387.074
456.039, 218.078, 396.269, 387.074
456.039, 218.078, 396.269, 387.074
456.039, 218.078, 396.269, 387.074
456.039, 218.078, 396.269, 387.074
456.039, 218.078, 396.269, 387.074
456.039, 218.078, 396.269, 387.074
456.039, 218.078, 396.269, 387.074
456.039, 218.078, 396.269, 387.074
456.039, 218.078, 396.269, 387.074
456.039, 218.078, 396.269, 387.074
456.039, 218.078, 396.269, 387.074
494.145, 220.097, 330.471, 322.803
456.039, 218.078, 396.269, 387.074
456.039, 218.078, 396.269, 387.074
456.039, 218.078, 396.269, 387.074
494.145, 258.461, 330.471, 322.081
494.145, 258.461, 330.471, 322.081
456.039, 218.078, 396.269, 387.074
456.039, 218.078, 396.269, 387.074
456.039, 218.078, 396.269, 387.074
456.039, 218.078, 396.269, 387.074
456.039, 218.078, 396.269, 387.074
456.039, 218.078, 396.269, 387.074
456.039, 218.078, 396.269, 387.074
494.145, 258.461, 330.471, 322.081
494.145, 258.461, 330.471, 322.081
494.145, 258.461, 330.471, 322.081
494.145, 258.461, 330.471, 322.081
494.145, 258.461, 330.471, 322.081
494.145, 258.461, 330.471, 322.081
494.145, 258.461, 330.471, 322.081
494.145, 258.461, 330.471, 322.081
494.145, 258.461, 330.471, 322.081
494.145, 258.461, 330.471, 322.081
494.145, 258.461, 330.471, 322.081
494.145, 258.461, 330.471, 322.081
494.145, 258.461, 330.471, 322.081
494.145, 258.461, 330.471, 322.081
532.606, 258.461, 330.471, 322.081
532.606, 258.461, 330.471, 322.081
532.606, 258.461, 330.471, 322.081
532.606, 258.461, 330.471, 322.081
532.606, 258.461, 330.471, 322.081
532.606, 258.461, 330.471, 322.081
532.606, 258.461, 330.471, 322.081
532.606, 258.461, 330.471, 322.081
532.606, 258.461, 330.471, 322.081
532.606, 258.461, 330.471, 322.081
532.606, 258.461, 330.471, 322.081
532.606, 258.461, 330.471, 322.081
532.606, 258.461, 330.471, 322.081
532.606, 258.461, 330.471, 322.081
502.193, 218.078, 396.269, 387.074
502.193, 218.078, 396.269, 387.074
502.193, 218.078, 396.269, 387.074
494.145, 258.461, 330.471, 322.081
456.039, 218.078, 396.269, 387.074
494.145, 258.461, 330.471, 322.081
494.145, 258.461, 330.471, 322.081
456.039, 218.078, 396.269, 387.074
456.039, 218.078, 396.269, 387.074
456.039, 218.078, 396.269, 387.074
456.039, 218.078, 396.269, 387.074
456.039, 218.078, 396.269, 387.074
456.039, 218.078, 396.269, 387.074
456.039, 218.078, 396.269, 387.074
456.453, 258.461, 330.471, 322.081
456.453, 258.461, 330.471, 322.081
456.453, 258.461, 330.471, 322.081
456.453, 258.461, 330.471, 322.081
456.453, 258.461, 330.471, 322.081
456.453, 220.097, 330.471, 322.803
456.453, 258.461, 330.471, 322.081
456.453, 258.461, 330.471, 322.081
456.039, 218.078, 396.269, 387.074
456.039, 218.078, 396.269, 387.074
456.039, 218.078, 396.269, 387.074
456.039, 218.078, 396.269, 387.074
456.039, 218.078, 396.269, 387.074
456.039, 218.078, 396.269, 387.074
456.039, 218.078, 396.269, 387.074
456.039, 218.078, 396.269, 387.074
456.039, 218.078, 396.269, 387.074
456.039, 218.078, 396.269, 387.074
456.039, 218.078, 396.269, 387.074
456.039, 218.078, 396.269, 387.074
456.039, 218.078, 396.269, 387.074
456.039, 218.078, 396.269, 387.074
456.039, 218.078, 396.269, 387.074
456.039, 218.078, 396.269, 387.074
456.039, 218.078, 396.269, 387.074
456.039, 218.078, 396.269, 387.074
456.039, 218.078, 396.269, 387.074
456.039, 218.078, 396.269, 387.074
456.039, 218.078, 396.269, 387.074
494.145, 258.461, 330.471, 322.081
456.039, 218.078, 396.269, 387.074
494.145, 258.461, 330.471, 322.081
494.145, 258.461, 330.471, 322.081
494.145, 258.461, 330.471, 322.081
456.039, 218.078, 396.269, 387.074
494.145, 258.461, 330.471, 322.081
456.039, 218.078, 396.269, 387.074
494.145, 220.097, 330.471, 322.803
494.145, 220.097, 330.471, 322.803
494.145, 220.097, 330.471, 322.803
494.145, 220.097, 330.471, 322.803
456.039, 172.693, 396.269, 387.074
456.039, 172.693, 396.269, 387.074
456.453, 220.097, 330.471, 322.803
456.453, 258.461, 330.471, 322.081
456.453, 258.461, 330.471, 322.081
456.453, 258.461, 330.471, 322.081
456.453, 258.461, 330.471, 322.081
456.453, 258.461, 330.471, 322.081
456.453, 258.461, 330.471, 322.081
456.453, 258.461, 330.471, 322.081
417.991, 258.461, 330.471, 322.081
417.991, 258.461, 330.471, 322.081
417.991, 258.461, 330.471, 322.081
417.991, 258.461, 330.471, 322.081
417.991, 258.461, 330.471, 322.081
417.991, 258.461, 330.471, 322.081
417.991, 258.461, 330.471, 322.081
417.991, 258.461, 330.471, 322.081
410.654, 218.078, 396.269, 387.074
410.654, 218.078, 396.269, 387.074
410.654, 218.078, 396.269, 387.074
410.654, 218.078, 396.269, 387.074
456.453, 258.461, 330.471, 322.081
456.453, 258.461, 330.471, 322.081
456.453, 258.461, 330.471, 322.081
456.453, 258.461, 330.471, 322.081
456.453, 258.461, 330.471, 322.081
456.039, 218.078, 396.269, 387.074
456.039, 218.078, 396.269, 387.074
456.039, 218.078, 396.269, 387.074
456.039, 218.078, 396.269, 387.074
456.039, 218.078, 396.269, 387.074
456.039, 218.078, 396.269, 387.074
456.039, 218.078, 396.269, 387.074
456.039, 218.078, 396.269, 387.074
456.039, 218.078, 396.269, 387.074
456.453, 258.461, 330.471, 322.081
456.453, 220.097, 330.471, 322.803
456.453, 220.097, 330.471, 322.803
410.654, 218.078, 396.269, 387.074
456.453, 258.461, 330.471, 322.081
417.991, 258.461, 330.471, 322.081
410.654, 218.078, 396.269, 387.074
417.991, 220.097, 330.471, 322.803
417.991, 220.097, 330.471, 322.803
417.991, 258.461, 330.471, 322.081
417.991, 258.461, 330.471, 322.081
417.991, 258.461, 330.471, 322.081
417.991, 258.461, 330.471, 322.081
417.991, 258.461, 330.471, 322.081
417.991, 258.461, 330.471, 322.081
417.991, 258.461, 330.471, 322.081
417.991, 258.461, 330.471, 322.081
417.991, 258.461, 330.471, 322.081
417.991, 258.461, 330.471, 322.081
417.991, 258.461, 330.471, 322.081
417.991, 258.461, 330.471, 322.081
417.991, 258.461, 330.471, 322.081
417.991, 258.461, 330.471, 322.081
417.991, 258.461, 330.471, 322.081
417.991, 258.461, 330.471, 322.081
417.991, 258.461, 330.471, 322.081
417.991, 258.461, 330.471, 322.081
417.991, 258.461, 330.471, 322.081
417.991, 258.461, 330.471, 322.081
417.991, 258.461, 330.471, 322.081
410.654, 218.078, 396.269, 387.074
456.453, 258.461, 330.471, 322.081
456.453, 258.461, 330.471, 322.081
456.453, 258.461, 330.471, 322.081
410.654, 218.078, 396.269, 387.074
410.654, 218.078, 396.269, 387.074
456.453, 258.461, 330.471, 322.081
456.453, 258.461, 330.471, 322.081
456.453, 258.461, 330.471, 322.081
456.453, 258.461, 330.471, 322.081
456.453, 258.461, 330.471, 322.081
456.453, 258.461, 330.471, 322.081
456.453, 258.461, 330.471, 322.081
456.453, 258.461, 330.471, 322.081
456.453, 258.461, 330.471, 322.081
456.453, 258.461, 330.471, 322.081
456.453, 258.461, 330.471, 322.081
456.453, 258.461, 330.471, 322.081
456.453, 258.461, 330.471, 322.081
456.453, 258.461, 330.471, 322.081
456.453, 258.461, 330.471, 322.081
456.453, 258.461, 330.471, 322.081
456.453, 258.461, 330.471, 322.081
456.453, 258.461, 330.471, 322.081
456.453, 258.461, 330.471, 322.081
456.453, 258.461, 330.471, 322.081
456.453, 258.461, 330.471, 322.081
456.453, 258.461, 330.471, 322.081
456.453, 258.461, 330.471, 322.081
456.453, 258.461, 330.471, 322.081
456.453, 258.461, 330.471, 322.081
456.453, 258.461, 330.471, 322.081
456.453, 258.461, 330.471, 322.081
456.453, 258.461, 330.471, 322.081
456.453, 258.461, 330.471, 322.081
456.453, 258.461, 330.471, 322.081
456.453, 258.461, 330.471, 322.081
456.453, 258.461, 330.471, 322.081
456.453, 258.461, 330.471, 322.081
456.039, 218.078, 396.269, 387.074
456.039, 218.078, 396.269, 387.074
456.039, 218.078, 396.269, 387.074
456.453, 258.461, 330.471, 322.081
456.453, 258.461, 330.471, 322.081
410.654, 264.231, 396.269, 387.074
417.991, 258.461, 330.471, 322.081
417.991, 258.461, 330.471, 322.081
417.991, 258.461, 330.471, 322.081
410.654, 264.231, 396.269, 387.074
456.453, 258.461, 330.471, 322.081
456.453, 258.461, 330.471, 322.081
410.654, 264.231, 396.269, 387.074
410.654, 264.231, 396.269, 387.074
410.654, 264.231, 396.269, 387.074
456.453, 258.461, 330.471, 322.081
456.453, 258.461, 330.471, 322.081
456.453, 296.251, 330.471, 322.803
456.453, 296.251, 330.471, 322.803
456.453, 258.461, 330.471, 322.081
456.453, 258.461, 330.471, 322.081
456.453, 258.461, 330.471, 322.081
456.453, 258.461, 330.471, 322.081
456.453, 258.461, 330.471, 322.081
456.453, 258.461, 330.471, 322.081
456.453, 258.461, 330.471, 322.081
456.453, 258.461, 330.471, 322.081
456.453, 258.461, 330.471, 322.081
456.039, 218.078, 396.269, 387.074
456.039, 218.078, 396.269, 387.074
456.039, 218.078, 396.269, 387.074
456.039, 218.078, 396.269, 387.074
456.039, 218.078, 396.269, 387.074
456.039, 218.078, 396.269, 387.074
456.039, 218.078, 396.269, 387.074
456.039, 218.078, 396.269, 387.074
456.039, 218.078, 396.269, 387.074
456.039, 218.078, 396.269, 387.074
456.039, 218.078, 396.269, 387.074
456.039, 218.078, 396.269, 387.074
456.039, 218.078, 396.269, 387.074
456.039, 218.078, 396.269, 387.074
456.039, 218.078, 396.269, 387.074
494.145, 220.097, 330.471, 322.803
494.145, 220.097, 330.471, 322.803
494.145, 220.097, 330.471, 322.803
494.145, 220.097, 330.471, 322.803
494.145, 220.097, 330.471, 322.803
494.145, 220.097, 330.471, 322.803
494.145, 220.097, 330.471, 322.803
494.145, 220.097, 330.471, 322.803
494.145, 220.097, 330.471, 322.803
494.145, 220.097, 330.471, 322.803
494.145, 220.097, 330.471, 322.803
494.145, 220.097, 330.471, 322.803
494.145, 220.097, 330.471, 322.803
494.145, 220.097, 330.471, 322.803
494.145, 258.461, 330.471, 322.081
494.145, 258.461, 330.471, 322.081
494.145, 258.461, 330.471, 322.081
494.145, 258.461, 330.471, 322.081
494.145, 258.461, 330.471, 322.081
494.145, 258.461, 330.471, 322.081
494.145, 258.461, 330.471, 322.081
494.145, 258.461, 330.471, 322.081
494.145, 258.461, 330.471, 322.081
494.145, 258.461, 330.471, 322.081
494.145, 258.461, 330.471, 322.081
494.145, 258.461, 330.471, 322.081
494.145, 258.461, 330.471, 322.081
494.145, 258.461, 330.471, 322.081
494.145, 258.461, 330.471, 322.081
494.145, 258.461, 330.471, 322.081
494.145, 258.461, 330.471, 322.081
494.145, 258.461, 330.471, 322.081
494.145, 258.461, 330.471, 322.081
494.145, 258.461, 330.471, 322.081
494.145, 258.461, 330.471, 322.081
494.145, 258.461, 330.471, 322.081
494.145, 258.461, 330.471, 322.081
456.039, 218.078, 396.269, 387.074
494.145, 258.461, 330.471, 322.081
494.145, 258.461, 330.471, 322.081
494.145, 258.461, 330.471, 322.081
494.145, 258.461, 330.471, 322.081
494.145, 258.461, 330.471, 322.081
494.145, 258.461, 330.471, 322.081
494.145, 220.097, 330.471, 322.803
456.039, 218.078, 396.269, 387.074
456.039, 218.078, 396.269, 387.074
456.039, 218.078, 396.269, 387.074
456.039, 218.078, 396.269, 387.074
456.039, 218.078, 396.269, 387.074
456.039, 218.078, 396.269, 387.074
456.039, 218.078, 396.269, 387.074
456.039, 218.078, 396.269, 387.074
456.039, 218.078, 396.269, 387.074
456.039, 218.078, 396.269, 387.074
456.039, 218.078, 396.269, 387.074
456.039, 218.078, 396.269, 387.074
456.453, 258.461, 330.471, 322.081
410.654, 264.231, 396.269, 387.074
456.453, 296.251, 330.471, 322.803
456.453, 296.251, 330.471, 322.803
456.453, 258.461, 330.471, 322.081
456.039, 218.078, 396.269, 387.074
456.039, 218.078, 396.269, 387.074
456.453, 258.461, 330.471, 322.081
456.453, 258.461, 330.471, 322.081
456.453, 258.461, 330.471, 322.081
456.039, 218.078, 396.269, 387.074
456.039, 218.078, 396.269, 387.074
456.039, 218.078, 396.269, 387.074
456.039, 218.078, 396.269, 387.074
456.039, 218.078, 396.269, 387.074
456.039, 218.078, 396.269, 387.074
456.039, 218.078, 396.269, 387.074
456.039, 218.078, 396.269, 387.074
456.039, 218.078, 396.269, 387.074
456.039, 218.078, 396.269, 387.074
456.039, 218.078, 396.269, 387.074
456.039, 218.078, 396.269, 387.074
456.039, 218.078, 396.269, 387.074
456.039, 218.078, 396.269, 387.074
456.039, 218.078, 396.269, 387.074
456.039, 218.078, 396.269, 387.074
456.039, 218.078, 396.269, 387.074
456.039, 218.078, 396.269, 387.074
456.039, 218.078, 396.269, 387.074
456.039, 218.078, 396.269, 387.074
456.039, 218.078, 396.269, 387.074
456.039, 218.078, 396.269, 387.074
456.039, 218.078, 396.269, 387.074
456.039, 218.078, 396.269, 387.074
456.039, 218.078, 396.269, 387.074
456.039, 218.078, 396.269, 387.074
456.039, 218.078, 396.269, 387.074
456.039, 218.078, 396.269, 387.074
456.039, 218.078, 396.269, 387.074
456.039, 218.078, 396.269, 387.074
456.039, 218.078, 396.269, 387.074
456.039, 218.078, 396.269, 387.074
456.039, 218.078, 396.269, 387.074
456.039, 218.078, 396.269, 387.074
456.039, 218.078, 396.269, 387.074
456.039, 218.078, 396.269, 387.074
456.039, 218.078, 396.269, 387.074
456.039, 218.078, 396.269, 387.074
456.039, 218.078, 396.269, 387.074
456.039, 218.078, 396.269, 387.074
456.039, 218.078, 396.269, 387.074
456.039, 218.078, 396.269, 387.074
456.039, 218.078, 396.269, 387.074
456.039, 218.078, 396.269, 387.074
456.039, 218.078, 396.269, 387.074
456.039, 218.078, 396.269, 387.074
456.039, 218.078, 396.269, 387.074
456.039, 218.078, 396.269, 387.074
456.039, 218.078, 396.269, 387.074
456.039, 218.078, 396.269, 387.074
456.039, 218.078, 396.269, 387.074
456.039, 218.078, 396.269, 387.074
456.039, 218.078, 396.269, 387.074
456.039, 218.078, 396.269, 387.074
456.039, 218.078, 396.269, 387.074
