528.537, 205.86, 229.925, 223.868
528.537, 205.86, 229.925, 223.868
528.537, 205.86, 229.925, 223.868
528.537, 205.86, 229.925, 223.868
528.537, 205.86, 229.925, 223.868
528.537, 205.86, 229.925, 223.868
528.537, 205.86, 229.925, 223.868
528.537, 205.86, 229.925, 223.868
528.537, 205.86, 229.925, 223.868
528.537, 205.86, 229.925, 223.868
528.537, 205.86, 229.925, 223.868
528.537, 205.86, 229.925, 223.868
528.537, 205.86, 229.925, 223.868
528.537, 205.86, 229.925, 223.868
528.537, 205.86, 229.925, 223.868
528.537, 205.86, 229.925, 223.868
528.537, 205.86, 229.925, 223.868
528.537, 205.86, 229.925, 223.868
528.537, 205.86, 229.925, 223.868
528.537, 205.86, 229.925, 223.868
528.537, 205.86, 229.925, 223.868
528.537, 205.86, 229.925, 223.868
528.537, 205.86, 229.925, 223.868
528.537, 205.86, 229.925, 223.868
528.537, 205.86, 229.925, 223.868
528.537, 205.86, 229.925, 223.868
528.537, 205.86, 229.925, 223.868
528.537, 205.86, 229.925, 223.868
528.537, 179.035, 229.925, 224.59
528.537, 179.035, 229.925, 224.59
528.537, 179.035, 229.925, 224.59
528.537, 179.035, 229.925, 224.59
528.537, 179.035, 229.925, 224.59
528.537, 152.881, 229.925, 224.59
528.537, 152.881, 229.925, 224.59
528.537, 152.881, 229.925, 224.59
528.537, 152.881, 229.925, 224.59
528.537, 152.881, 229.925, 224.59
528.537, 179.035, 229.925, 224.59
528.519, 193.923, 191.481, 187.038
528.519, 193.923, 191.481, 187.038
528.519, 193.923, 191.481, 187.038
528.519, 193.923, 191.481, 187.038
528.519, 193.923, 191.481, 187.038
528.519, 193.923, 191.481, 187.038
528.519, 193.923, 191.481, 187.038
528.519, 193.923, 191.481, 187.038
528.537, 179.035, 229.925, 224.59
528.537, 179.035, 229.925, 224.59
528.519, 215.462, 191.481, 187.038
528.519, 215.462, 191.481, 187.038
528.519, 215.462, 191.481, 187.038
528.537, 205.86, 229.925, 223.868
528.537, 205.86, 229.925, 223.868
528.537, 205.86, 229.925, 223.868
528.537, 205.86, 229.925, 223.868
528.519, 237.769, 191.481, 187.038
528.519, 237.769, 191.481, 187.038
528.519, 237.769, 191.481, 187.038
528.519, 237.769, 191.481, 187.038
528.519, 237.769, 191.481, 187.038
528.519, 237.769, 191.481, 187.038
528.519, 237.769, 191.481, 187.038
528.519, 237.769, 191.481, 187.038
528.519, 237.769, 191.481, 187.038
528.519, 237.769, 191.481, 187.038
528.519, 237.769, 191.481, 187.038
528.519, 237.769, 191.481, 187.038
528.519, 237.769, 191.481, 187.038
528.519, 237.769, 191.481, 187.038
528.519, 237.769, 191.481, 187.038
528.519, 237.769, 191.481, 187.038
528.519, 237.769, 191.481, 187.038
528.519, 237.769, 191.481, 187.038
528.519, 237.769, 191.481, 187.038
528.519, 237.769, 191.481, 187.038
528.519, 237.769, 191.481, 187.038
528.519, 237.769, 191.481, 187.038
528.519, 237.769, 191.481, 187.038
528.519, 237.769, 191.481, 187.038
528.519, 237.769, 191.481, 187.038
528.519, 237.769, 191.481, 187.038
528.519, 237.769, 191.481, 187.038
528.519, 237.769, 191.481, 187.038
528.519, 237.769, 191.481, 187.038
528.519, 237.769, 191.481, 187.038
528.519, 237.769, 191.481, 187.038
528.519, 237.769, 191.481, 187.038
528.519, 237.769, 191.481, 187.038
528.519, 237.769, 191.481, 187.038
528.519, 237.769, 191.481, 187.038
528.519, 237.769, 191.481, 187.038
528.519, 237.769, 191.481, 187.038
528.519, 237.769, 191.481, 187.038
528.519, 237.769, 191.481, 187.038
528.519, 237.769, 191.481, 187.038
528.519, 237.769, 191.481, 187.038
528.519, 237.769, 191.481, 187.038
528.519, 237.769, 191.481, 187.038
528.519, 237.769, 191.481, 187.038
528.519, 237.769, 191.481, 187.038
528.519, 237.769, 191.481, 187.038
528.519, 237.769, 191.481, 187.038
506.981, 237.769, 191.481, 187.038
502.353, 205.86, 229.185, 223.868
506.981, 237.769, 191.481, 187.038
502.353, 205.86, 229.185, 223.868
502.353, 205.86, 229.185, 223.868
502.353, 205.86, 229.185, 223.868
502.353, 205.86, 229.185, 223.868
502.353, 205.86, 229.185, 223.868
502.353, 205.86, 229.185, 223.868
502.353, 205.86, 229.185, 223.868
502.353, 205.86, 229.185, 223.868
502.353, 205.86, 229.185, 223.868
502.353, 205.86, 229.185, 223.868
502.353, 205.86, 229.185, 223.868
502.353, 205.86, 229.185, 223.868
502.353, 205.86, 229.185, 223.868
502.353, 205.86, 229.185, 223.868
502.353, 205.86, 229.185, 223.868
502.353, 205.86, 229.185, 223.868
502.353, 205.86, 229.185, 223.868
502.353, 205.86, 229.185, 223.868
502.353, 205.86, 229.185, 223.868
502.353, 205.86, 229.185, 223.868
502.353, 205.86, 229.185, 223.868
502.353, 205.86, 229.185, 223.868
502.353, 205.86, 229.185, 223.868
502.353, 205.86, 229.185, 223.868
502.353, 205.86, 229.185, 223.868
502.353, 205.86, 229.185, 223.868
502.353, 205.86, 229.185, 223.868
502.353, 205.86, 229.185, 223.868
502.353, 205.86, 229.185, 223.868
502.353, 205.86, 229.185, 223.868
502.353, 205.86, 229.185, 223.868
528.519, 237.769, 191.481, 187.038
528.519, 237.769, 191.481, 187.038
528.519, 237.769, 191.481, 187.038
528.519, 237.769, 191.481, 187.038
528.519, 237.769, 191.481, 187.038
528.519, 237.769, 191.481, 187.038
528.519, 237.769, 191.481, 187.038
528.519, 237.769, 191.481, 187.038
528.519, 237.769, 191.481, 187.038
528.519, 237.769, 191.481, 187.038
528.519, 237.769, 191.481, 187.038
528.519, 237.769, 191.481, 187.038
528.519, 237.769, 191.481, 187.038
528.519, 237.769, 191.481, 187.038
528.519, 215.462, 191.481, 187.038
528.519, 215.462, 191.481, 187.038
502.353, 205.86, 229.185, 223.868
502.353, 205.86, 229.185, 223.868
502.353, 205.86, 229.185, 223.868
502.353, 205.86, 229.185, 223.868
502.353, 205.86, 229.185, 223.868
502.353, 205.86, 229.185, 223.868
502.353, 205.86, 229.185, 223.868
502.353, 205.86, 229.185, 223.868
502.353, 205.86, 229.185, 223.868
502.353, 205.86, 229.185, 223.868
502.353, 205.86, 229.185, 223.868
502.353, 205.86, 229.185, 223.868
502.353, 179.035, 229.185, 224.59
502.353, 179.035, 229.185, 224.59
502.353, 179.035, 229.185, 224.59
502.353, 179.035, 229.185, 224.59
502.353, 179.035, 229.185, 224.59
502.353, 152.881, 229.185, 224.59
502.353, 152.881, 229.185, 224.59
502.353, 152.881, 229.185, 224.59
502.353, 152.881, 229.185, 224.59
502.353, 152.881, 229.185, 224.59
502.353, 152.881, 229.185, 224.59
502.353, 152.881, 229.185, 224.59
502.353, 152.881, 229.185, 224.59
502.353, 152.881, 229.185, 224.59
502.353, 152.881, 229.185, 224.59
502.353, 152.881, 229.185, 224.59
502.353, 152.881, 229.185, 224.59
502.353, 152.881, 229.185, 224.59
502.353, 152.881, 229.185, 224.59
502.353, 152.881, 229.185, 224.59
502.353, 179.035, 229.185, 224.59
502.353, 179.035, 229.185, 224.59
502.353, 179.035, 229.185, 224.59
506.981, 215.462, 191.481, 187.038
502.353, 205.86, 229.185, 223.868
502.353, 205.86, 229.185, 223.868
502.353, 205.86, 229.185, 223.868
502.353, 205.86, 229.185, 223.868
502.353, 205.86, 229.185, 223.868
502.353, 205.86, 229.185, 223.868
502.353, 205.86, 229.185, 223.868
502.353, 205.86, 229.185, 223.868
502.353, 205.86, 229.185, 223.868
502.353, 205.86, 229.185, 223.868
502.353, 205.86, 229.185, 223.868
502.353, 205.86, 229.185, 223.868
502.353, 205.86, 229.185, 223.868
502.353, 205.86, 229.185, 223.868
502.353, 205.86, 229.185, 223.868
502.353, 205.86, 229.185, 223.868
502.353, 205.86, 229.185, 223.868
502.353, 205.86, 229.185, 223.868
502.353, 205.86, 229.185, 223.868
502.353, 205.86, 229.185, 223.868
502.353, 205.86, 229.185, 223.868
502.353, 205.86, 229.185, 223.868
502.353, 205.86, 229.185, 223.868
502.353, 205.86, 229.185, 223.868
502.353, 205.86, 229.185, 223.868
502.353, 205.86, 229.185, 223.868
502.353, 205.86, 229.185, 223.868
502.353, 205.86, 229.185, 223.868
502.353, 205.86, 229.185, 223.868
502.353, 205.86, 229.185, 223.868
502.353, 205.86, 229.185, 223.868
502.353, 205.86, 229.185, 223.868
502.353, 205.86, 229.185, 223.868
506.981, 237.769, 191.481, 187.038
502.353, 205.86, 229.185, 223.868
502.353, 205.86, 229.185, 223.868
502.353, 205.86, 229.185, 223.868
502.353, 205.86, 229.185, 223.868
502.353, 205.86, 229.185, 223.868
502.353, 205.86, 229.185, 223.868
506.981, 237.769, 191.481, 187.038
502.353, 205.86, 229.185, 223.868
502.353, 205.86, 229.185, 223.868
502.353, 205.86, 229.185, 223.868
502.353, 205.86, 229.185, 223.868
502.353, 205.86, 229.185, 223.868
502.353, 205.86, 229.185, 223.868
502.353, 205.86, 229.185, 223.868
506.981, 237.769, 191.481, 187.038
502.353, 205.86, 229.185, 223.868
502.353, 205.86, 229.185, 223.868
502.353, 205.86, 229.185, 223.868
502.353, 205.86, 229.185, 223.868
502.353, 205.86, 229.185, 223.868
502.353, 205.86, 229.185, 223.868
502.353, 205.86, 229.185, 223.868
502.353, 205.86, 229.185, 223.868
506.981, 215.462, 191.481, 187.038
506.981, 215.462, 191.481, 187.038
502.353, 179.035, 229.185, 224.59
502.353, 179.035, 229.185, 224.59
502.353, 179.035, 229.185, 224.59
475.46, 179.035, 229.925, 224.59
475.46, 179.035, 229.925, 224.59
475.46, 179.035, 229.925, 224.59
475.46, 152.881, 229.925, 224.59
475.46, 152.881, 229.925, 224.59
475.46, 152.881, 229.925, 224.59
475.46, 152.881, 229.925, 224.59
475.46, 152.881, 229.925, 224.59
475.46, 152.881, 229.925, 224.59
475.46, 152.881, 229.925, 224.59
475.46, 152.881, 229.925, 224.59
475.46, 179.035, 229.925, 224.59
475.46, 179.035, 229.925, 224.59
475.46, 179.035, 229.925, 224.59
475.46, 179.035, 229.925, 224.59
475.46, 179.035, 229.925, 224.59
475.46, 205.86, 229.925, 223.868
475.46, 205.86, 229.925, 223.868
475.46, 205.86, 229.925, 223.868
475.46, 205.86, 229.925, 223.868
475.46, 205.86, 229.925, 223.868
475.46, 205.86, 229.925, 223.868
475.46, 205.86, 229.925, 223.868
475.46, 205.86, 229.925, 223.868
475.46, 205.86, 229.925, 223.868
475.46, 205.86, 229.925, 223.868
475.46, 205.86, 229.925, 223.868
475.46, 205.86, 229.925, 223.868
475.46, 205.86, 229.925, 223.868
475.46, 205.86, 229.925, 223.868
475.46, 205.86, 229.925, 223.868
475.46, 205.86, 229.925, 223.868
475.46, 205.86, 229.925, 223.868
475.46, 205.86, 229.925, 223.868
475.46, 205.86, 229.925, 223.868
475.46, 205.86, 229.925, 223.868
475.46, 205.86, 229.925, 223.868
475.46, 205.86, 229.925, 223.868
475.46, 205.86, 229.925, 223.868
475.46, 205.86, 229.925, 223.868
475.46, 205.86, 229.925, 223.868
475.46, 205.86, 229.925, 223.868
475.46, 205.86, 229.925, 223.868
475.46, 205.86, 229.925, 223.868
475.46, 205.86, 229.925, 223.868
475.46, 205.86, 229.925, 223.868
475.46, 205.86, 229.925, 223.868
475.46, 205.86, 229.925, 223.868
475.46, 205.86, 229.925, 223.868
475.46, 205.86, 229.925, 223.868
475.46, 205.86, 229.925, 223.868
475.46, 205.86, 229.925, 223.868
475.46, 205.86, 229.925, 223.868
475.46, 205.86, 229.925, 223.868
475.46, 205.86, 229.925, 223.868
475.46, 205.86, 229.925, 223.868
475.46, 205.86, 229.925, 223.868
475.46, 205.86, 229.925, 223.868
475.46, 205.86, 229.925, 223.868
475.46, 205.86, 229.925, 223.868
475.46, 205.86, 229.925, 223.868
475.46, 205.86, 229.925, 223.868
475.46, 205.86, 229.925, 223.868
475.46, 205.86, 229.925, 223.868
475.46, 205.86, 229.925, 223.868
475.46, 205.86, 229.925, 223.868
475.46, 205.86, 229.925, 223.868
475.46, 179.035, 229.925, 224.59
475.46, 179.035, 229.925, 224.59
475.46, 179.035, 229.925, 224.59
484.673, 193.923, 191.481, 187.038
484.673, 171.616, 191.481, 187.038
484.673, 171.616, 191.481, 187.038
484.673, 171.616, 191.481, 187.038
484.673, 171.616, 191.481, 187.038
475.46, 152.881, 229.925, 224.59
484.673, 149.308, 191.481, 187.038
484.673, 149.308, 191.481, 187.038
484.673, 149.308, 191.481, 187.038
484.673, 171.616, 191.481, 187.038
484.673, 149.308, 191.481, 187.038
475.46, 152.881, 229.925, 224.59
484.673, 171.616, 191.481, 187.038
484.673, 171.616, 191.481, 187.038
484.673, 171.616, 191.481, 187.038
484.673, 171.616, 191.481, 187.038
484.673, 171.616, 191.481, 187.038
484.673, 171.616, 191.481, 187.038
484.673, 171.616, 191.481, 187.038
484.673, 171.616, 191.481, 187.038
484.673, 171.616, 191.481, 187.038
475.46, 152.881, 229.925, 224.59
484.673, 171.616, 191.481, 187.038
475.46, 152.881, 229.925, 224.59
475.46, 152.881, 229.925, 224.59
475.46, 152.881, 229.925, 224.59
475.46, 179.035, 229.925, 224.59
475.46, 179.035, 229.925, 224.59
475.46, 179.035, 229.925, 224.59
506.981, 215.462, 191.481, 187.038
475.46, 205.86, 229.925, 223.868
506.981, 215.462, 191.481, 187.038
506.981, 215.462, 191.481, 187.038
506.981, 215.462, 191.481, 187.038
506.981, 215.462, 191.481, 187.038
506.981, 215.462, 191.481, 187.038
506.981, 215.462, 191.481, 187.038
506.981, 237.769, 191.481, 187.038
506.981, 215.462, 191.481, 187.038
506.981, 237.769, 191.481, 187.038
506.981, 237.769, 191.481, 187.038
506.981, 237.769, 191.481, 187.038
506.981, 237.769, 191.481, 187.038
506.981, 237.769, 191.481, 187.038
506.981, 237.769, 191.481, 187.038
506.981, 237.769, 191.481, 187.038
506.981, 237.769, 191.481, 187.038
506.981, 237.769, 191.481, 187.038
506.981, 237.769, 191.481, 187.038
506.981, 237.769, 191.481, 187.038
506.981, 237.769, 191.481, 187.038
506.981, 237.769, 191.481, 187.038
506.981, 237.769, 191.481, 187.038
506.981, 237.769, 191.481, 187.038
506.981, 237.769, 191.481, 187.038
506.981, 237.769, 191.481, 187.038
502.353, 205.86, 229.185, 223.868
502.353, 205.86, 229.185, 223.868
506.981, 237.769, 191.481, 187.038
502.353, 205.86, 229.185, 223.868
502.353, 205.86, 229.185, 223.868
502.353, 205.86, 229.185, 223.868
502.353, 205.86, 229.185, 223.868
502.353, 205.86, 229.185, 223.868
502.353, 205.86, 229.185, 223.868
502.353, 205.86, 229.185, 223.868
502.353, 205.86, 229.185, 223.868
502.353, 205.86, 229.185, 223.868
502.353, 205.86, 229.185, 223.868
502.353, 205.86, 229.185, 223.868
502.353, 205.86, 229.185, 223.868
502.353, 205.86, 229.185, 223.868
502.353, 205.86, 229.185, 223.868
502.353, 205.86, 229.185, 223.868
502.353, 205.86, 229.185, 223.868
502.353, 205.86, 229.185, 223.868
502.353, 205.86, 229.185, 223.868
502.353, 205.86, 229.185, 223.868
502.353, 205.86, 229.185, 223.868
502.353, 205.86, 229.185, 223.868
502.353, 205.86, 229.185, 223.868
502.353, 205.86, 229.185, 223.868
502.353, 205.86, 229.185, 223.868
502.353, 205.86, 229.185, 223.868
502.353, 205.86, 229.185, 223.868
502.353, 205.86, 229.185, 223.868
502.353, 205.86, 229.185, 223.868
502.353, 205.86, 229.185, 223.868
502.353, 205.86, 229.185, 223.868
502.353, 205.86, 229.185, 223.868
528.519, 215.462, 191.481, 187.038
528.519, 215.462, 191.481, 187.038
528.519, 215.462, 191.481, 187.038
502.353, 205.86, 229.185, 223.868
528.519, 215.462, 191.481, 187.038
528.519, 215.462, 191.481, 187.038
502.353, 179.035, 229.185, 224.59
502.353, 179.035, 229.185, 224.59
502.353, 179.035, 229.185, 224.59
528.519, 193.923, 191.481, 187.038
528.519, 193.923, 191.481, 187.038
528.519, 193.923, 191.481, 187.038
528.519, 193.923, 191.481, 187.038
528.519, 193.923, 191.481, 187.038
528.519, 193.923, 191.481, 187.038
502.353, 179.035, 229.185, 224.59
502.353, 179.035, 229.185, 224.59
528.519, 193.923, 191.481, 187.038
528.519, 193.923, 191.481, 187.038
528.519, 193.923, 191.481, 187.038
528.519, 193.923, 191.481, 187.038
528.519, 193.923, 191.481, 187.038
528.519, 193.923, 191.481, 187.038
528.519, 193.923, 191.481, 187.038
528.519, 193.923, 191.481, 187.038
528.519, 193.923, 191.481, 187.038
528.519, 193.923, 191.481, 187.038
528.519, 193.923, 191.481, 187.038
528.519, 215.462, 191.481, 187.038
528.519, 215.462, 191.481, 187.038
528.537, 205.86, 229.925, 223.868
528.537, 205.86, 229.925, 223.868
528.537, 205.86, 229.925, 223.868
528.537, 205.86, 229.925, 223.868
528.537, 205.86, 229.925, 223.868
528.537, 205.86, 229.925, 223.868
528.537, 205.86, 229.925, 223.868
528.519, 237.769, 191.481, 187.038
528.519, 237.769, 191.481, 187.038
528.519, 237.769, 191.481, 187.038
528.519, 237.769, 191.481, 187.038
528.519, 237.769, 191.481, 187.038
528.519, 237.769, 191.481, 187.038
528.519, 237.769, 191.481, 187.038
528.519, 237.769, 191.481, 187.038
528.519, 237.769, 191.481, 187.038
502.353, 205.86, 229.185, 223.868
502.353, 205.86, 229.185, 223.868
502.353, 205.86, 229.185, 223.868
502.353, 205.86, 229.185, 223.868
502.353, 205.86, 229.185, 223.868
502.353, 205.86, 229.185, 223.868
502.353, 205.86, 229.185, 223.868
502.353, 205.86, 229.185, 223.868
502.353, 205.86, 229.185, 223.868
502.353, 205.86, 229.185, 223.868
502.353, 205.86, 229.185, 223.868
502.353, 205.86, 229.185, 223.868
502.353, 205.86, 229.185, 223.868
502.353, 205.86, 229.185, 223.868
506.981, 237.769, 191.481, 187.038
506.981, 237.769, 191.481, 187.038
506.981, 237.769, 191.481, 187.038
506.981, 237.769, 191.481, 187.038
506.981, 237.769, 191.481, 187.038
506.981, 237.769, 191.481, 187.038
506.981, 237.769, 191.481, 187.038
506.981, 237.769, 191.481, 187.038
506.981, 237.769, 191.481, 187.038
506.981, 237.769, 191.481, 187.038
506.981, 237.769, 191.481, 187.038
506.981, 237.769, 191.481, 187.038
506.981, 237.769, 191.481, 187.038
502.353, 232.112, 229.185, 224.59
506.981, 237.769, 191.481, 187.038
506.981, 237.769, 191.481, 187.038
506.981, 237.769, 191.481, 187.038
506.981, 237.769, 191.481, 187.038
506.981, 237.769, 191.481, 187.038
506.981, 237.769, 191.481, 187.038
506.981, 237.769, 191.481, 187.038
506.981, 237.769, 191.481, 187.038
502.353, 205.86, 229.185, 223.868
502.353, 205.86, 229.185, 223.868
502.353, 205.86, 229.185, 223.868
502.353, 205.86, 229.185, 223.868
502.353, 205.86, 229.185, 223.868
502.353, 205.86, 229.185, 223.868
502.353, 205.86, 229.185, 223.868
502.353, 205.86, 229.185, 223.868
502.353, 205.86, 229.185, 223.868
502.353, 205.86, 229.185, 223.868
502.353, 179.035, 229.185, 224.59
502.353, 179.035, 229.185, 224.59
502.353, 179.035, 229.185, 224.59
502.353, 179.035, 229.185, 224.59
502.353, 179.035, 229.185, 224.59
502.353, 179.035, 229.185, 224.59
502.353, 179.035, 229.185, 224.59
502.353, 179.035, 229.185, 224.59
502.353, 179.035, 229.185, 224.59
506.981, 215.462, 191.481, 187.038
506.981, 215.462, 191.481, 187.038
506.981, 215.462, 191.481, 187.038
506.981, 215.462, 191.481, 187.038
506.981, 215.462, 191.481, 187.038
506.981, 215.462, 191.481, 187.038
502.353, 205.86, 229.185, 223.868
506.981, 215.462, 191.481, 187.038
502.353, 205.86, 229.185, 223.868
502.353, 205.86, 229.185, 223.868
502.353, 205.86, 229.185, 223.868
506.981, 237.769, 191.481, 187.038
506.981, 237.769, 191.481, 187.038
506.981, 215.462, 191.481, 187.038
506.981, 215.462, 191.481, 187.038
506.981, 215.462, 191.481, 187.038
506.981, 215.462, 191.481, 187.038
506.981, 215.462, 191.481, 187.038
502.353, 205.86, 229.185, 223.868
502.353, 205.86, 229.185, 223.868
502.353, 205.86, 229.185, 223.868
502.353, 205.86, 229.185, 223.868
502.353, 205.86, 229.185, 223.868
502.353, 205.86, 229.185, 223.868
502.353, 205.86, 229.185, 223.868
502.353, 205.86, 229.185, 223.868
502.353, 205.86, 229.185, 223.868
502.353, 205.86, 229.185, 223.868
502.353, 205.86, 229.185, 223.868
502.353, 205.86, 229.185, 223.868
502.353, 205.86, 229.185, 223.868
502.353, 205.86, 229.185, 223.868
502.353, 205.86, 229.185, 223.868
528.519, 237.769, 191.481, 187.038
502.353, 205.86, 229.185, 223.868
502.353, 205.86, 229.185, 223.868
528.519, 237.769, 191.481, 187.038
502.353, 205.86, 229.185, 223.868
502.353, 205.86, 229.185, 223.868
502.353, 205.86, 229.185, 223.868
502.353, 205.86, 229.185, 223.868
502.353, 205.86, 229.185, 223.868
502.353, 205.86, 229.185, 223.868
502.353, 205.86, 229.185, 223.868
502.353, 205.86, 229.185, 223.868
502.353, 205.86, 229.185, 223.868
502.353, 205.86, 229.185, 223.868
502.353, 205.86, 229.185, 223.868
502.353, 205.86, 229.185, 223.868
502.353, 205.86, 229.185, 223.868
502.353, 205.86, 229.185, 223.868
502.353, 205.86, 229.185, 223.868
502.353, 205.86, 229.185, 223.868
502.353, 205.86, 229.185, 223.868
502.353, 205.86, 229.185, 223.868
502.353, 179.035, 229.185, 224.59
502.353, 179.035, 229.185, 224.59
502.353, 179.035, 229.185, 224.59
502.353, 179.035, 229.185, 224.59
502.353, 179.035, 229.185, 224.59
502.353, 179.035, 229.185, 224.59
502.353, 179.035, 229.185, 224.59
502.353, 179.035, 229.185, 224.59
502.353, 179.035, 229.185, 224.59
502.353, 179.035, 229.185, 224.59
502.353, 179.035, 229.185, 224.59
502.353, 179.035, 229.185, 224.59
502.353, 179.035, 229.185, 224.59
506.981, 215.462, 191.481, 187.038
475.46, 205.86, 229.925, 223.868
475.46, 205.86, 229.925, 223.868
475.46, 205.86, 229.925, 223.868
475.46, 205.86, 229.925, 223.868
475.46, 205.86, 229.925, 223.868
475.46, 205.86, 229.925, 223.868
475.46, 205.86, 229.925, 223.868
475.46, 205.86, 229.925, 223.868
475.46, 205.86, 229.925, 223.868
475.46, 205.86, 229.925, 223.868
475.46, 205.86, 229.925, 223.868
475.46, 205.86, 229.925, 223.868
475.46, 205.86, 229.925, 223.868
475.46, 205.86, 229.925, 223.868
475.46, 205.86, 229.925, 223.868
475.46, 205.86, 229.925, 223.868
475.46, 205.86, 229.925, 223.868
475.46, 205.86, 229.925, 223.868
484.673, 215.462, 191.481, 187.038
484.673, 215.462, 191.481, 187.038
475.46, 205.86, 229.925, 223.868
475.46, 205.86, 229.925, 223.868
475.46, 205.86, 229.925, 223.868
475.46, 205.86, 229.925, 223.868
475.46, 205.86, 229.925, 223.868
475.46, 205.86, 229.925, 223.868
475.46, 205.86, 229.925, 223.868
475.46, 205.86, 229.925, 223.868
506.981, 215.462, 191.481, 187.038
506.981, 215.462, 191.481, 187.038
502.353, 205.86, 229.185, 223.868
502.353, 205.86, 229.185, 223.868
502.353, 205.86, 229.185, 223.868
502.353, 205.86, 229.185, 223.868
502.353, 205.86, 229.185, 223.868
502.353, 179.035, 229.185, 224.59
528.519, 193.923, 191.481, 187.038
502.353, 179.035, 229.185, 224.59
502.353, 179.035, 229.185, 224.59
528.519, 193.923, 191.481, 187.038
528.519, 171.616, 191.481, 187.038
528.519, 171.616, 191.481, 187.038
528.519, 171.616, 191.481, 187.038
528.537, 152.881, 229.925, 224.59
528.537, 152.881, 229.925, 224.59
528.537, 152.881, 229.925, 224.59
528.537, 152.881, 229.925, 224.59
528.537, 152.881, 229.925, 224.59
528.537, 152.881, 229.925, 224.59
528.537, 152.881, 229.925, 224.59
528.537, 152.881, 229.925, 224.59
528.537, 152.881, 229.925, 224.59
550.827, 171.616, 191.481, 187.038
528.537, 179.035, 229.925, 224.59
528.537, 179.035, 229.925, 224.59
550.827, 171.616, 191.481, 187.038
528.537, 179.035, 229.925, 224.59
550.827, 171.616, 191.481, 187.038
528.537, 179.035, 229.925, 224.59
528.537, 179.035, 229.925, 224.59
528.537, 179.035, 229.925, 224.59
528.537, 179.035, 229.925, 224.59
528.537, 179.035, 229.925, 224.59
528.537, 179.035, 229.925, 224.59
550.827, 193.923, 191.481, 187.038
550.827, 193.923, 191.481, 187.038
554.691, 179.035, 229.925, 224.59
554.691, 179.035, 229.925, 224.59
554.691, 179.035, 229.925, 224.59
554.691, 179.035, 229.925, 224.59
554.691, 179.035, 229.925, 224.59
554.691, 179.035, 229.925, 224.59
554.691, 179.035, 229.925, 224.59
554.691, 179.035, 229.925, 224.59
554.691, 179.035, 229.925, 224.59
573.135, 215.462, 191.481, 187.038
573.135, 215.462, 191.481, 187.038
554.691, 179.035, 229.925, 224.59
554.691, 179.035, 229.925, 224.59
554.691, 179.035, 229.925, 224.59
554.691, 179.035, 229.925, 224.59
554.691, 179.035, 229.925, 224.59
554.691, 179.035, 229.925, 224.59
554.691, 179.035, 229.925, 224.59
554.691, 179.035, 229.925, 224.59
554.691, 179.035, 229.925, 224.59
554.691, 179.035, 229.925, 224.59
554.691, 179.035, 229.925, 224.59
554.691, 179.035, 229.925, 224.59
554.691, 179.035, 229.925, 224.59
550.827, 215.462, 191.481, 187.038
550.827, 215.462, 191.481, 187.038
528.537, 179.035, 229.925, 224.59
528.537, 179.035, 229.925, 224.59
528.537, 179.035, 229.925, 224.59
528.537, 179.035, 229.925, 224.59
528.537, 179.035, 229.925, 224.59
528.537, 179.035, 229.925, 224.59
528.537, 179.035, 229.925, 224.59
528.537, 179.035, 229.925, 224.59
528.537, 179.035, 229.925, 224.59
528.537, 179.035, 229.925, 224.59
528.537, 179.035, 229.925, 224.59
528.537, 179.035, 229.925, 224.59
528.537, 179.035, 229.925, 224.59
528.537, 179.035, 229.925, 224.59
528.537, 179.035, 229.925, 224.59
528.519, 193.923, 191.481, 187.038
502.353, 179.035, 229.185, 224.59
528.519, 171.616, 191.481, 187.038
502.353, 179.035, 229.185, 224.59
528.519, 171.616, 191.481, 187.038
528.519, 171.616, 191.481, 187.038
528.519, 171.616, 191.481, 187.038
502.353, 179.035, 229.185, 224.59
502.353, 179.035, 229.185, 224.59
528.519, 171.616, 191.481, 187.038
502.353, 179.035, 229.185, 224.59
502.353, 179.035, 229.185, 224.59
502.353, 179.035, 229.185, 224.59
502.353, 179.035, 229.185, 224.59
502.353, 179.035, 229.185, 224.59
502.353, 179.035, 229.185, 224.59
528.519, 193.923, 191.481, 187.038
528.537, 179.035, 229.925, 224.59
528.537, 179.035, 229.925, 224.59
528.537, 179.035, 229.925, 224.59
528.537, 179.035, 229.925, 224.59
528.537, 179.035, 229.925, 224.59
528.537, 179.035, 229.925, 224.59
528.537, 179.035, 229.925, 224.59
528.537, 179.035, 229.925, 224.59
528.537, 179.035, 229.925, 224.59
528.537, 179.035, 229.925, 224.59
528.537, 179.035, 229.925, 224.59
528.537, 179.035, 229.925, 224.59
528.537, 179.035, 229.925, 224.59
528.537, 179.035, 229.925, 224.59
528.537, 179.035, 229.925, 224.59
528.537, 179.035, 229.925, 224.59
528.537, 179.035, 229.925, 224.59
528.537, 179.035, 229.925, 224.59
554.691, 179.035, 229.925, 224.59
554.691, 179.035, 229.925, 224.59
554.691, 179.035, 229.925, 224.59
554.691, 179.035, 229.925, 224.59
554.691, 179.035, 229.925, 224.59
554.691, 179.035, 229.925, 224.59
554.691, 179.035, 229.925, 224.59
554.691, 179.035, 229.925, 224.59
554.691, 179.035, 229.925, 224.59
554.691, 179.035, 229.925, 224.59
554.691, 179.035, 229.925, 224.59
554.691, 179.035, 229.925, 224.59
554.691, 179.035, 229.925, 224.59
554.691, 179.035, 229.925, 224.59
554.691, 179.035, 229.925, 224.59
554.691, 179.035, 229.925, 224.59
554.691, 179.035, 229.925, 224.59
554.691, 179.035, 229.925, 224.59
554.691, 179.035, 229.925, 224.59
554.691, 179.035, 229.925, 224.59
554.691, 179.035, 229.925, 224.59
554.691, 179.035, 229.925, 224.59
554.691, 205.86, 229.925, 223.868
554.691, 205.86, 229.925, 223.868
554.691, 205.86, 229.925, 223.868
554.691, 205.86, 229.925, 223.868
554.691, 205.86, 229.925, 223.868
554.691, 205.86, 229.925, 223.868
554.691, 205.86, 229.925, 223.868
554.691, 205.86, 229.925, 223.868
554.691, 205.86, 229.925, 223.868
554.691, 205.86, 229.925, 223.868
554.691, 205.86, 229.925, 223.868
554.691, 205.86, 229.925, 223.868
550.827, 215.462, 191.481, 187.038
550.827, 215.462, 191.481, 187.038
550.827, 215.462, 191.481, 187.038
550.827, 215.462, 191.481, 187.038
528.537, 179.035, 229.925, 224.59
528.537, 179.035, 229.925, 224.59
528.537, 179.035, 229.925, 224.59
528.537, 179.035, 229.925, 224.59
528.537, 179.035, 229.925, 224.59
528.537, 179.035, 229.925, 224.59
528.537, 179.035, 229.925, 224.59
528.537, 179.035, 229.925, 224.59
528.537, 179.035, 229.925, 224.59
528.537, 179.035, 229.925, 224.59
502.353, 179.035, 229.185, 224.59
528.519, 193.923, 191.481, 187.038
528.519, 171.616, 191.481, 187.038
528.537, 152.881, 229.925, 224.59
528.537, 152.881, 229.925, 224.59
528.537, 152.881, 229.925, 224.59
528.537, 152.881, 229.925, 224.59
528.537, 152.881, 229.925, 224.59
528.537, 152.881, 229.925, 224.59
528.537, 152.881, 229.925, 224.59
528.537, 152.881, 229.925, 224.59
528.537, 152.881, 229.925, 224.59
528.537, 152.881, 229.925, 224.59
528.537, 152.881, 229.925, 224.59
528.537, 152.881, 229.925, 224.59
528.537, 179.035, 229.925, 224.59
528.537, 179.035, 229.925, 224.59
528.537, 179.035, 229.925, 224.59
528.537, 179.035, 229.925, 224.59
550.827, 215.462, 191.481, 187.038
550.827, 215.462, 191.481, 187.038
550.827, 215.462, 191.481, 187.038
550.827, 215.462, 191.481, 187.038
554.691, 205.86, 229.925, 223.868
554.691, 205.86, 229.925, 223.868
554.691, 205.86, 229.925, 223.868
554.691, 205.86, 229.925, 223.868
554.691, 205.86, 229.925, 223.868
554.691, 205.86, 229.925, 223.868
554.691, 205.86, 229.925, 223.868
554.691, 205.86, 229.925, 223.868
554.691, 205.86, 229.925, 223.868
554.691, 205.86, 229.925, 223.868
554.691, 205.86, 229.925, 223.868
554.691, 205.86, 229.925, 223.868
554.691, 205.86, 229.925, 223.868
554.691, 205.86, 229.925, 223.868
554.691, 205.86, 229.925, 223.868
554.691, 205.86, 229.925, 223.868
554.691, 205.86, 229.925, 223.868
554.691, 205.86, 229.925, 223.868
554.691, 205.86, 229.925, 223.868
554.691, 205.86, 229.925, 223.868
554.691, 205.86, 229.925, 223.868
554.691, 205.86, 229.925, 223.868
554.691, 205.86, 229.925, 223.868
554.691, 205.86, 229.925, 223.868
554.691, 205.86, 229.925, 223.868
554.691, 205.86, 229.925, 223.868
554.691, 205.86, 229.925, 223.868
554.691, 205.86, 229.925, 223.868
554.691, 205.86, 229.925, 223.868
554.691, 205.86, 229.925, 223.868
554.691, 205.86, 229.925, 223.868
554.691, 205.86, 229.925, 223.868
554.691, 205.86, 229.925, 223.868
554.691, 205.86, 229.925, 223.868
554.691, 205.86, 229.925, 223.868
554.691, 205.86, 229.925, 223.868
554.691, 205.86, 229.925, 223.868
554.691, 205.86, 229.925, 223.868
554.691, 205.86, 229.925, 223.868
554.691, 205.86, 229.925, 223.868
554.691, 205.86, 229.925, 223.868
554.691, 205.86, 229.925, 223.868
554.691, 205.86, 229.925, 223.868
554.691, 179.035, 229.925, 224.59
554.691, 179.035, 229.925, 224.59
554.691, 179.035, 229.925, 224.59
554.691, 179.035, 229.925, 224.59
554.691, 179.035, 229.925, 224.59
554.691, 179.035, 229.925, 224.59
554.691, 179.035, 229.925, 224.59
554.691, 179.035, 229.925, 224.59
554.691, 179.035, 229.925, 224.59
554.691, 179.035, 229.925, 224.59
554.691, 179.035, 229.925, 224.59
554.691, 179.035, 229.925, 224.59
554.691, 179.035, 229.925, 224.59
554.691, 179.035, 229.925, 224.59
554.691, 179.035, 229.925, 224.59
554.691, 179.035, 229.925, 224.59
554.691, 179.035, 229.925, 224.59
554.691, 179.035, 229.925, 224.59
554.691, 179.035, 229.925, 224.59
554.691, 179.035, 229.925, 224.59
554.691, 179.035, 229.925, 224.59
554.691, 179.035, 229.925, 224.59
554.691, 179.035, 229.925, 224.59
554.691, 179.035, 229.925, 224.59
554.691, 179.035, 229.925, 224.59
554.691, 179.035, 229.925, 224.59
554.691, 179.035, 229.925, 224.59
554.691, 179.035, 229.925, 224.59
550.827, 215.462, 191.481, 187.038
550.827, 215.462, 191.481, 187.038
550.827, 215.462, 191.481, 187.038
550.827, 215.462, 191.481, 187.038
550.827, 215.462, 191.481, 187.038
550.827, 215.462, 191.481, 187.038
550.827, 215.462, 191.481, 187.038
550.827, 215.462, 191.481, 187.038
550.827, 215.462, 191.481, 187.038
550.827, 215.462, 191.481, 187.038
550.827, 215.462, 191.481, 187.038
550.827, 215.462, 191.481, 187.038
550.827, 215.462, 191.481, 187.038
550.827, 215.462, 191.481, 187.038
550.827, 215.462, 191.481, 187.038
550.827, 215.462, 191.481, 187.038
550.827, 215.462, 191.481, 187.038
550.827, 215.462, 191.481, 187.038
550.827, 215.462, 191.481, 187.038
550.827, 215.462, 191.481, 187.038
550.827, 215.462, 191.481, 187.038
550.827, 215.462, 191.481, 187.038
550.827, 215.462, 191.481, 187.038
550.827, 215.462, 191.481, 187.038
550.827, 215.462, 191.481, 187.038
550.827, 215.462, 191.481, 187.038
550.827, 215.462, 191.481, 187.038
528.537, 179.035, 229.925, 224.59
528.537, 179.035, 229.925, 224.59
528.537, 179.035, 229.925, 224.59
528.537, 179.035, 229.925, 224.59
