587.233, 216.619, 159.69, 155.985
612.309, 226.157, 133.075, 129.988
612.309, 226.157, 133.075, 129.988
612.309, 210.772, 133.075, 129.988
605.694, 198.158, 159.69, 155.985
605.694, 198.158, 159.69, 155.985
605.694, 198.158, 159.69, 155.985
627.694, 195.486, 133.075, 130.71
627.694, 195.486, 133.075, 130.71
627.694, 195.486, 133.075, 130.71
627.694, 195.486, 133.075, 130.71
624.156, 179.696, 159.69, 155.985
624.156, 198.158, 159.69, 155.985
627.694, 210.772, 133.075, 129.988
627.694, 210.772, 133.075, 129.988
627.694, 195.486, 133.075, 130.71
627.694, 210.772, 133.075, 129.988
605.694, 179.696, 159.69, 155.985
612.309, 195.486, 133.075, 130.71
612.309, 195.486, 133.075, 130.71
612.309, 195.486, 133.075, 130.71
612.309, 195.486, 133.075, 130.71
627.694, 195.486, 133.075, 130.71
627.694, 195.486, 133.075, 130.71
627.694, 180.772, 133.075, 129.988
627.694, 180.772, 133.075, 129.988
627.694, 180.772, 133.075, 129.988
627.694, 180.772, 133.075, 129.988
627.694, 180.772, 133.075, 129.988
643.078, 180.772, 133.075, 129.988
643.078, 180.772, 133.075, 129.988
643.078, 165.388, 133.075, 129.988
643.078, 165.388, 133.075, 129.988
643.078, 165.388, 133.075, 129.988
643.078, 165.388, 133.075, 129.988
643.078, 165.388, 133.075, 129.988
643.078, 165.388, 133.075, 129.988
643.078, 165.388, 133.075, 129.988
643.078, 165.388, 133.075, 129.988
643.078, 165.388, 133.075, 129.988
662.98, 163.208, 111.635, 108.323
662.98, 163.208, 111.635, 108.323
662.98, 163.208, 111.635, 108.323
658.463, 150.003, 133.075, 129.988
658.463, 150.003, 133.075, 129.988
658.463, 150.003, 133.075, 129.988
658.463, 150.003, 133.075, 129.988
658.463, 150.003, 133.075, 129.988
658.463, 150.003, 133.075, 129.988
658.463, 150.003, 133.075, 129.988
658.463, 150.003, 133.075, 129.988
658.463, 150.003, 133.075, 129.988
658.463, 150.003, 133.075, 129.988
658.463, 150.003, 133.075, 129.988
658.463, 150.003, 133.075, 129.988
658.463, 150.003, 133.075, 129.988
658.463, 150.003, 133.075, 129.988
658.463, 150.003, 133.075, 129.988
658.463, 150.003, 133.075, 129.988
658.463, 150.003, 133.075, 129.988
658.463, 150.003, 133.075, 129.988
658.463, 150.003, 133.075, 129.988
658.463, 150.003, 133.075, 129.988
658.463, 150.003, 133.075, 129.988
658.463, 150.003, 133.075, 129.988
658.463, 150.003, 133.075, 129.988
643.078, 150.003, 133.075, 129.988
643.078, 150.003, 133.075, 129.988
643.078, 150.003, 133.075, 129.988
643.078, 134.618, 133.075, 129.988
627.694, 134.618, 133.075, 129.988
627.694, 150.003, 133.075, 129.988
605.694, 142.773, 159.69, 155.985
612.309, 150.003, 133.075, 129.988
612.309, 150.003, 133.075, 129.988
587.233, 142.773, 159.69, 155.985
596.925, 150.003, 133.075, 129.988
596.925, 165.388, 133.075, 129.988
599.134, 163.208, 111.635, 108.323
581.54, 165.388, 133.075, 129.988
581.54, 150.003, 133.075, 129.988
581.54, 150.003, 133.075, 129.988
581.54, 150.003, 133.075, 129.988
566.155, 150.003, 133.075, 129.988
566.155, 150.003, 133.075, 129.988
566.155, 150.003, 133.075, 129.988
566.155, 150.003, 133.075, 129.988
566.155, 150.003, 133.075, 129.988
566.155, 150.003, 133.075, 129.988
566.155, 150.003, 133.075, 129.988
566.155, 150.003, 133.075, 129.988
566.155, 150.003, 133.075, 129.988
566.155, 150.003, 133.075, 129.988
566.155, 150.003, 133.075, 129.988
566.155, 165.388, 133.075, 129.988
566.155, 165.388, 133.075, 129.988
566.155, 150.003, 133.075, 129.988
586.796, 150.229, 110.896, 109.045
581.54, 134.618, 133.075, 129.988
586.796, 137.823, 110.896, 108.323
581.54, 134.618, 133.075, 129.988
581.54, 134.618, 133.075, 129.988
581.54, 134.618, 133.075, 129.988
581.54, 134.618, 133.075, 129.988
581.54, 150.003, 133.075, 129.988
581.54, 150.003, 133.075, 129.988
599.134, 150.229, 111.635, 109.045
581.54, 150.003, 133.075, 129.988
581.54, 150.003, 133.075, 129.988
581.54, 150.003, 133.075, 129.988
581.54, 150.003, 133.075, 129.988
581.54, 150.003, 133.075, 129.988
581.54, 150.003, 133.075, 129.988
581.54, 150.003, 133.075, 129.988
581.54, 150.003, 133.075, 129.988
581.54, 150.003, 133.075, 129.988
581.54, 150.003, 133.075, 129.988
581.54, 150.003, 133.075, 129.988
581.54, 150.003, 133.075, 129.988
581.54, 150.003, 133.075, 129.988
581.54, 150.003, 133.075, 129.988
581.54, 150.003, 133.075, 129.988
581.54, 150.003, 133.075, 129.988
581.54, 150.003, 133.075, 129.988
581.54, 150.003, 133.075, 129.988
581.54, 150.003, 133.075, 129.988
586.796, 163.208, 110.896, 108.323
586.796, 163.208, 110.896, 108.323
586.796, 163.208, 110.896, 108.323
566.155, 165.388, 133.075, 129.988
566.155, 165.388, 133.075, 129.988
566.155, 165.388, 133.075, 129.988
566.155, 165.388, 133.075, 129.988
566.155, 165.388, 133.075, 129.988
566.155, 165.388, 133.075, 129.988
550.771, 165.388, 133.075, 129.988
550.771, 165.388, 133.075, 129.988
550.771, 165.388, 133.075, 129.988
550.771, 165.388, 133.075, 129.988
550.771, 165.388, 133.075, 129.988
550.771, 165.388, 133.075, 129.988
550.771, 165.388, 133.075, 129.988
550.771, 165.388, 133.075, 129.988
550.771, 165.388, 133.075, 129.988
550.771, 150.003, 133.075, 129.988
550.771, 150.003, 133.075, 129.988
550.771, 150.003, 133.075, 129.988
550.771, 150.003, 133.075, 129.988
550.771, 150.003, 133.075, 129.988
550.771, 150.003, 133.075, 129.988
566.155, 150.003, 133.075, 129.988
566.155, 165.388, 133.075, 129.988
551.079, 142.773, 159.69, 155.985
550.771, 165.388, 133.075, 129.988
550.771, 165.388, 133.075, 129.988
550.771, 165.388, 133.075, 129.988
550.771, 165.388, 133.075, 129.988
550.771, 165.388, 133.075, 129.988
550.771, 165.388, 133.075, 129.988
550.771, 165.388, 133.075, 129.988
550.771, 165.388, 133.075, 129.988
550.771, 165.388, 133.075, 129.988
550.771, 165.388, 133.075, 129.988
550.771, 165.388, 133.075, 129.988
550.771, 165.388, 133.075, 129.988
550.771, 165.388, 133.075, 129.988
550.771, 165.388, 133.075, 129.988
550.771, 165.388, 133.075, 129.988
550.771, 165.388, 133.075, 129.988
550.771, 165.388, 133.075, 129.988
550.771, 165.388, 133.075, 129.988
550.771, 165.388, 133.075, 129.988
550.771, 165.388, 133.075, 129.988
550.771, 165.388, 133.075, 129.988
550.771, 165.388, 133.075, 129.988
550.771, 165.388, 133.075, 129.988
550.771, 165.388, 133.075, 129.988
550.771, 165.388, 133.075, 129.988
550.771, 165.388, 133.075, 129.988
550.771, 165.388, 133.075, 129.988
550.771, 165.388, 133.075, 129.988
550.771, 165.388, 133.075, 129.988
550.771, 165.388, 133.075, 129.988
550.771, 165.388, 133.075, 129.988
550.771, 165.388, 133.075, 129.988
550.771, 165.388, 133.075, 129.988
550.771, 165.388, 133.075, 129.988
550.771, 165.388, 133.075, 129.988
550.771, 165.388, 133.075, 129.988
550.771, 165.388, 133.075, 129.988
550.771, 165.388, 133.075, 129.988
550.771, 165.388, 133.075, 129.988
550.771, 165.388, 133.075, 129.988
550.771, 165.388, 133.075, 129.988
550.771, 165.388, 133.075, 129.988
550.771, 165.388, 133.075, 129.988
550.771, 165.388, 133.075, 129.988
550.771, 165.388, 133.075, 129.988
550.771, 165.388, 133.075, 129.988
550.771, 165.388, 133.075, 129.988
550.771, 165.388, 133.075, 129.988
550.771, 165.388, 133.075, 129.988
550.771, 165.388, 133.075, 129.988
550.771, 165.388, 133.075, 129.988
550.771, 165.388, 133.075, 129.988
550.771, 165.388, 133.075, 129.988
550.771, 165.388, 133.075, 129.988
550.771, 165.388, 133.075, 129.988
550.771, 165.388, 133.075, 129.988
550.771, 165.388, 133.075, 129.988
550.771, 165.388, 133.075, 129.988
550.771, 165.388, 133.075, 129.988
550.771, 165.388, 133.075, 129.988
550.771, 165.388, 133.075, 129.988
550.771, 165.388, 133.075, 129.988
550.771, 165.388, 133.075, 129.988
550.771, 165.388, 133.075, 129.988
550.771, 165.388, 133.075, 129.988
550.771, 165.388, 133.075, 129.988
550.771, 165.388, 133.075, 129.988
550.771, 165.388, 133.075, 129.988
550.771, 165.388, 133.075, 129.988
532.617, 142.773, 159.69, 155.985
532.617, 142.773, 159.69, 155.985
532.617, 142.773, 159.69, 155.985
550.771, 165.388, 133.075, 129.988
550.771, 165.388, 133.075, 129.988
550.771, 165.388, 133.075, 129.988
550.771, 165.388, 133.075, 129.988
532.617, 142.773, 159.69, 155.985
550.771, 165.388, 133.075, 129.988
550.771, 165.388, 133.075, 129.988
550.771, 165.388, 133.075, 129.988
550.771, 165.388, 133.075, 129.988
550.771, 165.388, 133.075, 129.988
550.771, 165.388, 133.075, 129.988
550.771, 165.388, 133.075, 129.988
550.771, 165.388, 133.075, 129.988
551.079, 142.773, 159.69, 155.985
551.079, 142.773, 159.69, 155.985
551.079, 142.773, 159.69, 155.985
551.079, 142.773, 159.69, 155.985
551.079, 142.773, 159.69, 155.985
551.079, 142.773, 159.69, 155.985
550.771, 165.388, 133.075, 129.988
550.771, 165.388, 133.075, 129.988
550.771, 165.388, 133.075, 129.988
550.771, 165.388, 133.075, 129.988
550.771, 165.388, 133.075, 129.988
532.617, 142.773, 159.69, 155.985
550.771, 165.388, 133.075, 129.988
532.617, 142.773, 159.69, 155.985
550.771, 165.388, 133.075, 129.988
550.771, 165.388, 133.075, 129.988
550.771, 165.388, 133.075, 129.988
550.771, 165.388, 133.075, 129.988
550.771, 165.388, 133.075, 129.988
550.771, 165.388, 133.075, 129.988
550.771, 165.388, 133.075, 129.988
535.386, 165.388, 133.075, 129.988
535.386, 150.003, 133.075, 129.988
535.386, 150.003, 133.075, 129.988
535.386, 150.003, 133.075, 129.988
535.386, 150.003, 133.075, 129.988
535.386, 150.003, 133.075, 129.988
535.386, 150.003, 133.075, 129.988
535.386, 150.003, 133.075, 129.988
548.335, 163.208, 110.896, 108.323
550.771, 165.388, 133.075, 129.988
550.771, 165.388, 133.075, 129.988
550.771, 150.003, 133.075, 129.988
550.771, 150.003, 133.075, 129.988
550.771, 150.003, 133.075, 129.988
550.771, 165.388, 133.075, 129.988
550.771, 165.388, 133.075, 129.988
550.771, 165.388, 133.075, 129.988
573.749, 175.614, 111.635, 109.045
566.155, 180.772, 133.075, 129.988
566.155, 180.772, 133.075, 129.988
566.155, 180.772, 133.075, 129.988
566.155, 180.772, 133.075, 129.988
566.155, 180.772, 133.075, 129.988
566.155, 180.772, 133.075, 129.988
566.155, 180.772, 133.075, 129.988
566.155, 165.388, 133.075, 129.988
566.155, 165.388, 133.075, 129.988
566.155, 165.388, 133.075, 129.988
566.155, 165.388, 133.075, 129.988
566.155, 165.388, 133.075, 129.988
566.155, 180.772, 133.075, 129.988
566.155, 180.772, 133.075, 129.988
566.155, 180.772, 133.075, 129.988
566.155, 180.772, 133.075, 129.988
566.155, 165.388, 133.075, 129.988
566.155, 165.388, 133.075, 129.988
586.796, 163.208, 110.896, 108.323
586.796, 163.208, 110.896, 108.323
566.155, 165.388, 133.075, 129.988
566.155, 165.388, 133.075, 129.988
566.155, 165.388, 133.075, 129.988
586.796, 175.614, 110.896, 109.045
566.155, 180.772, 133.075, 129.988
566.155, 180.772, 133.075, 129.988
566.155, 180.772, 133.075, 129.988
566.155, 180.772, 133.075, 129.988
581.54, 180.772, 133.075, 129.988
581.54, 180.772, 133.075, 129.988
581.54, 180.772, 133.075, 129.988
581.54, 180.772, 133.075, 129.988
581.54, 180.772, 133.075, 129.988
581.54, 180.772, 133.075, 129.988
581.54, 180.772, 133.075, 129.988
566.155, 180.772, 133.075, 129.988
566.155, 180.772, 133.075, 129.988
581.54, 180.772, 133.075, 129.988
581.54, 180.772, 133.075, 129.988
581.54, 180.772, 133.075, 129.988
581.54, 180.772, 133.075, 129.988
581.54, 180.772, 133.075, 129.988
581.54, 180.772, 133.075, 129.988
581.54, 180.772, 133.075, 129.988
581.54, 180.772, 133.075, 129.988
581.54, 180.772, 133.075, 129.988
581.54, 180.772, 133.075, 129.988
566.155, 180.772, 133.075, 129.988
581.54, 180.772, 133.075, 129.988
581.54, 180.772, 133.075, 129.988
581.54, 180.772, 133.075, 129.988
581.54, 180.772, 133.075, 129.988
581.54, 180.772, 133.075, 129.988
581.54, 180.772, 133.075, 129.988
581.54, 180.772, 133.075, 129.988
581.54, 180.772, 133.075, 129.988
581.54, 180.772, 133.075, 129.988
581.54, 180.772, 133.075, 129.988
581.54, 180.772, 133.075, 129.988
581.54, 180.772, 133.075, 129.988
581.54, 180.772, 133.075, 129.988
581.54, 180.772, 133.075, 129.988
566.155, 180.772, 133.075, 129.988
566.155, 180.772, 133.075, 129.988
566.155, 180.772, 133.075, 129.988
566.155, 180.772, 133.075, 129.988
566.155, 180.772, 133.075, 129.988
566.155, 180.772, 133.075, 129.988
566.155, 180.772, 133.075, 129.988
566.155, 180.772, 133.075, 129.988
566.155, 180.772, 133.075, 129.988
586.796, 175.614, 110.896, 109.045
586.796, 175.614, 110.896, 109.045
566.155, 165.388, 133.075, 129.988
566.155, 165.388, 133.075, 129.988
566.155, 165.388, 133.075, 129.988
566.155, 165.388, 133.075, 129.988
566.155, 165.388, 133.075, 129.988
566.155, 180.772, 133.075, 129.988
566.155, 180.772, 133.075, 129.988
566.155, 180.772, 133.075, 129.988
566.155, 180.772, 133.075, 129.988
566.155, 180.772, 133.075, 129.988
566.155, 180.772, 133.075, 129.988
566.155, 195.486, 133.075, 130.71
566.155, 195.486, 133.075, 130.71
566.155, 195.486, 133.075, 130.71
566.155, 195.486, 133.075, 130.71
550.771, 180.772, 133.075, 129.988
550.771, 180.772, 133.075, 129.988
550.771, 180.772, 133.075, 129.988
550.771, 180.772, 133.075, 129.988
550.771, 180.772, 133.075, 129.988
550.771, 180.772, 133.075, 129.988
550.771, 195.486, 133.075, 130.71
550.771, 180.772, 133.075, 129.988
550.771, 195.486, 133.075, 130.71
550.771, 195.486, 133.075, 130.71
550.771, 195.486, 133.075, 130.71
550.771, 195.486, 133.075, 130.71
550.771, 195.486, 133.075, 130.71
550.771, 195.486, 133.075, 130.71
550.771, 195.486, 133.075, 130.71
550.771, 195.486, 133.075, 130.71
550.771, 195.486, 133.075, 130.71
550.771, 195.486, 133.075, 130.71
550.771, 195.486, 133.075, 130.71
535.386, 180.772, 133.075, 129.988
535.386, 180.772, 133.075, 129.988
535.386, 180.772, 133.075, 129.988
535.386, 180.772, 133.075, 129.988
535.386, 180.772, 133.075, 129.988
535.386, 180.772, 133.075, 129.988
535.386, 180.772, 133.075, 129.988
535.386, 180.772, 133.075, 129.988
535.386, 180.772, 133.075, 129.988
532.617, 161.234, 159.69, 155.985
532.617, 161.234, 159.69, 155.985
532.617, 161.234, 159.69, 155.985
532.617, 161.234, 159.69, 155.985
532.617, 161.234, 159.69, 155.985
532.617, 161.234, 159.69, 155.985
532.617, 161.234, 159.69, 155.985
532.617, 161.234, 159.69, 155.985
532.617, 161.234, 159.69, 155.985
532.617, 161.234, 159.69, 155.985
532.617, 161.234, 159.69, 155.985
532.617, 161.234, 159.69, 155.985
532.617, 161.234, 159.69, 155.985
532.617, 161.234, 159.69, 155.985
532.617, 161.234, 159.69, 155.985
532.617, 161.234, 159.69, 155.985
532.617, 161.234, 159.69, 155.985
550.771, 180.772, 133.075, 129.988
551.079, 161.234, 159.69, 155.985
573.749, 188.592, 111.635, 108.323
573.749, 188.592, 111.635, 108.323
551.079, 161.234, 159.69, 155.985
551.079, 161.234, 159.69, 155.985
551.079, 161.234, 159.69, 155.985
573.749, 188.592, 111.635, 108.323
551.079, 161.234, 159.69, 155.985
573.749, 188.592, 111.635, 108.323
573.749, 188.592, 111.635, 108.323
566.155, 180.772, 133.075, 129.988
566.155, 180.772, 133.075, 129.988
551.079, 161.234, 159.69, 155.985
566.155, 180.772, 133.075, 129.988
566.155, 180.772, 133.075, 129.988
566.155, 180.772, 133.075, 129.988
551.079, 161.234, 159.69, 155.985
551.079, 161.234, 159.69, 155.985
566.155, 180.772, 133.075, 129.988
551.079, 161.234, 159.69, 155.985
551.079, 161.234, 159.69, 155.985
551.079, 161.234, 159.69, 155.985
551.079, 161.234, 159.69, 155.985
551.079, 161.234, 159.69, 155.985
551.079, 161.234, 159.69, 155.985
551.079, 161.234, 159.69, 155.985
551.079, 161.234, 159.69, 155.985
551.079, 161.234, 159.69, 155.985
551.079, 161.234, 159.69, 155.985
551.079, 161.234, 159.69, 155.985
551.079, 161.234, 159.69, 155.985
551.079, 161.234, 159.69, 155.985
566.155, 180.772, 133.075, 129.988
551.079, 161.234, 159.69, 155.985
566.155, 180.772, 133.075, 129.988
566.155, 180.772, 133.075, 129.988
566.155, 180.772, 133.075, 129.988
566.155, 180.772, 133.075, 129.988
566.155, 180.772, 133.075, 129.988
551.079, 161.234, 159.69, 155.985
566.155, 180.772, 133.075, 129.988
551.079, 161.234, 159.69, 155.985
566.155, 180.772, 133.075, 129.988
566.155, 180.772, 133.075, 129.988
566.155, 180.772, 133.075, 129.988
566.155, 180.772, 133.075, 129.988
566.155, 180.772, 133.075, 129.988
566.155, 180.772, 133.075, 129.988
551.079, 161.234, 159.69, 155.985
551.079, 161.234, 159.69, 155.985
551.079, 161.234, 159.69, 155.985
551.079, 161.234, 159.69, 155.985
566.155, 180.772, 133.075, 129.988
566.155, 180.772, 133.075, 129.988
566.155, 180.772, 133.075, 129.988
566.155, 180.772, 133.075, 129.988
566.155, 180.772, 133.075, 129.988
566.155, 180.772, 133.075, 129.988
566.155, 180.772, 133.075, 129.988
566.155, 180.772, 133.075, 129.988
566.155, 180.772, 133.075, 129.988
566.155, 180.772, 133.075, 129.988
551.079, 161.234, 159.69, 155.985
551.079, 161.234, 159.69, 155.985
566.155, 180.772, 133.075, 129.988
566.155, 180.772, 133.075, 129.988
566.155, 180.772, 133.075, 129.988
566.155, 180.772, 133.075, 129.988
566.155, 180.772, 133.075, 129.988
566.155, 180.772, 133.075, 129.988
566.155, 180.772, 133.075, 129.988
566.155, 180.772, 133.075, 129.988
566.155, 180.772, 133.075, 129.988
566.155, 180.772, 133.075, 129.988
566.155, 180.772, 133.075, 129.988
566.155, 180.772, 133.075, 129.988
586.796, 188.592, 110.896, 108.323
566.155, 180.772, 133.075, 129.988
586.796, 188.592, 110.896, 108.323
586.796, 188.592, 110.896, 108.323
586.796, 188.592, 110.896, 108.323
586.796, 188.592, 110.896, 108.323
586.796, 188.592, 110.896, 108.323
586.796, 188.592, 110.896, 108.323
586.796, 188.592, 110.896, 108.323
586.796, 188.592, 110.896, 108.323
586.796, 188.592, 110.896, 108.323
586.796, 188.592, 110.896, 108.323
586.796, 188.592, 110.896, 108.323
586.796, 188.592, 110.896, 108.323
586.796, 188.592, 110.896, 108.323
586.796, 188.592, 110.896, 108.323
586.796, 188.592, 110.896, 108.323
586.796, 188.592, 110.896, 108.323
586.796, 188.592, 110.896, 108.323
586.796, 188.592, 110.896, 108.323
586.796, 188.592, 110.896, 108.323
586.796, 188.592, 110.896, 108.323
586.796, 188.592, 110.896, 108.323
586.796, 188.592, 110.896, 108.323
586.796, 188.592, 110.896, 108.323
586.796, 188.592, 110.896, 108.323
586.796, 188.592, 110.896, 108.323
581.54, 180.772, 133.075, 129.988
581.54, 180.772, 133.075, 129.988
581.54, 180.772, 133.075, 129.988
581.54, 180.772, 133.075, 129.988
581.54, 180.772, 133.075, 129.988
581.54, 180.772, 133.075, 129.988
581.54, 180.772, 133.075, 129.988
581.54, 180.772, 133.075, 129.988
581.54, 180.772, 133.075, 129.988
581.54, 195.486, 133.075, 130.71
581.54, 195.486, 133.075, 130.71
581.54, 195.486, 133.075, 130.71
581.54, 195.486, 133.075, 130.71
581.54, 195.486, 133.075, 130.71
581.54, 195.486, 133.075, 130.71
599.134, 201.669, 111.635, 108.323
599.134, 201.669, 111.635, 108.323
599.134, 201.669, 111.635, 108.323
599.134, 201.669, 111.635, 108.323
599.134, 201.669, 111.635, 108.323
599.134, 201.669, 111.635, 108.323
599.134, 201.669, 111.635, 108.323
599.134, 201.669, 111.635, 108.323
599.134, 201.669, 111.635, 108.323
599.134, 201.669, 111.635, 108.323
599.134, 213.977, 111.635, 108.323
599.134, 201.669, 111.635, 108.323
599.134, 201.669, 111.635, 108.323
596.925, 195.486, 133.075, 130.71
596.925, 195.486, 133.075, 130.71
596.925, 195.486, 133.075, 130.71
596.925, 195.486, 133.075, 130.71
596.925, 195.486, 133.075, 130.71
596.925, 195.486, 133.075, 130.71
596.925, 195.486, 133.075, 130.71
596.925, 195.486, 133.075, 130.71
596.925, 195.486, 133.075, 130.71
596.925, 195.486, 133.075, 130.71
596.925, 195.486, 133.075, 130.71
596.925, 195.486, 133.075, 130.71
596.925, 195.486, 133.075, 130.71
596.925, 195.486, 133.075, 130.71
596.925, 195.486, 133.075, 130.71
596.925, 180.772, 133.075, 129.988
596.925, 180.772, 133.075, 129.988
599.134, 175.614, 111.635, 109.045
596.925, 165.388, 133.075, 129.988
599.134, 163.208, 111.635, 108.323
596.925, 150.003, 133.075, 129.988
596.925, 150.003, 133.075, 129.988
596.925, 150.003, 133.075, 129.988
596.925, 150.003, 133.075, 129.988
596.925, 134.618, 133.075, 129.988
596.925, 134.618, 133.075, 129.988
596.925, 134.618, 133.075, 129.988
596.925, 134.618, 133.075, 129.988
612.309, 134.618, 133.075, 129.988
612.309, 119.234, 133.075, 129.988
612.309, 119.234, 133.075, 129.988
612.309, 119.234, 133.075, 129.988
612.309, 134.618, 133.075, 129.988
612.309, 134.618, 133.075, 129.988
627.694, 134.618, 133.075, 129.988
627.694, 134.618, 133.075, 129.988
627.694, 150.003, 133.075, 129.988
627.694, 150.003, 133.075, 129.988
627.694, 150.003, 133.075, 129.988
627.694, 150.003, 133.075, 129.988
624.156, 142.773, 159.69, 155.985
624.156, 142.773, 159.69, 155.985
624.156, 142.773, 159.69, 155.985
650.642, 163.208, 110.896, 108.323
643.078, 150.003, 133.075, 129.988
624.156, 142.773, 159.69, 155.985
643.078, 150.003, 133.075, 129.988
624.156, 142.773, 159.69, 155.985
624.156, 142.773, 159.69, 155.985
643.078, 165.388, 133.075, 129.988
662.98, 163.208, 111.635, 108.323
643.078, 150.003, 133.075, 129.988
643.078, 150.003, 133.075, 129.988
643.078, 150.003, 133.075, 129.988
643.078, 150.003, 133.075, 129.988
643.078, 150.003, 133.075, 129.988
650.642, 150.229, 110.896, 109.045
650.642, 150.229, 110.896, 109.045
627.694, 150.003, 133.075, 129.988
627.694, 150.003, 133.075, 129.988
627.694, 150.003, 133.075, 129.988
627.694, 150.003, 133.075, 129.988
627.694, 150.003, 133.075, 129.988
627.694, 150.003, 133.075, 129.988
627.694, 150.003, 133.075, 129.988
627.694, 150.003, 133.075, 129.988
627.694, 150.003, 133.075, 129.988
627.694, 150.003, 133.075, 129.988
627.694, 150.003, 133.075, 129.988
637.595, 163.208, 111.635, 108.323
627.694, 165.388, 133.075, 129.988
627.694, 165.388, 133.075, 129.988
627.694, 165.388, 133.075, 129.988
627.694, 165.388, 133.075, 129.988
627.694, 165.388, 133.075, 129.988
627.694, 165.388, 133.075, 129.988
637.595, 163.208, 111.635, 108.323
627.694, 165.388, 133.075, 129.988
627.694, 165.388, 133.075, 129.988
627.694, 165.388, 133.075, 129.988
637.595, 175.614, 111.635, 109.045
627.694, 165.388, 133.075, 129.988
627.694, 165.388, 133.075, 129.988
627.694, 165.388, 133.075, 129.988
627.694, 165.388, 133.075, 129.988
627.694, 165.388, 133.075, 129.988
627.694, 165.388, 133.075, 129.988
627.694, 165.388, 133.075, 129.988
627.694, 165.388, 133.075, 129.988
624.156, 142.773, 159.69, 155.985
624.156, 142.773, 159.69, 155.985
624.156, 142.773, 159.69, 155.985
643.078, 165.388, 133.075, 129.988
643.078, 165.388, 133.075, 129.988
624.156, 161.234, 159.69, 155.985
624.156, 161.234, 159.69, 155.985
643.078, 180.772, 133.075, 129.988
643.078, 180.772, 133.075, 129.988
643.078, 180.772, 133.075, 129.988
643.078, 180.772, 133.075, 129.988
643.078, 165.388, 133.075, 129.988
643.078, 180.772, 133.075, 129.988
643.078, 180.772, 133.075, 129.988
643.078, 180.772, 133.075, 129.988
643.078, 165.388, 133.075, 129.988
643.078, 180.772, 133.075, 129.988
643.078, 180.772, 133.075, 129.988
643.078, 165.388, 133.075, 129.988
643.078, 165.388, 133.075, 129.988
643.078, 165.388, 133.075, 129.988
643.078, 165.388, 133.075, 129.988
643.078, 165.388, 133.075, 129.988
643.078, 180.772, 133.075, 129.988
643.078, 165.388, 133.075, 129.988
643.078, 165.388, 133.075, 129.988
643.078, 180.772, 133.075, 129.988
643.078, 180.772, 133.075, 129.988
643.078, 180.772, 133.075, 129.988
643.078, 180.772, 133.075, 129.988
643.078, 180.772, 133.075, 129.988
643.078, 180.772, 133.075, 129.988
643.078, 180.772, 133.075, 129.988
643.078, 180.772, 133.075, 129.988
624.156, 161.234, 159.69, 155.985
624.156, 161.234, 159.69, 155.985
643.078, 180.772, 133.075, 129.988
643.078, 180.772, 133.075, 129.988
624.156, 179.696, 159.69, 155.985
627.694, 195.486, 133.075, 130.71
624.156, 179.696, 159.69, 155.985
624.156, 179.696, 159.69, 155.985
627.694, 195.486, 133.075, 130.71
627.694, 195.486, 133.075, 130.71
627.694, 195.486, 133.075, 130.71
627.694, 180.772, 133.075, 129.988
627.694, 180.772, 133.075, 129.988
627.694, 180.772, 133.075, 129.988
605.694, 161.234, 159.69, 155.985
605.694, 161.234, 159.69, 155.985
627.694, 165.388, 133.075, 129.988
627.694, 165.388, 133.075, 129.988
627.694, 165.388, 133.075, 129.988
627.694, 165.388, 133.075, 129.988
627.694, 165.388, 133.075, 129.988
624.156, 142.773, 159.69, 155.985
624.156, 142.773, 159.69, 155.985
624.156, 142.773, 159.69, 155.985
624.156, 142.773, 159.69, 155.985
624.156, 142.773, 159.69, 155.985
624.156, 142.773, 159.69, 155.985
624.156, 142.773, 159.69, 155.985
624.156, 142.773, 159.69, 155.985
624.156, 142.773, 159.69, 155.985
624.156, 142.773, 159.69, 155.985
624.156, 142.773, 159.69, 155.985
624.156, 142.773, 159.69, 155.985
624.156, 142.773, 159.69, 155.985
624.156, 142.773, 159.69, 155.985
624.156, 142.773, 159.69, 155.985
624.156, 142.773, 159.69, 155.985
624.156, 142.773, 159.69, 155.985
624.156, 142.773, 159.69, 155.985
624.156, 142.773, 159.69, 155.985
627.694, 150.003, 133.075, 129.988
627.694, 150.003, 133.075, 129.988
627.694, 150.003, 133.075, 129.988
627.694, 150.003, 133.075, 129.988
627.694, 150.003, 133.075, 129.988
627.694, 150.003, 133.075, 129.988
627.694, 150.003, 133.075, 129.988
627.694, 134.618, 133.075, 129.988
627.694, 134.618, 133.075, 129.988
627.694, 134.618, 133.075, 129.988
627.694, 134.618, 133.075, 129.988
627.694, 134.618, 133.075, 129.988
627.694, 134.618, 133.075, 129.988
627.694, 134.618, 133.075, 129.988
627.694, 134.618, 133.075, 129.988
627.694, 134.618, 133.075, 129.988
612.309, 150.003, 133.075, 129.988
612.309, 150.003, 133.075, 129.988
612.309, 150.003, 133.075, 129.988
612.309, 150.003, 133.075, 129.988
627.694, 150.003, 133.075, 129.988
627.694, 150.003, 133.075, 129.988
627.694, 150.003, 133.075, 129.988
627.694, 150.003, 133.075, 129.988
627.694, 150.003, 133.075, 129.988
627.694, 150.003, 133.075, 129.988
627.694, 150.003, 133.075, 129.988
605.694, 142.773, 159.69, 155.985
605.694, 142.773, 159.69, 155.985
605.694, 142.773, 159.69, 155.985
605.694, 142.773, 159.69, 155.985
605.694, 142.773, 159.69, 155.985
612.309, 165.388, 133.075, 129.988
612.309, 165.388, 133.075, 129.988
612.309, 165.388, 133.075, 129.988
625.258, 175.614, 110.896, 109.045
625.258, 175.614, 110.896, 109.045
612.309, 165.388, 133.075, 129.988
612.309, 165.388, 133.075, 129.988
612.309, 165.388, 133.075, 129.988
612.309, 165.388, 133.075, 129.988
612.309, 165.388, 133.075, 129.988
612.309, 165.388, 133.075, 129.988
612.309, 165.388, 133.075, 129.988
612.309, 165.388, 133.075, 129.988
612.309, 165.388, 133.075, 129.988
612.309, 165.388, 133.075, 129.988
612.309, 165.388, 133.075, 129.988
605.694, 142.773, 159.69, 155.985
605.694, 142.773, 159.69, 155.985
605.694, 142.773, 159.69, 155.985
605.694, 142.773, 159.69, 155.985
605.694, 142.773, 159.69, 155.985
605.694, 142.773, 159.69, 155.985
605.694, 142.773, 159.69, 155.985
605.694, 142.773, 159.69, 155.985
612.309, 165.388, 133.075, 129.988
605.694, 142.773, 159.69, 155.985
625.258, 175.614, 110.896, 109.045
612.309, 165.388, 133.075, 129.988
612.309, 165.388, 133.075, 129.988
612.309, 165.388, 133.075, 129.988
612.309, 165.388, 133.075, 129.988
625.258, 175.614, 110.896, 109.045
625.258, 175.614, 110.896, 109.045
612.309, 165.388, 133.075, 129.988
612.309, 165.388, 133.075, 129.988
612.309, 165.388, 133.075, 129.988
587.233, 142.773, 159.69, 155.985
587.233, 142.773, 159.69, 155.985
587.233, 142.773, 159.69, 155.985
587.233, 142.773, 159.69, 155.985
587.233, 142.773, 159.69, 155.985
587.233, 161.234, 159.69, 155.985
587.233, 161.234, 159.69, 155.985
587.233, 161.234, 159.69, 155.985
587.233, 142.773, 159.69, 155.985
612.309, 165.388, 133.075, 129.988
612.309, 165.388, 133.075, 129.988
612.309, 165.388, 133.075, 129.988
612.309, 165.388, 133.075, 129.988
612.309, 165.388, 133.075, 129.988
612.309, 165.388, 133.075, 129.988
612.309, 165.388, 133.075, 129.988
612.309, 165.388, 133.075, 129.988
612.309, 165.388, 133.075, 129.988
612.309, 165.388, 133.075, 129.988
612.309, 165.388, 133.075, 129.988
612.309, 165.388, 133.075, 129.988
612.309, 165.388, 133.075, 129.988
612.309, 165.388, 133.075, 129.988
612.309, 165.388, 133.075, 129.988
612.309, 165.388, 133.075, 129.988
612.309, 165.388, 133.075, 129.988
612.309, 165.388, 133.075, 129.988
612.309, 165.388, 133.075, 129.988
612.309, 165.388, 133.075, 129.988
612.309, 165.388, 133.075, 129.988
612.309, 165.388, 133.075, 129.988
612.309, 165.388, 133.075, 129.988
612.309, 165.388, 133.075, 129.988
612.309, 165.388, 133.075, 129.988
625.258, 175.614, 110.896, 109.045
612.309, 180.772, 133.075, 129.988
612.309, 180.772, 133.075, 129.988
612.309, 180.772, 133.075, 129.988
612.309, 195.486, 133.075, 130.71
612.309, 195.486, 133.075, 130.71
612.309, 195.486, 133.075, 130.71
612.309, 195.486, 133.075, 130.71
612.309, 210.772, 133.075, 129.988
612.309, 210.772, 133.075, 129.988
612.309, 210.772, 133.075, 129.988
612.309, 195.486, 133.075, 130.71
612.309, 195.486, 133.075, 130.71
612.309, 195.486, 133.075, 130.71
612.309, 195.486, 133.075, 130.71
587.233, 179.696, 159.69, 155.985
587.233, 179.696, 159.69, 155.985
612.181, 188.592, 110.896, 108.323
596.925, 180.772, 133.075, 129.988
596.925, 180.772, 133.075, 129.988
596.925, 180.772, 133.075, 129.988
596.925, 180.772, 133.075, 129.988
596.925, 180.772, 133.075, 129.988
596.925, 180.772, 133.075, 129.988
596.925, 180.772, 133.075, 129.988
596.925, 180.772, 133.075, 129.988
596.925, 180.772, 133.075, 129.988
596.925, 180.772, 133.075, 129.988
596.925, 180.772, 133.075, 129.988
596.925, 180.772, 133.075, 129.988
612.309, 180.772, 133.075, 129.988
612.181, 175.614, 110.896, 109.045
587.233, 161.234, 159.69, 155.985
596.925, 165.388, 133.075, 129.988
612.309, 165.388, 133.075, 129.988
612.181, 163.208, 110.896, 108.323
596.925, 150.003, 133.075, 129.988
612.309, 150.003, 133.075, 129.988
612.309, 150.003, 133.075, 129.988
612.309, 150.003, 133.075, 129.988
612.309, 150.003, 133.075, 129.988
612.181, 150.229, 110.896, 109.045
612.309, 150.003, 133.075, 129.988
612.309, 134.618, 133.075, 129.988
612.309, 134.618, 133.075, 129.988
612.309, 134.618, 133.075, 129.988
612.309, 134.618, 133.075, 129.988
612.309, 134.618, 133.075, 129.988
612.309, 134.618, 133.075, 129.988
612.309, 134.618, 133.075, 129.988
612.309, 134.618, 133.075, 129.988
612.309, 134.618, 133.075, 129.988
612.309, 134.618, 133.075, 129.988
612.309, 134.618, 133.075, 129.988
612.309, 134.618, 133.075, 129.988
612.309, 134.618, 133.075, 129.988
612.309, 134.618, 133.075, 129.988
612.309, 134.618, 133.075, 129.988
612.309, 134.618, 133.075, 129.988
612.309, 134.618, 133.075, 129.988
612.309, 134.618, 133.075, 129.988
612.309, 150.003, 133.075, 129.988
612.309, 150.003, 133.075, 129.988
612.309, 150.003, 133.075, 129.988
612.309, 150.003, 133.075, 129.988
612.309, 150.003, 133.075, 129.988
612.309, 165.388, 133.075, 129.988
612.309, 165.388, 133.075, 129.988
612.309, 165.388, 133.075, 129.988
612.309, 165.388, 133.075, 129.988
612.309, 150.003, 133.075, 129.988
612.309, 150.003, 133.075, 129.988
612.309, 150.003, 133.075, 129.988
612.309, 150.003, 133.075, 129.988
612.309, 150.003, 133.075, 129.988
612.309, 165.388, 133.075, 129.988
612.309, 165.388, 133.075, 129.988
612.309, 165.388, 133.075, 129.988
612.309, 165.388, 133.075, 129.988
627.694, 165.388, 133.075, 129.988
627.694, 165.388, 133.075, 129.988
627.694, 165.388, 133.075, 129.988
627.694, 165.388, 133.075, 129.988
627.694, 165.388, 133.075, 129.988
627.694, 165.388, 133.075, 129.988
627.694, 165.388, 133.075, 129.988
627.694, 165.388, 133.075, 129.988
627.694, 165.388, 133.075, 129.988
627.694, 165.388, 133.075, 129.988
627.694, 165.388, 133.075, 129.988
627.694, 165.388, 133.075, 129.988
627.694, 165.388, 133.075, 129.988
627.694, 165.388, 133.075, 129.988
627.694, 165.388, 133.075, 129.988
627.694, 165.388, 133.075, 129.988
627.694, 165.388, 133.075, 129.988
627.694, 165.388, 133.075, 129.988
627.694, 165.388, 133.075, 129.988
627.694, 165.388, 133.075, 129.988
627.694, 165.388, 133.075, 129.988
627.694, 165.388, 133.075, 129.988
627.694, 165.388, 133.075, 129.988
627.694, 165.388, 133.075, 129.988
627.694, 165.388, 133.075, 129.988
627.694, 165.388, 133.075, 129.988
627.694, 165.388, 133.075, 129.988
627.694, 165.388, 133.075, 129.988
627.694, 165.388, 133.075, 129.988
627.694, 165.388, 133.075, 129.988
643.078, 165.388, 133.075, 129.988
643.078, 165.388, 133.075, 129.988
643.078, 165.388, 133.075, 129.988
643.078, 180.772, 133.075, 129.988
643.078, 165.388, 133.075, 129.988
643.078, 165.388, 133.075, 129.988
624.156, 142.773, 159.69, 155.985
624.156, 142.773, 159.69, 155.985
627.694, 165.388, 133.075, 129.988
627.694, 165.388, 133.075, 129.988
627.694, 165.388, 133.075, 129.988
605.694, 142.773, 159.69, 155.985
605.694, 142.773, 159.69, 155.985
612.309, 150.003, 133.075, 129.988
612.309, 150.003, 133.075, 129.988
596.925, 150.003, 133.075, 129.988
596.925, 150.003, 133.075, 129.988
599.134, 163.208, 111.635, 108.323
581.54, 150.003, 133.075, 129.988
581.54, 150.003, 133.075, 129.988
566.155, 150.003, 133.075, 129.988
566.155, 134.618, 133.075, 129.988
566.155, 134.618, 133.075, 129.988
566.155, 134.618, 133.075, 129.988
550.771, 134.618, 133.075, 129.988
550.771, 134.618, 133.075, 129.988
550.771, 150.003, 133.075, 129.988
550.771, 150.003, 133.075, 129.988
550.771, 150.003, 133.075, 129.988
532.617, 142.773, 159.69, 155.985
532.617, 142.773, 159.69, 155.985
532.617, 142.773, 159.69, 155.985
532.617, 142.773, 159.69, 155.985
532.617, 142.773, 159.69, 155.985
532.617, 142.773, 159.69, 155.985
535.386, 150.003, 133.075, 129.988
535.386, 150.003, 133.075, 129.988
535.386, 150.003, 133.075, 129.988
535.386, 150.003, 133.075, 129.988
535.386, 150.003, 133.075, 129.988
535.386, 150.003, 133.075, 129.988
532.617, 142.773, 159.69, 155.985
532.617, 142.773, 159.69, 155.985
532.617, 142.773, 159.69, 155.985
532.617, 142.773, 159.69, 155.985
532.617, 142.773, 159.69, 155.985
532.617, 142.773, 159.69, 155.985
532.617, 142.773, 159.69, 155.985
532.617, 142.773, 159.69, 155.985
532.617, 142.773, 159.69, 155.985
532.617, 142.773, 159.69, 155.985
532.617, 142.773, 159.69, 155.985
535.386, 165.388, 133.075, 129.988
532.617, 142.773, 159.69, 155.985
532.617, 142.773, 159.69, 155.985
532.617, 142.773, 159.69, 155.985
535.386, 165.388, 133.075, 129.988
535.386, 165.388, 133.075, 129.988
532.617, 142.773, 159.69, 155.985
535.386, 165.388, 133.075, 129.988
535.386, 165.388, 133.075, 129.988
532.617, 142.773, 159.69, 155.985
535.386, 165.388, 133.075, 129.988
535.386, 165.388, 133.075, 129.988
535.386, 165.388, 133.075, 129.988
535.386, 165.388, 133.075, 129.988
532.617, 142.773, 159.69, 155.985
550.771, 165.388, 133.075, 129.988
550.771, 180.772, 133.075, 129.988
550.771, 180.772, 133.075, 129.988
550.771, 180.772, 133.075, 129.988
550.771, 180.772, 133.075, 129.988
561.412, 188.592, 110.896, 108.323
550.771, 180.772, 133.075, 129.988
550.771, 180.772, 133.075, 129.988
550.771, 180.772, 133.075, 129.988
550.771, 180.772, 133.075, 129.988
550.771, 165.388, 133.075, 129.988
550.771, 165.388, 133.075, 129.988
550.771, 165.388, 133.075, 129.988
550.771, 165.388, 133.075, 129.988
550.771, 165.388, 133.075, 129.988
550.771, 165.388, 133.075, 129.988
550.771, 165.388, 133.075, 129.988
550.771, 165.388, 133.075, 129.988
550.771, 165.388, 133.075, 129.988
550.771, 165.388, 133.075, 129.988
550.771, 165.388, 133.075, 129.988
550.771, 165.388, 133.075, 129.988
550.771, 165.388, 133.075, 129.988
550.771, 165.388, 133.075, 129.988
550.771, 165.388, 133.075, 129.988
550.771, 165.388, 133.075, 129.988
550.771, 165.388, 133.075, 129.988
550.771, 165.388, 133.075, 129.988
550.771, 165.388, 133.075, 129.988
550.771, 165.388, 133.075, 129.988
550.771, 165.388, 133.075, 129.988
550.771, 165.388, 133.075, 129.988
550.771, 165.388, 133.075, 129.988
550.771, 165.388, 133.075, 129.988
550.771, 165.388, 133.075, 129.988
550.771, 165.388, 133.075, 129.988
550.771, 165.388, 133.075, 129.988
550.771, 165.388, 133.075, 129.988
550.771, 165.388, 133.075, 129.988
550.771, 165.388, 133.075, 129.988
550.771, 150.003, 133.075, 129.988
550.771, 150.003, 133.075, 129.988
550.771, 150.003, 133.075, 129.988
550.771, 150.003, 133.075, 129.988
551.079, 142.773, 159.69, 155.985
551.079, 142.773, 159.69, 155.985
551.079, 142.773, 159.69, 155.985
551.079, 142.773, 159.69, 155.985
551.079, 142.773, 159.69, 155.985
566.155, 165.388, 133.075, 129.988
566.155, 165.388, 133.075, 129.988
566.155, 165.388, 133.075, 129.988
551.079, 142.773, 159.69, 155.985
551.079, 142.773, 159.69, 155.985
551.079, 142.773, 159.69, 155.985
551.079, 142.773, 159.69, 155.985
566.155, 165.388, 133.075, 129.988
566.155, 165.388, 133.075, 129.988
551.079, 142.773, 159.69, 155.985
566.155, 165.388, 133.075, 129.988
566.155, 165.388, 133.075, 129.988
566.155, 165.388, 133.075, 129.988
566.155, 165.388, 133.075, 129.988
566.155, 165.388, 133.075, 129.988
566.155, 165.388, 133.075, 129.988
566.155, 165.388, 133.075, 129.988
566.155, 165.388, 133.075, 129.988
566.155, 165.388, 133.075, 129.988
566.155, 165.388, 133.075, 129.988
566.155, 165.388, 133.075, 129.988
551.079, 142.773, 159.69, 155.985
551.079, 142.773, 159.69, 155.985
551.079, 142.773, 159.69, 155.985
551.079, 142.773, 159.69, 155.985
551.079, 142.773, 159.69, 155.985
551.079, 142.773, 159.69, 155.985
550.771, 150.003, 133.075, 129.988
550.771, 150.003, 133.075, 129.988
550.771, 150.003, 133.075, 129.988
550.771, 150.003, 133.075, 129.988
550.771, 150.003, 133.075, 129.988
550.771, 165.388, 133.075, 129.988
550.771, 165.388, 133.075, 129.988
550.771, 165.388, 133.075, 129.988
550.771, 165.388, 133.075, 129.988
550.771, 165.388, 133.075, 129.988
550.771, 165.388, 133.075, 129.988
550.771, 165.388, 133.075, 129.988
532.617, 142.773, 159.69, 155.985
532.617, 142.773, 159.69, 155.985
535.386, 150.003, 133.075, 129.988
535.386, 150.003, 133.075, 129.988
535.386, 150.003, 133.075, 129.988
535.386, 150.003, 133.075, 129.988
532.617, 142.773, 159.69, 155.985
550.771, 150.003, 133.075, 129.988
550.771, 150.003, 133.075, 129.988
550.771, 150.003, 133.075, 129.988
550.771, 150.003, 133.075, 129.988
550.771, 150.003, 133.075, 129.988
550.771, 150.003, 133.075, 129.988
550.771, 150.003, 133.075, 129.988
550.771, 150.003, 133.075, 129.988
550.771, 150.003, 133.075, 129.988
550.771, 165.388, 133.075, 129.988
550.771, 150.003, 133.075, 129.988
550.771, 150.003, 133.075, 129.988
550.771, 150.003, 133.075, 129.988
550.771, 150.003, 133.075, 129.988
550.771, 150.003, 133.075, 129.988
550.771, 150.003, 133.075, 129.988
550.771, 150.003, 133.075, 129.988
550.771, 150.003, 133.075, 129.988
550.771, 150.003, 133.075, 129.988
550.771, 150.003, 133.075, 129.988
550.771, 150.003, 133.075, 129.988
573.749, 150.229, 111.635, 109.045
566.155, 150.003, 133.075, 129.988
566.155, 150.003, 133.075, 129.988
566.155, 150.003, 133.075, 129.988
566.155, 150.003, 133.075, 129.988
566.155, 150.003, 133.075, 129.988
566.155, 150.003, 133.075, 129.988
566.155, 150.003, 133.075, 129.988
566.155, 150.003, 133.075, 129.988
573.749, 163.208, 111.635, 108.323
573.749, 163.208, 111.635, 108.323
566.155, 165.388, 133.075, 129.988
566.155, 165.388, 133.075, 129.988
566.155, 165.388, 133.075, 129.988
566.155, 165.388, 133.075, 129.988
566.155, 165.388, 133.075, 129.988
566.155, 165.388, 133.075, 129.988
566.155, 165.388, 133.075, 129.988
566.155, 165.388, 133.075, 129.988
566.155, 165.388, 133.075, 129.988
566.155, 165.388, 133.075, 129.988
566.155, 165.388, 133.075, 129.988
566.155, 165.388, 133.075, 129.988
566.155, 165.388, 133.075, 129.988
566.155, 165.388, 133.075, 129.988
566.155, 165.388, 133.075, 129.988
566.155, 165.388, 133.075, 129.988
566.155, 165.388, 133.075, 129.988
566.155, 150.003, 133.075, 129.988
566.155, 150.003, 133.075, 129.988
566.155, 150.003, 133.075, 129.988
566.155, 150.003, 133.075, 129.988
566.155, 150.003, 133.075, 129.988
566.155, 150.003, 133.075, 129.988
566.155, 150.003, 133.075, 129.988
566.155, 165.388, 133.075, 129.988
566.155, 165.388, 133.075, 129.988
566.155, 165.388, 133.075, 129.988
566.155, 165.388, 133.075, 129.988
566.155, 150.003, 133.075, 129.988
566.155, 150.003, 133.075, 129.988
566.155, 150.003, 133.075, 129.988
566.155, 150.003, 133.075, 129.988
566.155, 150.003, 133.075, 129.988
566.155, 150.003, 133.075, 129.988
566.155, 150.003, 133.075, 129.988
566.155, 150.003, 133.075, 129.988
566.155, 150.003, 133.075, 129.988
566.155, 150.003, 133.075, 129.988
566.155, 150.003, 133.075, 129.988
566.155, 150.003, 133.075, 129.988
566.155, 150.003, 133.075, 129.988
566.155, 150.003, 133.075, 129.988
566.155, 150.003, 133.075, 129.988
566.155, 150.003, 133.075, 129.988
566.155, 150.003, 133.075, 129.988
566.155, 150.003, 133.075, 129.988
551.079, 142.773, 159.69, 155.985
551.079, 142.773, 159.69, 155.985
551.079, 142.773, 159.69, 155.985
566.155, 150.003, 133.075, 129.988
566.155, 150.003, 133.075, 129.988
566.155, 150.003, 133.075, 129.988
566.155, 134.618, 133.075, 129.988
566.155, 150.003, 133.075, 129.988
551.079, 124.311, 159.69, 155.985
566.155, 134.618, 133.075, 129.988
551.079, 124.311, 159.69, 155.985
551.079, 124.311, 159.69, 155.985
551.079, 124.311, 159.69, 155.985
551.079, 124.311, 159.69, 155.985
566.155, 134.618, 133.075, 129.988
566.155, 134.618, 133.075, 129.988
566.155, 134.618, 133.075, 129.988
566.155, 134.618, 133.075, 129.988
566.155, 134.618, 133.075, 129.988
566.155, 134.618, 133.075, 129.988
566.155, 134.618, 133.075, 129.988
566.155, 134.618, 133.075, 129.988
566.155, 134.618, 133.075, 129.988
551.079, 124.311, 159.69, 155.985
551.079, 124.311, 159.69, 155.985
551.079, 124.311, 159.69, 155.985
551.079, 124.311, 159.69, 155.985
551.079, 124.311, 159.69, 155.985
551.079, 124.311, 159.69, 155.985
551.079, 124.311, 159.69, 155.985
551.079, 124.311, 159.69, 155.985
551.079, 124.311, 159.69, 155.985
551.079, 124.311, 159.69, 155.985
551.079, 124.311, 159.69, 155.985
551.079, 124.311, 159.69, 155.985
551.079, 124.311, 159.69, 155.985
551.079, 124.311, 159.69, 155.985
551.079, 124.311, 159.69, 155.985
551.079, 124.311, 159.69, 155.985
551.079, 124.311, 159.69, 155.985
551.079, 124.311, 159.69, 155.985
551.079, 124.311, 159.69, 155.985
551.079, 142.773, 159.69, 155.985
551.079, 142.773, 159.69, 155.985
551.079, 124.311, 159.69, 155.985
551.079, 124.311, 159.69, 155.985
551.079, 124.311, 159.69, 155.985
573.749, 150.229, 111.635, 109.045
551.079, 124.311, 159.69, 155.985
551.079, 124.311, 159.69, 155.985
551.079, 124.311, 159.69, 155.985
550.771, 134.618, 133.075, 129.988
550.771, 134.618, 133.075, 129.988
550.771, 134.618, 133.075, 129.988
550.771, 134.618, 133.075, 129.988
550.771, 134.618, 133.075, 129.988
550.771, 134.618, 133.075, 129.988
561.412, 137.823, 110.896, 108.323
551.079, 124.311, 159.69, 155.985
551.079, 124.311, 159.69, 155.985
566.155, 134.618, 133.075, 129.988
551.079, 124.311, 159.69, 155.985
551.079, 124.311, 159.69, 155.985
551.079, 124.311, 159.69, 155.985
551.079, 124.311, 159.69, 155.985
550.771, 150.003, 133.075, 129.988
551.079, 142.773, 159.69, 155.985
551.079, 142.773, 159.69, 155.985
551.079, 142.773, 159.69, 155.985
551.079, 142.773, 159.69, 155.985
551.079, 142.773, 159.69, 155.985
551.079, 142.773, 159.69, 155.985
566.155, 150.003, 133.075, 129.988
551.079, 124.311, 159.69, 155.985
551.079, 124.311, 159.69, 155.985
566.155, 134.618, 133.075, 129.988
551.079, 124.311, 159.69, 155.985
551.079, 124.311, 159.69, 155.985
551.079, 124.311, 159.69, 155.985
551.079, 124.311, 159.69, 155.985
551.079, 124.311, 159.69, 155.985
551.079, 124.311, 159.69, 155.985
566.155, 150.003, 133.075, 129.988
566.155, 150.003, 133.075, 129.988
566.155, 150.003, 133.075, 129.988
566.155, 150.003, 133.075, 129.988
581.54, 150.003, 133.075, 129.988
581.54, 150.003, 133.075, 129.988
581.54, 150.003, 133.075, 129.988
581.54, 150.003, 133.075, 129.988
581.54, 150.003, 133.075, 129.988
599.134, 150.229, 111.635, 109.045
599.134, 150.229, 111.635, 109.045
596.925, 150.003, 133.075, 129.988
596.925, 150.003, 133.075, 129.988
596.925, 150.003, 133.075, 129.988
596.925, 150.003, 133.075, 129.988
599.134, 163.208, 111.635, 108.323
599.134, 163.208, 111.635, 108.323
581.54, 165.388, 133.075, 129.988
599.134, 175.614, 111.635, 109.045
599.134, 175.614, 111.635, 109.045
599.134, 188.592, 111.635, 108.323
581.54, 180.772, 133.075, 129.988
581.54, 180.772, 133.075, 129.988
581.54, 180.772, 133.075, 129.988
581.54, 165.388, 133.075, 129.988
599.134, 163.208, 111.635, 108.323
581.54, 150.003, 133.075, 129.988
599.134, 150.229, 111.635, 109.045
581.54, 150.003, 133.075, 129.988
581.54, 150.003, 133.075, 129.988
581.54, 150.003, 133.075, 129.988
581.54, 150.003, 133.075, 129.988
581.54, 150.003, 133.075, 129.988
581.54, 150.003, 133.075, 129.988
581.54, 150.003, 133.075, 129.988
581.54, 150.003, 133.075, 129.988
581.54, 165.388, 133.075, 129.988
581.54, 165.388, 133.075, 129.988
581.54, 165.388, 133.075, 129.988
581.54, 165.388, 133.075, 129.988
581.54, 165.388, 133.075, 129.988
581.54, 165.388, 133.075, 129.988
581.54, 165.388, 133.075, 129.988
581.54, 165.388, 133.075, 129.988
581.54, 165.388, 133.075, 129.988
581.54, 165.388, 133.075, 129.988
586.796, 175.614, 110.896, 109.045
586.796, 175.614, 110.896, 109.045
586.796, 175.614, 110.896, 109.045
586.796, 175.614, 110.896, 109.045
566.155, 165.388, 133.075, 129.988
566.155, 165.388, 133.075, 129.988
566.155, 165.388, 133.075, 129.988
566.155, 180.772, 133.075, 129.988
566.155, 180.772, 133.075, 129.988
566.155, 180.772, 133.075, 129.988
566.155, 165.388, 133.075, 129.988
566.155, 165.388, 133.075, 129.988
566.155, 165.388, 133.075, 129.988
566.155, 165.388, 133.075, 129.988
566.155, 165.388, 133.075, 129.988
566.155, 180.772, 133.075, 129.988
566.155, 180.772, 133.075, 129.988
573.749, 175.614, 111.635, 109.045
566.155, 180.772, 133.075, 129.988
551.079, 161.234, 159.69, 155.985
551.079, 161.234, 159.69, 155.985
550.771, 165.388, 133.075, 129.988
550.771, 165.388, 133.075, 129.988
550.771, 165.388, 133.075, 129.988
550.771, 165.388, 133.075, 129.988
550.771, 165.388, 133.075, 129.988
550.771, 165.388, 133.075, 129.988
550.771, 165.388, 133.075, 129.988
550.771, 165.388, 133.075, 129.988
550.771, 165.388, 133.075, 129.988
550.771, 165.388, 133.075, 129.988
550.771, 165.388, 133.075, 129.988
550.771, 165.388, 133.075, 129.988
550.771, 165.388, 133.075, 129.988
550.771, 165.388, 133.075, 129.988
550.771, 165.388, 133.075, 129.988
550.771, 165.388, 133.075, 129.988
550.771, 165.388, 133.075, 129.988
550.771, 165.388, 133.075, 129.988
550.771, 165.388, 133.075, 129.988
550.771, 165.388, 133.075, 129.988
550.771, 165.388, 133.075, 129.988
550.771, 165.388, 133.075, 129.988
566.155, 165.388, 133.075, 129.988
566.155, 165.388, 133.075, 129.988
566.155, 165.388, 133.075, 129.988
566.155, 165.388, 133.075, 129.988
566.155, 165.388, 133.075, 129.988
566.155, 165.388, 133.075, 129.988
566.155, 165.388, 133.075, 129.988
566.155, 165.388, 133.075, 129.988
566.155, 180.772, 133.075, 129.988
566.155, 180.772, 133.075, 129.988
566.155, 180.772, 133.075, 129.988
566.155, 180.772, 133.075, 129.988
566.155, 180.772, 133.075, 129.988
566.155, 180.772, 133.075, 129.988
566.155, 180.772, 133.075, 129.988
566.155, 195.486, 133.075, 130.71
566.155, 195.486, 133.075, 130.71
566.155, 195.486, 133.075, 130.71
566.155, 195.486, 133.075, 130.71
566.155, 195.486, 133.075, 130.71
566.155, 195.486, 133.075, 130.71
573.749, 201.669, 111.635, 108.323
573.749, 201.669, 111.635, 108.323
573.749, 213.977, 111.635, 108.323
573.749, 213.977, 111.635, 108.323
573.749, 213.977, 111.635, 108.323
573.749, 213.977, 111.635, 108.323
573.749, 213.977, 111.635, 108.323
573.749, 213.977, 111.635, 108.323
573.749, 213.977, 111.635, 108.323
573.749, 213.977, 111.635, 108.323
573.749, 213.977, 111.635, 108.323
573.749, 213.977, 111.635, 108.323
566.155, 210.772, 133.075, 129.988
573.749, 213.977, 111.635, 108.323
573.749, 213.977, 111.635, 108.323
566.155, 210.772, 133.075, 129.988
566.155, 210.772, 133.075, 129.988
