265.309, 125.365, 93.1528, 90.2692
274.65, 131.092, 76.888, 75.8262
265.309, 125.365, 93.1528, 90.2692
265.309, 114.596, 93.1528, 90.2692
265.309, 114.596, 93.1528, 90.2692
267.565, 99.3615, 110.896, 108.323
267.565, 86.3829, 110.896, 109.045
267.565, 86.3829, 110.896, 109.045
267.565, 86.3829, 110.896, 109.045
267.565, 86.3829, 110.896, 109.045
267.565, 86.3829, 110.896, 109.045
267.565, 86.3829, 110.896, 109.045
267.565, 86.3829, 110.896, 109.045
267.565, 99.3615, 110.896, 108.323
0, 0, 0, 0
0, 0, 0, 0
0, 0, 0, 0
0, 0, 0, 0
255.279, 125.365, 92.4135, 90.2692
0, 0, 0, 0
255.279, 125.365, 92.4135, 90.2692
255.279, 125.365, 92.4135, 90.2692
0, 0, 0, 0
0, 0, 0, 0
255.279, 125.365, 92.4135, 90.2692
0, 0, 0, 0
0, 0, 0, 0
0, 0, 0, 0
0, 0, 0, 0
0, 0, 0, 0
0, 0, 0, 0
0, 0, 0, 0
255.279, 114.596, 92.4135, 90.2692
255.279, 114.596, 92.4135, 90.2692
255.258, 99.3615, 110.896, 108.323
255.279, 103.925, 92.4135, 90.9914
0, 0, 0, 0
0, 0, 0, 0
255.279, 93.156, 92.4135, 90.9914
255.279, 93.156, 92.4135, 90.9914
255.279, 93.156, 92.4135, 90.9914
255.279, 93.156, 92.4135, 90.9914
0, 0, 0, 0
0, 0, 0, 0
242.181, 86.3829, 110.896, 109.045
242.181, 86.3829, 110.896, 109.045
242.181, 86.3829, 110.896, 109.045
242.181, 86.3829, 110.896, 109.045
242.181, 86.3829, 110.896, 109.045
242.181, 86.3829, 110.896, 109.045
0, 0, 0, 0
0, 0, 0, 0
0, 0, 0, 0
0, 0, 0, 0
0, 0, 0, 0
233.74, 114.596, 92.4135, 90.2692
0, 0, 0, 0
0, 0, 0, 0
247.757, 139.553, 77.6273, 75.8262
247.757, 139.553, 77.6273, 75.8262
0, 0, 0, 0
0, 0, 0, 0
0, 0, 0, 0
0, 0, 0, 0
0, 0, 0, 0
0, 0, 0, 0
0, 0, 0, 0
0, 0, 0, 0
256.958, 139.553, 76.888, 75.8262
0, 0, 0, 0
0, 0, 0, 0
0, 0, 0, 0
0, 0, 0, 0
0, 0, 0, 0
255.279, 125.365, 92.4135, 90.2692
255.279, 125.365, 92.4135, 90.2692
255.279, 125.365, 92.4135, 90.2692
0, 0, 0, 0
0, 0, 0, 0
0, 0, 0, 0
0, 0, 0, 0
0, 0, 0, 0
0, 0, 0, 0
0, 0, 0, 0
0, 0, 0, 0
0, 0, 0, 0
0, 0, 0, 0
0, 0, 0, 0
0, 0, 0, 0
0, 0, 0, 0
0, 0, 0, 0
0, 0, 0, 0
0, 0, 0, 0
0, 0, 0, 0
0, 0, 0, 0
0, 0, 0, 0
0, 0, 0, 0
0, 0, 0, 0
0, 0, 0, 0
276.078, 114.596, 93.1528, 90.2692
276.078, 114.596, 93.1528, 90.2692
0, 0, 0, 0
0, 0, 0, 0
0, 0, 0, 0
0, 0, 0, 0
0, 0, 0, 0
280.642, 99.3615, 110.896, 108.323
286.817, 103.925, 92.4135, 90.9914
280.642, 86.3829, 110.896, 109.045
280.642, 86.3829, 110.896, 109.045
280.642, 86.3829, 110.896, 109.045
280.642, 86.3829, 110.896, 109.045
280.642, 73.9769, 110.896, 108.323
280.642, 73.9769, 110.896, 108.323
280.642, 73.9769, 110.896, 108.323
280.642, 73.9769, 110.896, 108.323
292.98, 73.9769, 111.635, 108.323
292.98, 73.9769, 111.635, 108.323
292.98, 73.9769, 111.635, 108.323
292.98, 73.9769, 111.635, 108.323
292.98, 73.9769, 111.635, 108.323
292.98, 73.9769, 111.635, 108.323
292.98, 73.9769, 111.635, 108.323
292.98, 73.9769, 111.635, 108.323
292.98, 73.9769, 111.635, 108.323
0, 0, 0, 0
292.98, 86.3829, 111.635, 109.045
0, 0, 0, 0
292.98, 86.3829, 111.635, 109.045
0, 0, 0, 0
0, 0, 0, 0
0, 0, 0, 0
292.98, 86.3829, 111.635, 109.045
292.98, 86.3829, 111.635, 109.045
292.98, 86.3829, 111.635, 109.045
292.98, 86.3829, 111.635, 109.045
292.98, 86.3829, 111.635, 109.045
292.98, 86.3829, 111.635, 109.045
292.98, 86.3829, 111.635, 109.045
292.98, 99.3615, 111.635, 108.323
292.98, 99.3615, 111.635, 108.323
292.98, 99.3615, 111.635, 108.323
297.587, 114.596, 92.4135, 90.2692
0, 0, 0, 0
297.587, 125.365, 92.4135, 90.2692
297.587, 125.365, 92.4135, 90.2692
297.587, 125.365, 92.4135, 90.2692
0, 0, 0, 0
0, 0, 0, 0
0, 0, 0, 0
0, 0, 0, 0
0, 0, 0, 0
0, 0, 0, 0
0, 0, 0, 0
0, 0, 0, 0
0, 0, 0, 0
0, 0, 0, 0
0, 0, 0, 0
0, 0, 0, 0
0, 0, 0, 0
0, 0, 0, 0
0, 0, 0, 0
0, 0, 0, 0
0, 0, 0, 0
297.587, 125.365, 92.4135, 90.2692
297.587, 125.365, 92.4135, 90.2692
297.587, 125.365, 92.4135, 90.2692
297.587, 125.365, 92.4135, 90.2692
297.587, 125.365, 92.4135, 90.2692
280.642, 111.768, 110.896, 109.045
286.817, 114.596, 92.4135, 90.2692
286.817, 114.596, 92.4135, 90.2692
286.817, 103.925, 92.4135, 90.9914
286.817, 103.925, 92.4135, 90.9914
286.817, 103.925, 92.4135, 90.9914
292.373, 113.399, 77.6273, 75.8262
276.078, 103.925, 93.1528, 90.9914
276.078, 103.925, 93.1528, 90.9914
276.078, 114.596, 93.1528, 90.2692
276.078, 114.596, 93.1528, 90.2692
276.078, 114.596, 93.1528, 90.2692
286.817, 114.596, 92.4135, 90.2692
292.373, 113.399, 77.6273, 75.8262
286.817, 114.596, 92.4135, 90.2692
286.817, 114.596, 92.4135, 90.2692
292.373, 113.399, 77.6273, 75.8262
286.817, 114.596, 92.4135, 90.2692
292.373, 113.399, 77.6273, 75.8262
292.373, 113.399, 77.6273, 75.8262
292.373, 113.399, 77.6273, 75.8262
292.373, 113.399, 77.6273, 75.8262
292.373, 113.399, 77.6273, 75.8262
292.373, 113.399, 77.6273, 75.8262
292.373, 113.399, 77.6273, 75.8262
292.373, 113.399, 77.6273, 75.8262
292.373, 113.399, 77.6273, 75.8262
292.373, 113.399, 77.6273, 75.8262
292.373, 113.399, 77.6273, 75.8262
292.373, 113.399, 77.6273, 75.8262
292.373, 113.399, 77.6273, 75.8262
276.078, 103.925, 93.1528, 90.9914
276.078, 103.925, 93.1528, 90.9914
276.078, 103.925, 93.1528, 90.9914
276.078, 103.925, 93.1528, 90.9914
276.078, 103.925, 93.1528, 90.9914
276.078, 103.925, 93.1528, 90.9914
276.078, 103.925, 93.1528, 90.9914
276.078, 103.925, 93.1528, 90.9914
276.078, 103.925, 93.1528, 90.9914
276.078, 103.925, 93.1528, 90.9914
276.078, 103.925, 93.1528, 90.9914
276.078, 103.925, 93.1528, 90.9914
276.078, 103.925, 93.1528, 90.9914
276.078, 103.925, 93.1528, 90.9914
276.078, 103.925, 93.1528, 90.9914
276.078, 103.925, 93.1528, 90.9914
276.078, 103.925, 93.1528, 90.9914
276.078, 103.925, 93.1528, 90.9914
276.078, 103.925, 93.1528, 90.9914
276.078, 114.596, 93.1528, 90.2692
276.078, 114.596, 93.1528, 90.2692
276.078, 114.596, 93.1528, 90.2692
276.078, 114.596, 93.1528, 90.2692
276.078, 114.596, 93.1528, 90.2692
276.078, 114.596, 93.1528, 90.2692
276.078, 114.596, 93.1528, 90.2692
276.078, 114.596, 93.1528, 90.2692
276.078, 114.596, 93.1528, 90.2692
276.078, 114.596, 93.1528, 90.2692
276.078, 114.596, 93.1528, 90.2692
276.078, 114.596, 93.1528, 90.2692
276.078, 114.596, 93.1528, 90.2692
276.078, 125.365, 93.1528, 90.2692
286.817, 125.365, 92.4135, 90.2692
286.817, 125.365, 92.4135, 90.2692
286.817, 125.365, 92.4135, 90.2692
0, 0, 0, 0
0, 0, 0, 0
0, 0, 0, 0
0, 0, 0, 0
0, 0, 0, 0
0, 0, 0, 0
0, 0, 0, 0
0, 0, 0, 0
0, 0, 0, 0
0, 0, 0, 0
0, 0, 0, 0
0, 0, 0, 0
0, 0, 0, 0
0, 0, 0, 0
0, 0, 0, 0
0, 0, 0, 0
0, 0, 0, 0
0, 0, 0, 0
0, 0, 0, 0
0, 0, 0, 0
0, 0, 0, 0
0, 0, 0, 0
0, 0, 0, 0
0, 0, 0, 0
0, 0, 0, 0
0, 0, 0, 0
0, 0, 0, 0
0, 0, 0, 0
0, 0, 0, 0
0, 0, 0, 0
0, 0, 0, 0
0, 0, 0, 0
0, 0, 0, 0
0, 0, 0, 0
0, 0, 0, 0
0, 0, 0, 0
0, 0, 0, 0
0, 0, 0, 0
276.078, 136.135, 93.1528, 90.2692
0, 0, 0, 0
0, 0, 0, 0
0, 0, 0, 0
0, 0, 0, 0
0, 0, 0, 0
0, 0, 0, 0
280.642, 99.3615, 110.896, 108.323
0, 0, 0, 0
0, 0, 0, 0
280.642, 86.3829, 110.896, 109.045
280.642, 86.3829, 110.896, 109.045
0, 0, 0, 0
0, 0, 0, 0
0, 0, 0, 0
0, 0, 0, 0
0, 0, 0, 0
0, 0, 0, 0
0, 0, 0, 0
0, 0, 0, 0
0, 0, 0, 0
0, 0, 0, 0
0, 0, 0, 0
0, 0, 0, 0
0, 0, 0, 0
0, 0, 0, 0
0, 0, 0, 0
0, 0, 0, 0
0, 0, 0, 0
0, 0, 0, 0
0, 0, 0, 0
0, 0, 0, 0
0, 0, 0, 0
0, 0, 0, 0
0, 0, 0, 0
0, 0, 0, 0
0, 0, 0, 0
0, 0, 0, 0
286.817, 125.365, 92.4135, 90.2692
276.078, 114.596, 93.1528, 90.2692
267.565, 99.3615, 110.896, 108.323
276.078, 103.925, 93.1528, 90.9914
267.565, 86.3829, 110.896, 109.045
267.565, 86.3829, 110.896, 109.045
267.565, 86.3829, 110.896, 109.045
265.309, 93.156, 93.1528, 90.9914
265.309, 93.156, 93.1528, 90.9914
265.309, 93.156, 93.1528, 90.9914
265.309, 93.156, 93.1528, 90.9914
265.309, 103.925, 93.1528, 90.9914
265.309, 103.925, 93.1528, 90.9914
265.309, 103.925, 93.1528, 90.9914
265.309, 103.925, 93.1528, 90.9914
265.309, 103.925, 93.1528, 90.9914
265.309, 103.925, 93.1528, 90.9914
265.309, 114.596, 93.1528, 90.2692
265.309, 114.596, 93.1528, 90.2692
265.309, 114.596, 93.1528, 90.2692
265.309, 114.596, 93.1528, 90.2692
265.309, 114.596, 93.1528, 90.2692
265.309, 114.596, 93.1528, 90.2692
265.309, 114.596, 93.1528, 90.2692
265.309, 114.596, 93.1528, 90.2692
265.309, 114.596, 93.1528, 90.2692
265.309, 114.596, 93.1528, 90.2692
265.309, 114.596, 93.1528, 90.2692
265.309, 114.596, 93.1528, 90.2692
265.309, 114.596, 93.1528, 90.2692
265.309, 114.596, 93.1528, 90.2692
265.309, 114.596, 93.1528, 90.2692
265.309, 114.596, 93.1528, 90.2692
265.309, 114.596, 93.1528, 90.2692
265.309, 114.596, 93.1528, 90.2692
265.309, 114.596, 93.1528, 90.2692
265.309, 114.596, 93.1528, 90.2692
265.309, 114.596, 93.1528, 90.2692
265.309, 114.596, 93.1528, 90.2692
265.309, 114.596, 93.1528, 90.2692
265.309, 114.596, 93.1528, 90.2692
265.309, 114.596, 93.1528, 90.2692
265.309, 114.596, 93.1528, 90.2692
265.309, 114.596, 93.1528, 90.2692
265.309, 114.596, 93.1528, 90.2692
265.309, 114.596, 93.1528, 90.2692
276.078, 114.596, 93.1528, 90.2692
267.565, 111.768, 110.896, 109.045
276.078, 125.365, 93.1528, 90.2692
286.817, 125.365, 92.4135, 90.2692
286.817, 136.135, 92.4135, 90.2692
0, 0, 0, 0
0, 0, 0, 0
0, 0, 0, 0
0, 0, 0, 0
0, 0, 0, 0
0, 0, 0, 0
0, 0, 0, 0
0, 0, 0, 0
0, 0, 0, 0
0, 0, 0, 0
0, 0, 0, 0
0, 0, 0, 0
0, 0, 0, 0
0, 0, 0, 0
0, 0, 0, 0
0, 0, 0, 0
0, 0, 0, 0
0, 0, 0, 0
0, 0, 0, 0
0, 0, 0, 0
0, 0, 0, 0
0, 0, 0, 0
0, 0, 0, 0
0, 0, 0, 0
0, 0, 0, 0
0, 0, 0, 0
0, 0, 0, 0
0, 0, 0, 0
0, 0, 0, 0
0, 0, 0, 0
0, 0, 0, 0
0, 0, 0, 0
0, 0, 0, 0
0, 0, 0, 0
0, 0, 0, 0
0, 0, 0, 0
292.98, 111.768, 111.635, 109.045
292.98, 99.3615, 111.635, 108.323
292.98, 99.3615, 111.635, 108.323
292.98, 99.3615, 111.635, 108.323
0, 0, 0, 0
0, 0, 0, 0
0, 0, 0, 0
0, 0, 0, 0
0, 0, 0, 0
280.642, 99.3615, 110.896, 108.323
280.642, 99.3615, 110.896, 108.323
280.642, 99.3615, 110.896, 108.323
280.642, 99.3615, 110.896, 108.323
280.642, 99.3615, 110.896, 108.323
280.642, 99.3615, 110.896, 108.323
280.642, 99.3615, 110.896, 108.323
280.642, 99.3615, 110.896, 108.323
280.642, 99.3615, 110.896, 108.323
280.642, 111.768, 110.896, 109.045
0, 0, 0, 0
0, 0, 0, 0
0, 0, 0, 0
0, 0, 0, 0
0, 0, 0, 0
0, 0, 0, 0
0, 0, 0, 0
0, 0, 0, 0
0, 0, 0, 0
0, 0, 0, 0
0, 0, 0, 0
0, 0, 0, 0
0, 0, 0, 0
0, 0, 0, 0
0, 0, 0, 0
0, 0, 0, 0
0, 0, 0, 0
0, 0, 0, 0
0, 0, 0, 0
0, 0, 0, 0
0, 0, 0, 0
0, 0, 0, 0
0, 0, 0, 0
0, 0, 0, 0
0, 0, 0, 0
0, 0, 0, 0
0, 0, 0, 0
0, 0, 0, 0
0, 0, 0, 0
0, 0, 0, 0
0, 0, 0, 0
0, 0, 0, 0
0, 0, 0, 0
0, 0, 0, 0
0, 0, 0, 0
0, 0, 0, 0
0, 0, 0, 0
280.642, 124.746, 110.896, 108.323
275.386, 103.849, 133.075, 129.988
280.642, 111.768, 110.896, 109.045
280.642, 111.768, 110.896, 109.045
280.642, 99.3615, 110.896, 108.323
0, 0, 0, 0
0, 0, 0, 0
0, 0, 0, 0
0, 0, 0, 0
267.565, 99.3615, 110.896, 108.323
267.565, 99.3615, 110.896, 108.323
267.565, 99.3615, 110.896, 108.323
267.565, 99.3615, 110.896, 108.323
267.565, 99.3615, 110.896, 108.323
267.565, 99.3615, 110.896, 108.323
267.565, 99.3615, 110.896, 108.323
267.565, 99.3615, 110.896, 108.323
267.565, 99.3615, 110.896, 108.323
267.565, 99.3615, 110.896, 108.323
267.565, 99.3615, 110.896, 108.323
267.565, 99.3615, 110.896, 108.323
267.565, 99.3615, 110.896, 108.323
0, 0, 0, 0
255.258, 99.3615, 110.896, 108.323
265.309, 114.596, 93.1528, 90.2692
255.258, 111.768, 110.896, 109.045
255.258, 111.768, 110.896, 109.045
255.258, 111.768, 110.896, 109.045
255.258, 124.746, 110.896, 108.323
255.258, 124.746, 110.896, 108.323
0, 0, 0, 0
0, 0, 0, 0
0, 0, 0, 0
0, 0, 0, 0
0, 0, 0, 0
0, 0, 0, 0
0, 0, 0, 0
0, 0, 0, 0
0, 0, 0, 0
0, 0, 0, 0
265.309, 146.904, 93.1528, 90.2692
0, 0, 0, 0
265.309, 146.904, 93.1528, 90.2692
265.309, 146.904, 93.1528, 90.2692
265.309, 146.904, 93.1528, 90.2692
265.309, 146.904, 93.1528, 90.2692
265.309, 146.904, 93.1528, 90.2692
265.309, 146.904, 93.1528, 90.2692
265.309, 146.904, 93.1528, 90.2692
265.309, 146.904, 93.1528, 90.2692
265.309, 146.904, 93.1528, 90.2692
0, 0, 0, 0
0, 0, 0, 0
267.565, 124.746, 110.896, 108.323
0, 0, 0, 0
267.565, 124.746, 110.896, 108.323
267.565, 124.746, 110.896, 108.323
267.565, 124.746, 110.896, 108.323
267.565, 124.746, 110.896, 108.323
0, 0, 0, 0
0, 0, 0, 0
0, 0, 0, 0
0, 0, 0, 0
0, 0, 0, 0
0, 0, 0, 0
280.642, 111.768, 110.896, 109.045
280.642, 111.768, 110.896, 109.045
280.642, 99.3615, 110.896, 108.323
280.642, 99.3615, 110.896, 108.323
280.642, 99.3615, 110.896, 108.323
280.642, 99.3615, 110.896, 108.323
280.642, 99.3615, 110.896, 108.323
280.642, 99.3615, 110.896, 108.323
280.642, 99.3615, 110.896, 108.323
286.817, 103.925, 92.4135, 90.9914
280.642, 99.3615, 110.896, 108.323
280.642, 99.3615, 110.896, 108.323
280.642, 99.3615, 110.896, 108.323
280.642, 99.3615, 110.896, 108.323
280.642, 99.3615, 110.896, 108.323
280.642, 99.3615, 110.896, 108.323
280.642, 99.3615, 110.896, 108.323
280.642, 99.3615, 110.896, 108.323
280.642, 111.768, 110.896, 109.045
286.817, 125.365, 92.4135, 90.2692
0, 0, 0, 0
0, 0, 0, 0
0, 0, 0, 0
0, 0, 0, 0
0, 0, 0, 0
0, 0, 0, 0
0, 0, 0, 0
0, 0, 0, 0
0, 0, 0, 0
0, 0, 0, 0
0, 0, 0, 0
0, 0, 0, 0
0, 0, 0, 0
0, 0, 0, 0
0, 0, 0, 0
0, 0, 0, 0
0, 0, 0, 0
0, 0, 0, 0
0, 0, 0, 0
0, 0, 0, 0
0, 0, 0, 0
0, 0, 0, 0
0, 0, 0, 0
0, 0, 0, 0
0, 0, 0, 0
0, 0, 0, 0
0, 0, 0, 0
0, 0, 0, 0
0, 0, 0, 0
0, 0, 0, 0
0, 0, 0, 0
0, 0, 0, 0
292.98, 111.768, 111.635, 109.045
292.98, 99.3615, 111.635, 108.323
292.98, 99.3615, 111.635, 108.323
0, 0, 0, 0
280.642, 86.3829, 110.896, 109.045
280.642, 86.3829, 110.896, 109.045
280.642, 86.3829, 110.896, 109.045
280.642, 86.3829, 110.896, 109.045
280.642, 86.3829, 110.896, 109.045
280.642, 86.3829, 110.896, 109.045
286.817, 103.925, 92.4135, 90.9914
286.817, 103.925, 92.4135, 90.9914
280.642, 99.3615, 110.896, 108.323
280.642, 99.3615, 110.896, 108.323
280.642, 99.3615, 110.896, 108.323
280.642, 99.3615, 110.896, 108.323
280.642, 99.3615, 110.896, 108.323
280.642, 99.3615, 110.896, 108.323
280.642, 99.3615, 110.896, 108.323
280.642, 99.3615, 110.896, 108.323
280.642, 99.3615, 110.896, 108.323
280.642, 99.3615, 110.896, 108.323
280.642, 99.3615, 110.896, 108.323
280.642, 99.3615, 110.896, 108.323
280.642, 99.3615, 110.896, 108.323
280.642, 99.3615, 110.896, 108.323
280.642, 111.768, 110.896, 109.045
280.642, 111.768, 110.896, 109.045
0, 0, 0, 0
0, 0, 0, 0
0, 0, 0, 0
0, 0, 0, 0
0, 0, 0, 0
0, 0, 0, 0
0, 0, 0, 0
0, 0, 0, 0
0, 0, 0, 0
0, 0, 0, 0
0, 0, 0, 0
0, 0, 0, 0
0, 0, 0, 0
0, 0, 0, 0
0, 0, 0, 0
0, 0, 0, 0
0, 0, 0, 0
0, 0, 0, 0
0, 0, 0, 0
0, 0, 0, 0
0, 0, 0, 0
0, 0, 0, 0
0, 0, 0, 0
0, 0, 0, 0
0, 0, 0, 0
0, 0, 0, 0
280.642, 124.746, 110.896, 108.323
280.642, 124.746, 110.896, 108.323
280.642, 124.746, 110.896, 108.323
286.817, 125.365, 92.4135, 90.2692
267.565, 111.768, 110.896, 109.045
267.565, 111.768, 110.896, 109.045
276.078, 114.596, 93.1528, 90.2692
267.565, 99.3615, 110.896, 108.323
267.565, 99.3615, 110.896, 108.323
265.309, 103.925, 93.1528, 90.9914
265.309, 103.925, 93.1528, 90.9914
265.309, 103.925, 93.1528, 90.9914
255.258, 99.3615, 110.896, 108.323
255.258, 99.3615, 110.896, 108.323
255.258, 99.3615, 110.896, 108.323
255.258, 99.3615, 110.896, 108.323
255.258, 99.3615, 110.896, 108.323
255.258, 99.3615, 110.896, 108.323
255.279, 114.596, 92.4135, 90.2692
255.279, 114.596, 92.4135, 90.2692
255.279, 114.596, 92.4135, 90.2692
255.279, 114.596, 92.4135, 90.2692
255.279, 114.596, 92.4135, 90.2692
255.279, 114.596, 92.4135, 90.2692
265.309, 125.365, 93.1528, 90.2692
265.309, 125.365, 93.1528, 90.2692
265.309, 136.135, 93.1528, 90.2692
265.309, 136.135, 93.1528, 90.2692
276.078, 136.135, 93.1528, 90.2692
283.142, 148.784, 77.6273, 75.8262
0, 0, 0, 0
0, 0, 0, 0
0, 0, 0, 0
0, 0, 0, 0
0, 0, 0, 0
0, 0, 0, 0
0, 0, 0, 0
0, 0, 0, 0
0, 0, 0, 0
0, 0, 0, 0
0, 0, 0, 0
0, 0, 0, 0
0, 0, 0, 0
0, 0, 0, 0
0, 0, 0, 0
0, 0, 0, 0
0, 0, 0, 0
0, 0, 0, 0
0, 0, 0, 0
280.642, 111.768, 110.896, 109.045
280.642, 111.768, 110.896, 109.045
280.642, 99.3615, 110.896, 108.323
280.642, 99.3615, 110.896, 108.323
280.642, 99.3615, 110.896, 108.323
280.642, 99.3615, 110.896, 108.323
280.642, 99.3615, 110.896, 108.323
280.642, 99.3615, 110.896, 108.323
280.642, 99.3615, 110.896, 108.323
280.642, 99.3615, 110.896, 108.323
280.642, 99.3615, 110.896, 108.323
280.642, 99.3615, 110.896, 108.323
280.642, 99.3615, 110.896, 108.323
280.642, 99.3615, 110.896, 108.323
280.642, 99.3615, 110.896, 108.323
280.642, 111.768, 110.896, 109.045
280.642, 111.768, 110.896, 109.045
280.642, 111.768, 110.896, 109.045
0, 0, 0, 0
280.642, 124.746, 110.896, 108.323
0, 0, 0, 0
0, 0, 0, 0
0, 0, 0, 0
0, 0, 0, 0
0, 0, 0, 0
0, 0, 0, 0
0, 0, 0, 0
0, 0, 0, 0
0, 0, 0, 0
0, 0, 0, 0
0, 0, 0, 0
0, 0, 0, 0
0, 0, 0, 0
0, 0, 0, 0
0, 0, 0, 0
0, 0, 0, 0
0, 0, 0, 0
0, 0, 0, 0
0, 0, 0, 0
0, 0, 0, 0
0, 0, 0, 0
0, 0, 0, 0
0, 0, 0, 0
0, 0, 0, 0
0, 0, 0, 0
0, 0, 0, 0
0, 0, 0, 0
0, 0, 0, 0
0, 0, 0, 0
0, 0, 0, 0
0, 0, 0, 0
0, 0, 0, 0
0, 0, 0, 0
0, 0, 0, 0
0, 0, 0, 0
280.642, 124.746, 110.896, 108.323
280.642, 124.746, 110.896, 108.323
286.817, 125.365, 92.4135, 90.2692
280.642, 111.768, 110.896, 109.045
280.642, 111.768, 110.896, 109.045
280.642, 111.768, 110.896, 109.045
280.642, 111.768, 110.896, 109.045
280.642, 111.768, 110.896, 109.045
280.642, 111.768, 110.896, 109.045
280.642, 111.768, 110.896, 109.045
280.642, 111.768, 110.896, 109.045
280.642, 99.3615, 110.896, 108.323
280.642, 99.3615, 110.896, 108.323
280.642, 99.3615, 110.896, 108.323
280.642, 99.3615, 110.896, 108.323
280.642, 99.3615, 110.896, 108.323
267.565, 99.3615, 110.896, 108.323
267.565, 99.3615, 110.896, 108.323
267.565, 99.3615, 110.896, 108.323
267.565, 99.3615, 110.896, 108.323
267.565, 99.3615, 110.896, 108.323
267.565, 99.3615, 110.896, 108.323
265.309, 103.925, 93.1528, 90.9914
265.309, 103.925, 93.1528, 90.9914
265.309, 103.925, 93.1528, 90.9914
265.309, 114.596, 93.1528, 90.2692
265.309, 114.596, 93.1528, 90.2692
255.258, 99.3615, 110.896, 108.323
255.279, 114.596, 92.4135, 90.2692
255.279, 114.596, 92.4135, 90.2692
255.279, 114.596, 92.4135, 90.2692
255.279, 114.596, 92.4135, 90.2692
255.279, 114.596, 92.4135, 90.2692
255.279, 114.596, 92.4135, 90.2692
255.279, 114.596, 92.4135, 90.2692
255.279, 114.596, 92.4135, 90.2692
255.279, 114.596, 92.4135, 90.2692
255.279, 114.596, 92.4135, 90.2692
255.279, 114.596, 92.4135, 90.2692
255.279, 114.596, 92.4135, 90.2692
255.279, 114.596, 92.4135, 90.2692
255.279, 114.596, 92.4135, 90.2692
255.279, 114.596, 92.4135, 90.2692
255.279, 114.596, 92.4135, 90.2692
255.279, 114.596, 92.4135, 90.2692
255.279, 114.596, 92.4135, 90.2692
255.279, 114.596, 92.4135, 90.2692
255.279, 114.596, 92.4135, 90.2692
255.279, 114.596, 92.4135, 90.2692
255.279, 114.596, 92.4135, 90.2692
265.45, 131.092, 77.6273, 75.8262
255.258, 111.768, 110.896, 109.045
265.309, 125.365, 93.1528, 90.2692
265.309, 125.365, 93.1528, 90.2692
265.309, 125.365, 93.1528, 90.2692
265.309, 125.365, 93.1528, 90.2692
265.309, 125.365, 93.1528, 90.2692
265.309, 125.365, 93.1528, 90.2692
0, 0, 0, 0
276.078, 136.135, 93.1528, 90.2692
276.078, 136.135, 93.1528, 90.2692
276.078, 136.135, 93.1528, 90.2692
276.078, 136.135, 93.1528, 90.2692
0, 0, 0, 0
276.078, 136.135, 93.1528, 90.2692
0, 0, 0, 0
0, 0, 0, 0
0, 0, 0, 0
0, 0, 0, 0
0, 0, 0, 0
0, 0, 0, 0
307.569, 146.407, 53.9695, 52.7172
0, 0, 0, 0
0, 0, 0, 0
307.569, 146.407, 53.9695, 52.7172
0, 0, 0, 0
307.569, 146.407, 53.9695, 52.7172
307.569, 146.407, 53.9695, 52.7172
307.569, 146.407, 53.9695, 52.7172
0, 0, 0, 0
286.817, 136.135, 92.4135, 90.2692
0, 0, 0, 0
307.569, 146.407, 53.9695, 52.7172
0, 0, 0, 0
0, 0, 0, 0
0, 0, 0, 0
0, 0, 0, 0
0, 0, 0, 0
0, 0, 0, 0
0, 0, 0, 0
0, 0, 0, 0
0, 0, 0, 0
0, 0, 0, 0
0, 0, 0, 0
0, 0, 0, 0
0, 0, 0, 0
0, 0, 0, 0
0, 0, 0, 0
0, 0, 0, 0
0, 0, 0, 0
0, 0, 0, 0
0, 0, 0, 0
0, 0, 0, 0
0, 0, 0, 0
0, 0, 0, 0
0, 0, 0, 0
275.386, 103.849, 133.075, 129.988
275.386, 103.849, 133.075, 129.988
280.642, 111.768, 110.896, 109.045
280.642, 111.768, 110.896, 109.045
280.642, 111.768, 110.896, 109.045
280.642, 111.768, 110.896, 109.045
280.642, 111.768, 110.896, 109.045
280.642, 111.768, 110.896, 109.045
0, 0, 0, 0
0, 0, 0, 0
0, 0, 0, 0
0, 0, 0, 0
0, 0, 0, 0
0, 0, 0, 0
0, 0, 0, 0
267.565, 99.3615, 110.896, 108.323
267.565, 99.3615, 110.896, 108.323
267.565, 111.768, 110.896, 109.045
267.565, 111.768, 110.896, 109.045
267.565, 111.768, 110.896, 109.045
260.002, 103.849, 133.075, 129.988
265.309, 136.135, 93.1528, 90.2692
265.309, 136.135, 93.1528, 90.2692
265.309, 136.135, 93.1528, 90.2692
265.309, 136.135, 93.1528, 90.2692
265.309, 136.135, 93.1528, 90.2692
0, 0, 0, 0
265.309, 136.135, 93.1528, 90.2692
265.309, 136.135, 93.1528, 90.2692
265.309, 136.135, 93.1528, 90.2692
0, 0, 0, 0
0, 0, 0, 0
0, 0, 0, 0
0, 0, 0, 0
265.309, 136.135, 93.1528, 90.2692
265.309, 136.135, 93.1528, 90.2692
265.309, 136.135, 93.1528, 90.2692
265.309, 136.135, 93.1528, 90.2692
265.309, 136.135, 93.1528, 90.2692
265.309, 136.135, 93.1528, 90.2692
265.309, 136.135, 93.1528, 90.2692
265.309, 136.135, 93.1528, 90.2692
265.309, 136.135, 93.1528, 90.2692
265.309, 136.135, 93.1528, 90.2692
265.309, 136.135, 93.1528, 90.2692
265.309, 136.135, 93.1528, 90.2692
265.309, 136.135, 93.1528, 90.2692
265.309, 136.135, 93.1528, 90.2692
265.309, 136.135, 93.1528, 90.2692
265.309, 136.135, 93.1528, 90.2692
276.078, 136.135, 93.1528, 90.2692
276.078, 136.135, 93.1528, 90.2692
276.078, 136.135, 93.1528, 90.2692
276.078, 136.135, 93.1528, 90.2692
276.078, 136.135, 93.1528, 90.2692
276.078, 136.135, 93.1528, 90.2692
276.078, 136.135, 93.1528, 90.2692
276.078, 136.135, 93.1528, 90.2692
276.078, 136.135, 93.1528, 90.2692
276.078, 136.135, 93.1528, 90.2692
276.078, 136.135, 93.1528, 90.2692
276.078, 136.135, 93.1528, 90.2692
0, 0, 0, 0
0, 0, 0, 0
286.817, 136.135, 92.4135, 90.2692
286.817, 136.135, 92.4135, 90.2692
0, 0, 0, 0
286.817, 136.135, 92.4135, 90.2692
286.817, 136.135, 92.4135, 90.2692
286.817, 136.135, 92.4135, 90.2692
286.817, 136.135, 92.4135, 90.2692
0, 0, 0, 0
280.642, 111.768, 110.896, 109.045
280.642, 111.768, 110.896, 109.045
0, 0, 0, 0
0, 0, 0, 0
280.642, 99.3615, 110.896, 108.323
0, 0, 0, 0
0, 0, 0, 0
0, 0, 0, 0
0, 0, 0, 0
0, 0, 0, 0
0, 0, 0, 0
280.642, 99.3615, 110.896, 108.323
0, 0, 0, 0
0, 0, 0, 0
286.817, 125.365, 92.4135, 90.2692
286.817, 125.365, 92.4135, 90.2692
0, 0, 0, 0
297.587, 136.135, 92.4135, 90.2692
286.817, 136.135, 92.4135, 90.2692
297.587, 136.135, 92.4135, 90.2692
286.817, 136.135, 92.4135, 90.2692
0, 0, 0, 0
0, 0, 0, 0
0, 0, 0, 0
0, 0, 0, 0
0, 0, 0, 0
0, 0, 0, 0
0, 0, 0, 0
0, 0, 0, 0
297.587, 136.135, 92.4135, 90.2692
297.587, 136.135, 92.4135, 90.2692
297.587, 136.135, 92.4135, 90.2692
297.587, 136.135, 92.4135, 90.2692
286.817, 125.365, 92.4135, 90.2692
280.642, 111.768, 110.896, 109.045
286.817, 114.596, 92.4135, 90.2692
286.817, 114.596, 92.4135, 90.2692
286.817, 114.596, 92.4135, 90.2692
286.817, 114.596, 92.4135, 90.2692
292.373, 121.861, 77.6273, 75.8262
292.373, 121.861, 77.6273, 75.8262
286.817, 125.365, 92.4135, 90.2692
286.817, 125.365, 92.4135, 90.2692
276.078, 114.596, 93.1528, 90.2692
276.078, 114.596, 93.1528, 90.2692
276.078, 114.596, 93.1528, 90.2692
276.078, 114.596, 93.1528, 90.2692
276.078, 114.596, 93.1528, 90.2692
276.078, 114.596, 93.1528, 90.2692
276.078, 114.596, 93.1528, 90.2692
276.078, 114.596, 93.1528, 90.2692
276.078, 114.596, 93.1528, 90.2692
276.078, 114.596, 93.1528, 90.2692
276.078, 114.596, 93.1528, 90.2692
276.078, 114.596, 93.1528, 90.2692
276.078, 114.596, 93.1528, 90.2692
276.078, 114.596, 93.1528, 90.2692
276.078, 114.596, 93.1528, 90.2692
276.078, 114.596, 93.1528, 90.2692
276.078, 114.596, 93.1528, 90.2692
276.078, 114.596, 93.1528, 90.2692
267.565, 111.768, 110.896, 109.045
267.565, 111.768, 110.896, 109.045
276.078, 125.365, 93.1528, 90.2692
286.817, 125.365, 92.4135, 90.2692
286.817, 136.135, 92.4135, 90.2692
286.817, 136.135, 92.4135, 90.2692
286.817, 136.135, 92.4135, 90.2692
286.817, 136.135, 92.4135, 90.2692
280.642, 124.746, 110.896, 108.323
297.587, 136.135, 92.4135, 90.2692
297.587, 136.135, 92.4135, 90.2692
297.587, 136.135, 92.4135, 90.2692
0, 0, 0, 0
0, 0, 0, 0
0, 0, 0, 0
0, 0, 0, 0
0, 0, 0, 0
0, 0, 0, 0
0, 0, 0, 0
0, 0, 0, 0
0, 0, 0, 0
0, 0, 0, 0
0, 0, 0, 0
0, 0, 0, 0
0, 0, 0, 0
0, 0, 0, 0
0, 0, 0, 0
0, 0, 0, 0
0, 0, 0, 0
0, 0, 0, 0
292.98, 124.746, 111.635, 108.323
292.98, 124.746, 111.635, 108.323
292.98, 124.746, 111.635, 108.323
292.98, 124.746, 111.635, 108.323
292.98, 124.746, 111.635, 108.323
292.98, 124.746, 111.635, 108.323
297.587, 136.135, 92.4135, 90.2692
297.587, 125.365, 92.4135, 90.2692
297.587, 125.365, 92.4135, 90.2692
297.587, 125.365, 92.4135, 90.2692
292.98, 111.768, 111.635, 109.045
292.98, 111.768, 111.635, 109.045
292.98, 111.768, 111.635, 109.045
0, 0, 0, 0
292.98, 99.3615, 111.635, 108.323
292.98, 99.3615, 111.635, 108.323
292.98, 99.3615, 111.635, 108.323
0, 0, 0, 0
292.98, 99.3615, 111.635, 108.323
0, 0, 0, 0
0, 0, 0, 0
280.642, 99.3615, 110.896, 108.323
280.642, 99.3615, 110.896, 108.323
280.642, 99.3615, 110.896, 108.323
280.642, 99.3615, 110.896, 108.323
280.642, 99.3615, 110.896, 108.323
280.642, 99.3615, 110.896, 108.323
280.642, 99.3615, 110.896, 108.323
280.642, 111.768, 110.896, 109.045
280.642, 111.768, 110.896, 109.045
276.078, 125.365, 93.1528, 90.2692
0, 0, 0, 0
0, 0, 0, 0
267.565, 124.746, 110.896, 108.323
0, 0, 0, 0
0, 0, 0, 0
0, 0, 0, 0
0, 0, 0, 0
0, 0, 0, 0
0, 0, 0, 0
0, 0, 0, 0
0, 0, 0, 0
0, 0, 0, 0
0, 0, 0, 0
280.642, 124.746, 110.896, 108.323
0, 0, 0, 0
280.642, 124.746, 110.896, 108.323
0, 0, 0, 0
0, 0, 0, 0
0, 0, 0, 0
0, 0, 0, 0
0, 0, 0, 0
0, 0, 0, 0
0, 0, 0, 0
0, 0, 0, 0
280.642, 124.746, 110.896, 108.323
0, 0, 0, 0
280.642, 124.746, 110.896, 108.323
0, 0, 0, 0
0, 0, 0, 0
0, 0, 0, 0
0, 0, 0, 0
280.642, 124.746, 110.896, 108.323
280.642, 124.746, 110.896, 108.323
0, 0, 0, 0
0, 0, 0, 0
280.642, 124.746, 110.896, 108.323
0, 0, 0, 0
0, 0, 0, 0
280.642, 124.746, 110.896, 108.323
280.642, 124.746, 110.896, 108.323
286.817, 136.135, 92.4135, 90.2692
286.817, 136.135, 92.4135, 90.2692
286.817, 136.135, 92.4135, 90.2692
286.817, 136.135, 92.4135, 90.2692
286.817, 136.135, 92.4135, 90.2692
286.817, 136.135, 92.4135, 90.2692
286.817, 136.135, 92.4135, 90.2692
286.817, 136.135, 92.4135, 90.2692
286.817, 136.135, 92.4135, 90.2692
0, 0, 0, 0
0, 0, 0, 0
280.642, 124.746, 110.896, 108.323
0, 0, 0, 0
0, 0, 0, 0
280.642, 124.746, 110.896, 108.323
0, 0, 0, 0
280.642, 124.746, 110.896, 108.323
280.642, 124.746, 110.896, 108.323
280.642, 124.746, 110.896, 108.323
0, 0, 0, 0
280.642, 124.746, 110.896, 108.323
302.603, 168.553, 64.3198, 62.8274
0, 0, 0, 0
302.603, 168.553, 64.3198, 62.8274
297.587, 136.135, 92.4135, 90.2692
302.603, 168.553, 64.3198, 62.8274
0, 0, 0, 0
0, 0, 0, 0
0, 0, 0, 0
0, 0, 0, 0
280.642, 124.746, 110.896, 108.323
280.642, 124.746, 110.896, 108.323
280.642, 124.746, 110.896, 108.323
286.817, 136.135, 92.4135, 90.2692
280.642, 124.746, 110.896, 108.323
280.642, 111.768, 110.896, 109.045
286.817, 125.365, 92.4135, 90.2692
280.642, 111.768, 110.896, 109.045
280.642, 111.768, 110.896, 109.045
280.642, 111.768, 110.896, 109.045
280.642, 99.3615, 110.896, 108.323
0, 0, 0, 0
0, 0, 0, 0
0, 0, 0, 0
0, 0, 0, 0
0, 0, 0, 0
0, 0, 0, 0
0, 0, 0, 0
280.642, 99.3615, 110.896, 108.323
0, 0, 0, 0
0, 0, 0, 0
280.642, 99.3615, 110.896, 108.323
280.642, 99.3615, 110.896, 108.323
0, 0, 0, 0
0, 0, 0, 0
0, 0, 0, 0
280.642, 99.3615, 110.896, 108.323
280.642, 99.3615, 110.896, 108.323
280.642, 99.3615, 110.896, 108.323
280.642, 99.3615, 110.896, 108.323
280.642, 99.3615, 110.896, 108.323
280.642, 99.3615, 110.896, 108.323
280.642, 99.3615, 110.896, 108.323
280.642, 99.3615, 110.896, 108.323
280.642, 99.3615, 110.896, 108.323
280.642, 99.3615, 110.896, 108.323
280.642, 99.3615, 110.896, 108.323
280.642, 99.3615, 110.896, 108.323
280.642, 99.3615, 110.896, 108.323
280.642, 99.3615, 110.896, 108.323
280.642, 111.768, 110.896, 109.045
280.642, 111.768, 110.896, 109.045
280.642, 111.768, 110.896, 109.045
0, 0, 0, 0
0, 0, 0, 0
0, 0, 0, 0
0, 0, 0, 0
0, 0, 0, 0
0, 0, 0, 0
0, 0, 0, 0
0, 0, 0, 0
0, 0, 0, 0
0, 0, 0, 0
0, 0, 0, 0
0, 0, 0, 0
0, 0, 0, 0
276.078, 136.135, 93.1528, 90.2692
276.078, 136.135, 93.1528, 90.2692
276.078, 136.135, 93.1528, 90.2692
276.078, 136.135, 93.1528, 90.2692
0, 0, 0, 0
276.078, 136.135, 93.1528, 90.2692
276.078, 136.135, 93.1528, 90.2692
276.078, 136.135, 93.1528, 90.2692
276.078, 136.135, 93.1528, 90.2692
276.078, 136.135, 93.1528, 90.2692
276.078, 136.135, 93.1528, 90.2692
276.078, 136.135, 93.1528, 90.2692
0, 0, 0, 0
0, 0, 0, 0
0, 0, 0, 0
0, 0, 0, 0
0, 0, 0, 0
0, 0, 0, 0
0, 0, 0, 0
0, 0, 0, 0
0, 0, 0, 0
0, 0, 0, 0
0, 0, 0, 0
0, 0, 0, 0
0, 0, 0, 0
0, 0, 0, 0
0, 0, 0, 0
0, 0, 0, 0
0, 0, 0, 0
0, 0, 0, 0
0, 0, 0, 0
0, 0, 0, 0
0, 0, 0, 0
0, 0, 0, 0
0, 0, 0, 0
0, 0, 0, 0
0, 0, 0, 0
0, 0, 0, 0
0, 0, 0, 0
0, 0, 0, 0
0, 0, 0, 0
0, 0, 0, 0
0, 0, 0, 0
0, 0, 0, 0
0, 0, 0, 0
0, 0, 0, 0
0, 0, 0, 0
0, 0, 0, 0
0, 0, 0, 0
0, 0, 0, 0
0, 0, 0, 0
0, 0, 0, 0
280.642, 111.768, 110.896, 109.045
280.642, 111.768, 110.896, 109.045
280.642, 99.3615, 110.896, 108.323
0, 0, 0, 0
0, 0, 0, 0
0, 0, 0, 0
0, 0, 0, 0
0, 0, 0, 0
0, 0, 0, 0
0, 0, 0, 0
0, 0, 0, 0
0, 0, 0, 0
0, 0, 0, 0
280.642, 111.768, 110.896, 109.045
280.642, 111.768, 110.896, 109.045
280.642, 111.768, 110.896, 109.045
280.642, 111.768, 110.896, 109.045
280.642, 111.768, 110.896, 109.045
0, 0, 0, 0
286.817, 136.135, 92.4135, 90.2692
286.817, 136.135, 92.4135, 90.2692
286.817, 136.135, 92.4135, 90.2692
286.817, 136.135, 92.4135, 90.2692
280.642, 124.746, 110.896, 108.323
286.817, 136.135, 92.4135, 90.2692
286.817, 136.135, 92.4135, 90.2692
286.817, 136.135, 92.4135, 90.2692
286.817, 136.135, 92.4135, 90.2692
286.817, 136.135, 92.4135, 90.2692
286.817, 136.135, 92.4135, 90.2692
286.817, 136.135, 92.4135, 90.2692
286.817, 136.135, 92.4135, 90.2692
286.817, 136.135, 92.4135, 90.2692
286.817, 136.135, 92.4135, 90.2692
286.817, 136.135, 92.4135, 90.2692
286.817, 146.904, 92.4135, 90.2692
286.817, 146.904, 92.4135, 90.2692
286.817, 146.904, 92.4135, 90.2692
286.817, 146.904, 92.4135, 90.2692
286.817, 146.904, 92.4135, 90.2692
286.817, 146.904, 92.4135, 90.2692
286.817, 146.904, 92.4135, 90.2692
297.587, 146.904, 92.4135, 90.2692
297.587, 146.904, 92.4135, 90.2692
297.587, 146.904, 92.4135, 90.2692
297.587, 146.904, 92.4135, 90.2692
297.587, 146.904, 92.4135, 90.2692
297.587, 146.904, 92.4135, 90.2692
297.587, 146.904, 92.4135, 90.2692
297.587, 146.904, 92.4135, 90.2692
297.587, 146.904, 92.4135, 90.2692
297.587, 146.904, 92.4135, 90.2692
297.587, 146.904, 92.4135, 90.2692
297.587, 146.904, 92.4135, 90.2692
297.587, 146.904, 92.4135, 90.2692
297.587, 146.904, 92.4135, 90.2692
297.587, 146.904, 92.4135, 90.2692
280.642, 124.746, 110.896, 108.323
292.373, 148.784, 77.6273, 75.8262
265.309, 136.135, 93.1528, 90.2692
255.279, 136.135, 92.4135, 90.2692
0, 0, 0, 0
233.74, 125.365, 92.4135, 90.2692
223.001, 125.365, 93.1528, 90.2692
203.719, 124.746, 110.896, 108.323
212.232, 125.365, 93.1528, 90.2692
0, 0, 0, 0
201.463, 125.365, 93.1528, 90.2692
201.463, 125.365, 93.1528, 90.2692
0, 0, 0, 0
0, 0, 0, 0
0, 0, 0, 0
0, 0, 0, 0
0, 0, 0, 0
0, 0, 0, 0
0, 0, 0, 0
0, 0, 0, 0
0, 0, 0, 0
0, 0, 0, 0
0, 0, 0, 0
0, 0, 0, 0
0, 0, 0, 0
0, 0, 0, 0
0, 0, 0, 0
0, 0, 0, 0
201.463, 146.904, 93.1528, 90.2692
212.232, 146.904, 93.1528, 90.2692
233.74, 146.904, 92.4135, 90.2692
244.51, 157.002, 92.4135, 90.9914
265.45, 157.916, 77.6273, 75.104
265.309, 146.904, 93.1528, 90.2692
276.078, 146.904, 93.1528, 90.2692
276.078, 146.904, 93.1528, 90.2692
0, 0, 0, 0
286.817, 146.904, 92.4135, 90.2692
0, 0, 0, 0
0, 0, 0, 0
0, 0, 0, 0
0, 0, 0, 0
0, 0, 0, 0
0, 0, 0, 0
0, 0, 0, 0
0, 0, 0, 0
0, 0, 0, 0
0, 0, 0, 0
0, 0, 0, 0
0, 0, 0, 0
0, 0, 0, 0
0, 0, 0, 0
0, 0, 0, 0
267.565, 124.746, 110.896, 108.323
267.565, 124.746, 110.896, 108.323
267.565, 124.746, 110.896, 108.323
267.565, 124.746, 110.896, 108.323
267.565, 124.746, 110.896, 108.323
267.565, 124.746, 110.896, 108.323
267.565, 124.746, 110.896, 108.323
267.565, 124.746, 110.896, 108.323
267.565, 124.746, 110.896, 108.323
265.309, 136.135, 93.1528, 90.2692
265.309, 136.135, 93.1528, 90.2692
265.309, 136.135, 93.1528, 90.2692
265.309, 136.135, 93.1528, 90.2692
0, 0, 0, 0
0, 0, 0, 0
265.309, 136.135, 93.1528, 90.2692
267.565, 124.746, 110.896, 108.323
0, 0, 0, 0
267.565, 124.746, 110.896, 108.323
0, 0, 0, 0
0, 0, 0, 0
0, 0, 0, 0
0, 0, 0, 0
0, 0, 0, 0
0, 0, 0, 0
0, 0, 0, 0
0, 0, 0, 0
280.642, 124.746, 110.896, 108.323
280.642, 124.746, 110.896, 108.323
280.642, 124.746, 110.896, 108.323
280.642, 124.746, 110.896, 108.323
280.642, 124.746, 110.896, 108.323
280.642, 124.746, 110.896, 108.323
280.642, 124.746, 110.896, 108.323
280.642, 124.746, 110.896, 108.323
280.642, 124.746, 110.896, 108.323
280.642, 124.746, 110.896, 108.323
280.642, 124.746, 110.896, 108.323
280.642, 124.746, 110.896, 108.323
280.642, 124.746, 110.896, 108.323
275.386, 103.849, 133.075, 129.988
286.817, 125.365, 92.4135, 90.2692
286.817, 125.365, 92.4135, 90.2692
280.642, 111.768, 110.896, 109.045
280.642, 111.768, 110.896, 109.045
276.078, 114.596, 93.1528, 90.2692
280.642, 99.3615, 110.896, 108.323
280.642, 99.3615, 110.896, 108.323
280.642, 99.3615, 110.896, 108.323
0, 0, 0, 0
0, 0, 0, 0
0, 0, 0, 0
0, 0, 0, 0
292.98, 99.3615, 111.635, 108.323
292.98, 99.3615, 111.635, 108.323
292.98, 99.3615, 111.635, 108.323
292.98, 99.3615, 111.635, 108.323
292.98, 99.3615, 111.635, 108.323
292.98, 99.3615, 111.635, 108.323
292.98, 99.3615, 111.635, 108.323
292.98, 111.768, 111.635, 109.045
297.587, 125.365, 92.4135, 90.2692
0, 0, 0, 0
297.587, 136.135, 92.4135, 90.2692
297.587, 136.135, 92.4135, 90.2692
297.587, 136.135, 92.4135, 90.2692
297.587, 136.135, 92.4135, 90.2692
297.587, 136.135, 92.4135, 90.2692
297.587, 136.135, 92.4135, 90.2692
297.587, 125.365, 92.4135, 90.2692
297.587, 125.365, 92.4135, 90.2692
297.587, 114.596, 92.4135, 90.2692
280.642, 99.3615, 110.896, 108.323
280.642, 99.3615, 110.896, 108.323
286.817, 103.925, 92.4135, 90.9914
286.817, 103.925, 92.4135, 90.9914
286.817, 103.925, 92.4135, 90.9914
286.817, 103.925, 92.4135, 90.9914
286.817, 103.925, 92.4135, 90.9914
280.642, 99.3615, 110.896, 108.323
280.642, 99.3615, 110.896, 108.323
280.642, 99.3615, 110.896, 108.323
276.078, 114.596, 93.1528, 90.2692
276.078, 114.596, 93.1528, 90.2692
276.078, 114.596, 93.1528, 90.2692
283.142, 121.861, 77.6273, 75.8262
265.309, 114.596, 93.1528, 90.2692
265.309, 114.596, 93.1528, 90.2692
265.309, 114.596, 93.1528, 90.2692
265.309, 114.596, 93.1528, 90.2692
265.309, 125.365, 93.1528, 90.2692
265.309, 125.365, 93.1528, 90.2692
265.309, 125.365, 93.1528, 90.2692
276.078, 136.135, 93.1528, 90.2692
276.078, 136.135, 93.1528, 90.2692
276.078, 136.135, 93.1528, 90.2692
276.078, 136.135, 93.1528, 90.2692
276.078, 136.135, 93.1528, 90.2692
276.078, 136.135, 93.1528, 90.2692
276.078, 136.135, 93.1528, 90.2692
276.078, 136.135, 93.1528, 90.2692
276.078, 125.365, 93.1528, 90.2692
276.078, 125.365, 93.1528, 90.2692
276.078, 125.365, 93.1528, 90.2692
276.078, 125.365, 93.1528, 90.2692
276.078, 125.365, 93.1528, 90.2692
276.078, 114.596, 93.1528, 90.2692
276.078, 114.596, 93.1528, 90.2692
276.078, 114.596, 93.1528, 90.2692
276.078, 114.596, 93.1528, 90.2692
292.373, 131.092, 77.6273, 75.8262
292.373, 131.092, 77.6273, 75.8262
286.817, 125.365, 92.4135, 90.2692
286.817, 125.365, 92.4135, 90.2692
286.817, 125.365, 92.4135, 90.2692
286.817, 125.365, 92.4135, 90.2692
0, 0, 0, 0
300.834, 139.553, 77.6273, 75.8262
0, 0, 0, 0
0, 0, 0, 0
297.587, 136.135, 92.4135, 90.2692
0, 0, 0, 0
0, 0, 0, 0
0, 0, 0, 0
0, 0, 0, 0
0, 0, 0, 0
0, 0, 0, 0
0, 0, 0, 0
0, 0, 0, 0
0, 0, 0, 0
0, 0, 0, 0
0, 0, 0, 0
0, 0, 0, 0
0, 0, 0, 0
0, 0, 0, 0
0, 0, 0, 0
0, 0, 0, 0
0, 0, 0, 0
0, 0, 0, 0
0, 0, 0, 0
0, 0, 0, 0
0, 0, 0, 0
0, 0, 0, 0
0, 0, 0, 0
0, 0, 0, 0
0, 0, 0, 0
0, 0, 0, 0
0, 0, 0, 0
0, 0, 0, 0
0, 0, 0, 0
0, 0, 0, 0
292.98, 124.746, 111.635, 108.323
292.98, 124.746, 111.635, 108.323
292.98, 111.768, 111.635, 109.045
0, 0, 0, 0
0, 0, 0, 0
0, 0, 0, 0
0, 0, 0, 0
0, 0, 0, 0
0, 0, 0, 0
0, 0, 0, 0
0, 0, 0, 0
0, 0, 0, 0
0, 0, 0, 0
0, 0, 0, 0
0, 0, 0, 0
280.642, 111.768, 110.896, 109.045
280.642, 111.768, 110.896, 109.045
280.642, 111.768, 110.896, 109.045
280.642, 111.768, 110.896, 109.045
280.642, 124.746, 110.896, 108.323
280.642, 124.746, 110.896, 108.323
0, 0, 0, 0
0, 0, 0, 0
0, 0, 0, 0
0, 0, 0, 0
0, 0, 0, 0
0, 0, 0, 0
0, 0, 0, 0
0, 0, 0, 0
0, 0, 0, 0
0, 0, 0, 0
0, 0, 0, 0
0, 0, 0, 0
0, 0, 0, 0
280.642, 124.746, 110.896, 108.323
0, 0, 0, 0
0, 0, 0, 0
0, 0, 0, 0
0, 0, 0, 0
0, 0, 0, 0
0, 0, 0, 0
0, 0, 0, 0
0, 0, 0, 0
286.817, 146.904, 92.4135, 90.2692
0, 0, 0, 0
286.817, 146.904, 92.4135, 90.2692
0, 0, 0, 0
0, 0, 0, 0
280.642, 124.746, 110.896, 108.323
280.642, 124.746, 110.896, 108.323
280.642, 124.746, 110.896, 108.323
276.078, 125.365, 93.1528, 90.2692
276.078, 125.365, 93.1528, 90.2692
280.642, 111.768, 110.896, 109.045
280.642, 111.768, 110.896, 109.045
276.078, 114.596, 93.1528, 90.2692
0, 0, 0, 0
0, 0, 0, 0
0, 0, 0, 0
0, 0, 0, 0
0, 0, 0, 0
0, 0, 0, 0
0, 0, 0, 0
0, 0, 0, 0
0, 0, 0, 0
0, 0, 0, 0
0, 0, 0, 0
267.565, 111.768, 110.896, 109.045
0, 0, 0, 0
265.309, 125.365, 93.1528, 90.2692
265.309, 125.365, 93.1528, 90.2692
265.309, 125.365, 93.1528, 90.2692
265.309, 125.365, 93.1528, 90.2692
265.309, 125.365, 93.1528, 90.2692
265.309, 125.365, 93.1528, 90.2692
265.309, 125.365, 93.1528, 90.2692
265.309, 125.365, 93.1528, 90.2692
267.565, 111.768, 110.896, 109.045
267.565, 111.768, 110.896, 109.045
276.078, 125.365, 93.1528, 90.2692
276.078, 125.365, 93.1528, 90.2692
276.078, 125.365, 93.1528, 90.2692
276.078, 125.365, 93.1528, 90.2692
276.078, 125.365, 93.1528, 90.2692
276.078, 125.365, 93.1528, 90.2692
276.078, 125.365, 93.1528, 90.2692
276.078, 125.365, 93.1528, 90.2692
276.078, 125.365, 93.1528, 90.2692
0, 0, 0, 0
0, 0, 0, 0
0, 0, 0, 0
0, 0, 0, 0
0, 0, 0, 0
0, 0, 0, 0
286.817, 136.135, 92.4135, 90.2692
0, 0, 0, 0
0, 0, 0, 0
286.817, 136.135, 92.4135, 90.2692
286.817, 136.135, 92.4135, 90.2692
286.817, 136.135, 92.4135, 90.2692
292.373, 148.784, 77.6273, 75.8262
292.373, 148.784, 77.6273, 75.8262
292.373, 148.784, 77.6273, 75.8262
0, 0, 0, 0
0, 0, 0, 0
0, 0, 0, 0
0, 0, 0, 0
0, 0, 0, 0
0, 0, 0, 0
0, 0, 0, 0
0, 0, 0, 0
0, 0, 0, 0
0, 0, 0, 0
0, 0, 0, 0
0, 0, 0, 0
0, 0, 0, 0
0, 0, 0, 0
0, 0, 0, 0
0, 0, 0, 0
0, 0, 0, 0
276.078, 136.135, 93.1528, 90.2692
0, 0, 0, 0
0, 0, 0, 0
0, 0, 0, 0
280.642, 124.746, 110.896, 108.323
280.642, 124.746, 110.896, 108.323
280.642, 124.746, 110.896, 108.323
0, 0, 0, 0
0, 0, 0, 0
0, 0, 0, 0
0, 0, 0, 0
0, 0, 0, 0
0, 0, 0, 0
0, 0, 0, 0
0, 0, 0, 0
0, 0, 0, 0
0, 0, 0, 0
0, 0, 0, 0
0, 0, 0, 0
0, 0, 0, 0
280.642, 124.746, 110.896, 108.323
280.642, 124.746, 110.896, 108.323
275.386, 103.849, 133.075, 129.988
286.817, 125.365, 92.4135, 90.2692
280.642, 111.768, 110.896, 109.045
280.642, 111.768, 110.896, 109.045
280.642, 111.768, 110.896, 109.045
280.642, 111.768, 110.896, 109.045
276.078, 114.596, 93.1528, 90.2692
0, 0, 0, 0
0, 0, 0, 0
0, 0, 0, 0
0, 0, 0, 0
267.565, 111.768, 110.896, 109.045
267.565, 111.768, 110.896, 109.045
280.642, 111.768, 110.896, 109.045
280.642, 111.768, 110.896, 109.045
280.642, 111.768, 110.896, 109.045
267.565, 111.768, 110.896, 109.045
267.565, 111.768, 110.896, 109.045
267.565, 111.768, 110.896, 109.045
267.565, 111.768, 110.896, 109.045
265.309, 114.596, 93.1528, 90.2692
265.309, 114.596, 93.1528, 90.2692
255.279, 114.596, 92.4135, 90.2692
244.51, 125.365, 92.4135, 90.2692
233.74, 125.365, 92.4135, 90.2692
233.74, 125.365, 92.4135, 90.2692
223.001, 125.365, 93.1528, 90.2692
203.719, 111.768, 110.896, 109.045
203.719, 111.768, 110.896, 109.045
203.719, 111.768, 110.896, 109.045
212.232, 125.365, 93.1528, 90.2692
203.719, 124.746, 110.896, 108.323
212.232, 125.365, 93.1528, 90.2692
212.232, 125.365, 93.1528, 90.2692
212.232, 125.365, 93.1528, 90.2692
212.232, 125.365, 93.1528, 90.2692
212.232, 125.365, 93.1528, 90.2692
212.232, 125.365, 93.1528, 90.2692
212.232, 125.365, 93.1528, 90.2692
191.412, 111.768, 110.896, 109.045
191.412, 111.768, 110.896, 109.045
191.412, 111.768, 110.896, 109.045
191.412, 111.768, 110.896, 109.045
191.412, 124.746, 110.896, 108.323
191.412, 124.746, 110.896, 108.323
201.463, 136.135, 93.1528, 90.2692
201.463, 136.135, 93.1528, 90.2692
212.232, 146.904, 93.1528, 90.2692
203.719, 137.823, 110.896, 108.323
223.001, 146.904, 93.1528, 90.2692
233.74, 157.002, 92.4135, 90.9914
244.51, 157.002, 92.4135, 90.9914
255.279, 157.002, 92.4135, 90.9914
255.258, 137.823, 110.896, 108.323
265.309, 157.002, 93.1528, 90.9914
0, 0, 0, 0
267.565, 150.229, 110.896, 109.045
267.565, 150.229, 110.896, 109.045
267.565, 150.229, 110.896, 109.045
0, 0, 0, 0
0, 0, 0, 0
0, 0, 0, 0
0, 0, 0, 0
0, 0, 0, 0
0, 0, 0, 0
0, 0, 0, 0
0, 0, 0, 0
0, 0, 0, 0
0, 0, 0, 0
0, 0, 0, 0
0, 0, 0, 0
0, 0, 0, 0
0, 0, 0, 0
0, 0, 0, 0
0, 0, 0, 0
0, 0, 0, 0
0, 0, 0, 0
0, 0, 0, 0
0, 0, 0, 0
0, 0, 0, 0
267.565, 137.823, 110.896, 108.323
267.565, 137.823, 110.896, 108.323
267.565, 124.746, 110.896, 108.323
265.309, 136.135, 93.1528, 90.2692
265.309, 136.135, 93.1528, 90.2692
267.565, 124.746, 110.896, 108.323
255.258, 124.746, 110.896, 108.323
255.258, 124.746, 110.896, 108.323
255.258, 124.746, 110.896, 108.323
255.258, 124.746, 110.896, 108.323
255.258, 124.746, 110.896, 108.323
255.258, 124.746, 110.896, 108.323
255.258, 124.746, 110.896, 108.323
260.002, 119.234, 133.075, 129.988
267.565, 137.823, 110.896, 108.323
267.565, 137.823, 110.896, 108.323
0, 0, 0, 0
0, 0, 0, 0
0, 0, 0, 0
0, 0, 0, 0
0, 0, 0, 0
0, 0, 0, 0
0, 0, 0, 0
0, 0, 0, 0
0, 0, 0, 0
276.078, 157.002, 93.1528, 90.9914
0, 0, 0, 0
0, 0, 0, 0
276.078, 157.002, 93.1528, 90.9914
276.078, 157.002, 93.1528, 90.9914
276.078, 157.002, 93.1528, 90.9914
276.078, 157.002, 93.1528, 90.9914
276.078, 157.002, 93.1528, 90.9914
276.078, 157.002, 93.1528, 90.9914
276.078, 157.002, 93.1528, 90.9914
276.078, 157.002, 93.1528, 90.9914
267.565, 137.823, 110.896, 108.323
267.565, 137.823, 110.896, 108.323
267.565, 137.823, 110.896, 108.323
276.078, 146.904, 93.1528, 90.2692
267.565, 137.823, 110.896, 108.323
267.565, 124.746, 110.896, 108.323
267.565, 124.746, 110.896, 108.323
267.565, 124.746, 110.896, 108.323
267.565, 124.746, 110.896, 108.323
267.565, 124.746, 110.896, 108.323
0, 0, 0, 0
0, 0, 0, 0
0, 0, 0, 0
0, 0, 0, 0
0, 0, 0, 0
276.078, 125.365, 93.1528, 90.2692
267.565, 111.768, 110.896, 109.045
276.078, 125.365, 93.1528, 90.2692
276.078, 125.365, 93.1528, 90.2692
276.078, 125.365, 93.1528, 90.2692
276.078, 125.365, 93.1528, 90.2692
276.078, 125.365, 93.1528, 90.2692
267.565, 111.768, 110.896, 109.045
267.565, 111.768, 110.896, 109.045
276.078, 114.596, 93.1528, 90.2692
267.565, 111.768, 110.896, 109.045
267.565, 111.768, 110.896, 109.045
267.565, 111.768, 110.896, 109.045
267.565, 111.768, 110.896, 109.045
267.565, 111.768, 110.896, 109.045
267.565, 111.768, 110.896, 109.045
280.642, 111.768, 110.896, 109.045
280.642, 111.768, 110.896, 109.045
280.642, 111.768, 110.896, 109.045
280.642, 111.768, 110.896, 109.045
280.642, 111.768, 110.896, 109.045
280.642, 111.768, 110.896, 109.045
280.642, 111.768, 110.896, 109.045
280.642, 111.768, 110.896, 109.045
280.642, 111.768, 110.896, 109.045
280.642, 111.768, 110.896, 109.045
280.642, 124.746, 110.896, 108.323
280.642, 124.746, 110.896, 108.323
280.642, 124.746, 110.896, 108.323
280.642, 137.823, 110.896, 108.323
280.642, 137.823, 110.896, 108.323
0, 0, 0, 0
0, 0, 0, 0
0, 0, 0, 0
0, 0, 0, 0
0, 0, 0, 0
0, 0, 0, 0
287.988, 190.19, 64.3198, 63.5495
287.988, 190.19, 64.3198, 63.5495
287.988, 190.19, 64.3198, 63.5495
0, 0, 0, 0
0, 0, 0, 0
0, 0, 0, 0
0, 0, 0, 0
0, 0, 0, 0
0, 0, 0, 0
0, 0, 0, 0
0, 0, 0, 0
0, 0, 0, 0
0, 0, 0, 0
0, 0, 0, 0
0, 0, 0, 0
0, 0, 0, 0
0, 0, 0, 0
0, 0, 0, 0
0, 0, 0, 0
0, 0, 0, 0
0, 0, 0, 0
0, 0, 0, 0
0, 0, 0, 0
0, 0, 0, 0
0, 0, 0, 0
280.642, 150.229, 110.896, 109.045
0, 0, 0, 0
0, 0, 0, 0
0, 0, 0, 0
0, 0, 0, 0
0, 0, 0, 0
0, 0, 0, 0
0, 0, 0, 0
0, 0, 0, 0
0, 0, 0, 0
0, 0, 0, 0
0, 0, 0, 0
0, 0, 0, 0
0, 0, 0, 0
280.642, 137.823, 110.896, 108.323
280.642, 137.823, 110.896, 108.323
280.642, 137.823, 110.896, 108.323
280.642, 124.746, 110.896, 108.323
280.642, 124.746, 110.896, 108.323
280.642, 124.746, 110.896, 108.323
280.642, 124.746, 110.896, 108.323
280.642, 124.746, 110.896, 108.323
280.642, 111.768, 110.896, 109.045
280.642, 111.768, 110.896, 109.045
280.642, 111.768, 110.896, 109.045
280.642, 111.768, 110.896, 109.045
280.642, 111.768, 110.896, 109.045
280.642, 111.768, 110.896, 109.045
0, 0, 0, 0
0, 0, 0, 0
0, 0, 0, 0
0, 0, 0, 0
292.98, 111.768, 111.635, 109.045
292.98, 111.768, 111.635, 109.045
292.98, 111.768, 111.635, 109.045
292.98, 111.768, 111.635, 109.045
292.98, 111.768, 111.635, 109.045
292.98, 111.768, 111.635, 109.045
292.98, 111.768, 111.635, 109.045
292.98, 111.768, 111.635, 109.045
292.98, 124.746, 111.635, 108.323
292.98, 124.746, 111.635, 108.323
292.98, 124.746, 111.635, 108.323
292.98, 124.746, 111.635, 108.323
297.587, 146.904, 92.4135, 90.2692
0, 0, 0, 0
0, 0, 0, 0
297.587, 157.002, 92.4135, 90.9914
297.587, 157.002, 92.4135, 90.9914
297.587, 157.002, 92.4135, 90.9914
297.587, 157.002, 92.4135, 90.9914
297.587, 157.002, 92.4135, 90.9914
297.587, 157.002, 92.4135, 90.9914
297.587, 157.002, 92.4135, 90.9914
297.587, 157.002, 92.4135, 90.9914
297.587, 157.002, 92.4135, 90.9914
297.587, 157.002, 92.4135, 90.9914
0, 0, 0, 0
0, 0, 0, 0
0, 0, 0, 0
0, 0, 0, 0
0, 0, 0, 0
0, 0, 0, 0
308.356, 146.904, 92.4135, 90.2692
308.356, 146.904, 92.4135, 90.2692
308.356, 136.135, 92.4135, 90.2692
308.356, 136.135, 92.4135, 90.2692
308.356, 136.135, 92.4135, 90.2692
308.356, 136.135, 92.4135, 90.2692
308.356, 125.365, 92.4135, 90.2692
292.98, 111.768, 111.635, 109.045
292.98, 111.768, 111.635, 109.045
297.587, 125.365, 92.4135, 90.2692
297.587, 125.365, 92.4135, 90.2692
297.587, 125.365, 92.4135, 90.2692
297.587, 125.365, 92.4135, 90.2692
297.587, 125.365, 92.4135, 90.2692
297.587, 125.365, 92.4135, 90.2692
297.587, 125.365, 92.4135, 90.2692
297.587, 125.365, 92.4135, 90.2692
297.587, 125.365, 92.4135, 90.2692
297.587, 125.365, 92.4135, 90.2692
297.587, 125.365, 92.4135, 90.2692
297.587, 136.135, 92.4135, 90.2692
297.587, 136.135, 92.4135, 90.2692
292.98, 124.746, 111.635, 108.323
292.98, 124.746, 111.635, 108.323
297.587, 136.135, 92.4135, 90.2692
297.587, 136.135, 92.4135, 90.2692
297.587, 136.135, 92.4135, 90.2692
297.587, 136.135, 92.4135, 90.2692
297.587, 136.135, 92.4135, 90.2692
297.587, 136.135, 92.4135, 90.2692
297.587, 125.365, 92.4135, 90.2692
297.587, 125.365, 92.4135, 90.2692
297.587, 125.365, 92.4135, 90.2692
297.587, 125.365, 92.4135, 90.2692
297.587, 125.365, 92.4135, 90.2692
297.587, 125.365, 92.4135, 90.2692
297.587, 125.365, 92.4135, 90.2692
297.587, 136.135, 92.4135, 90.2692
297.587, 136.135, 92.4135, 90.2692
297.587, 136.135, 92.4135, 90.2692
297.587, 136.135, 92.4135, 90.2692
297.587, 136.135, 92.4135, 90.2692
297.587, 136.135, 92.4135, 90.2692
297.587, 136.135, 92.4135, 90.2692
297.587, 136.135, 92.4135, 90.2692
297.587, 136.135, 92.4135, 90.2692
297.587, 136.135, 92.4135, 90.2692
297.587, 136.135, 92.4135, 90.2692
297.587, 146.904, 92.4135, 90.2692
297.587, 146.904, 92.4135, 90.2692
308.356, 146.904, 92.4135, 90.2692
308.356, 146.904, 92.4135, 90.2692
308.356, 146.904, 92.4135, 90.2692
306.027, 137.823, 110.896, 108.323
0, 0, 0, 0
0, 0, 0, 0
0, 0, 0, 0
0, 0, 0, 0
0, 0, 0, 0
0, 0, 0, 0
0, 0, 0, 0
0, 0, 0, 0
0, 0, 0, 0
0, 0, 0, 0
0, 0, 0, 0
0, 0, 0, 0
0, 0, 0, 0
0, 0, 0, 0
0, 0, 0, 0
0, 0, 0, 0
0, 0, 0, 0
0, 0, 0, 0
318.365, 137.823, 111.635, 108.323
0, 0, 0, 0
306.027, 124.746, 110.896, 108.323
306.027, 124.746, 110.896, 108.323
306.027, 124.746, 110.896, 108.323
306.027, 124.746, 110.896, 108.323
308.356, 125.365, 92.4135, 90.2692
308.356, 125.365, 92.4135, 90.2692
292.98, 111.768, 111.635, 109.045
297.587, 125.365, 92.4135, 90.2692
292.98, 111.768, 111.635, 109.045
292.98, 111.768, 111.635, 109.045
292.98, 111.768, 111.635, 109.045
292.98, 111.768, 111.635, 109.045
292.98, 111.768, 111.635, 109.045
292.98, 111.768, 111.635, 109.045
292.98, 111.768, 111.635, 109.045
297.587, 125.365, 92.4135, 90.2692
297.587, 125.365, 92.4135, 90.2692
297.587, 125.365, 92.4135, 90.2692
297.587, 125.365, 92.4135, 90.2692
300.834, 139.553, 77.6273, 75.8262
286.817, 136.135, 92.4135, 90.2692
286.817, 136.135, 92.4135, 90.2692
286.817, 136.135, 92.4135, 90.2692
286.817, 136.135, 92.4135, 90.2692
280.642, 124.746, 110.896, 108.323
286.817, 136.135, 92.4135, 90.2692
286.817, 146.904, 92.4135, 90.2692
0, 0, 0, 0
0, 0, 0, 0
0, 0, 0, 0
0, 0, 0, 0
0, 0, 0, 0
0, 0, 0, 0
0, 0, 0, 0
0, 0, 0, 0
0, 0, 0, 0
0, 0, 0, 0
0, 0, 0, 0
0, 0, 0, 0
0, 0, 0, 0
0, 0, 0, 0
0, 0, 0, 0
0, 0, 0, 0
0, 0, 0, 0
0, 0, 0, 0
0, 0, 0, 0
0, 0, 0, 0
0, 0, 0, 0
0, 0, 0, 0
0, 0, 0, 0
0, 0, 0, 0
0, 0, 0, 0
0, 0, 0, 0
0, 0, 0, 0
0, 0, 0, 0
0, 0, 0, 0
0, 0, 0, 0
0, 0, 0, 0
0, 0, 0, 0
0, 0, 0, 0
0, 0, 0, 0
0, 0, 0, 0
0, 0, 0, 0
276.078, 146.904, 93.1528, 90.2692
265.309, 146.904, 93.1528, 90.2692
255.279, 146.904, 92.4135, 90.2692
244.51, 146.904, 92.4135, 90.2692
233.74, 146.904, 92.4135, 90.2692
223.001, 146.904, 93.1528, 90.2692
223.001, 146.904, 93.1528, 90.2692
223.001, 146.904, 93.1528, 90.2692
223.001, 146.904, 93.1528, 90.2692
223.001, 136.135, 93.1528, 90.2692
233.74, 136.135, 92.4135, 90.2692
233.74, 136.135, 92.4135, 90.2692
233.74, 136.135, 92.4135, 90.2692
244.51, 136.135, 92.4135, 90.2692
255.279, 136.135, 92.4135, 90.2692
265.309, 146.904, 93.1528, 90.2692
276.078, 146.904, 93.1528, 90.2692
286.817, 146.904, 92.4135, 90.2692
0, 0, 0, 0
0, 0, 0, 0
318.365, 137.823, 111.635, 108.323
0, 0, 0, 0
0, 0, 0, 0
0, 0, 0, 0
0, 0, 0, 0
0, 0, 0, 0
0, 0, 0, 0
0, 0, 0, 0
0, 0, 0, 0
0, 0, 0, 0
0, 0, 0, 0
0, 0, 0, 0
0, 0, 0, 0
0, 0, 0, 0
0, 0, 0, 0
0, 0, 0, 0
0, 0, 0, 0
0, 0, 0, 0
0, 0, 0, 0
0, 0, 0, 0
0, 0, 0, 0
0, 0, 0, 0
0, 0, 0, 0
0, 0, 0, 0
0, 0, 0, 0
0, 0, 0, 0
0, 0, 0, 0
0, 0, 0, 0
0, 0, 0, 0
0, 0, 0, 0
0, 0, 0, 0
0, 0, 0, 0
0, 0, 0, 0
0, 0, 0, 0
0, 0, 0, 0
0, 0, 0, 0
0, 0, 0, 0
0, 0, 0, 0
0, 0, 0, 0
0, 0, 0, 0
0, 0, 0, 0
0, 0, 0, 0
0, 0, 0, 0
0, 0, 0, 0
0, 0, 0, 0
0, 0, 0, 0
0, 0, 0, 0
0, 0, 0, 0
0, 0, 0, 0
0, 0, 0, 0
0, 0, 0, 0
0, 0, 0, 0
318.365, 124.746, 111.635, 108.323
0, 0, 0, 0
318.365, 111.768, 111.635, 109.045
318.365, 99.3615, 111.635, 108.323
318.365, 99.3615, 111.635, 108.323
318.365, 99.3615, 111.635, 108.323
318.365, 99.3615, 111.635, 108.323
0, 0, 0, 0
0, 0, 0, 0
0, 0, 0, 0
0, 0, 0, 0
0, 0, 0, 0
0, 0, 0, 0
0, 0, 0, 0
0, 0, 0, 0
306.027, 111.768, 110.896, 109.045
0, 0, 0, 0
306.027, 124.746, 110.896, 108.323
0, 0, 0, 0
0, 0, 0, 0
0, 0, 0, 0
0, 0, 0, 0
0, 0, 0, 0
0, 0, 0, 0
0, 0, 0, 0
0, 0, 0, 0
0, 0, 0, 0
0, 0, 0, 0
0, 0, 0, 0
0, 0, 0, 0
0, 0, 0, 0
0, 0, 0, 0
0, 0, 0, 0
0, 0, 0, 0
0, 0, 0, 0
0, 0, 0, 0
0, 0, 0, 0
0, 0, 0, 0
0, 0, 0, 0
0, 0, 0, 0
0, 0, 0, 0
0, 0, 0, 0
0, 0, 0, 0
0, 0, 0, 0
0, 0, 0, 0
0, 0, 0, 0
0, 0, 0, 0
0, 0, 0, 0
0, 0, 0, 0
0, 0, 0, 0
0, 0, 0, 0
0, 0, 0, 0
306.155, 103.849, 133.075, 129.988
318.365, 111.768, 111.635, 109.045
318.365, 99.3615, 111.635, 108.323
318.365, 99.3615, 111.635, 108.323
0, 0, 0, 0
0, 0, 0, 0
0, 0, 0, 0
0, 0, 0, 0
306.027, 86.3829, 110.896, 109.045
306.027, 86.3829, 110.896, 109.045
306.027, 86.3829, 110.896, 109.045
306.027, 86.3829, 110.896, 109.045
306.027, 86.3829, 110.896, 109.045
306.027, 86.3829, 110.896, 109.045
306.027, 86.3829, 110.896, 109.045
306.027, 99.3615, 110.896, 108.323
306.027, 99.3615, 110.896, 108.323
306.027, 99.3615, 110.896, 108.323
306.027, 111.768, 110.896, 109.045
0, 0, 0, 0
0, 0, 0, 0
0, 0, 0, 0
0, 0, 0, 0
0, 0, 0, 0
0, 0, 0, 0
0, 0, 0, 0
0, 0, 0, 0
0, 0, 0, 0
0, 0, 0, 0
0, 0, 0, 0
0, 0, 0, 0
0, 0, 0, 0
0, 0, 0, 0
0, 0, 0, 0
0, 0, 0, 0
0, 0, 0, 0
0, 0, 0, 0
0, 0, 0, 0
0, 0, 0, 0
0, 0, 0, 0
0, 0, 0, 0
0, 0, 0, 0
0, 0, 0, 0
0, 0, 0, 0
0, 0, 0, 0
0, 0, 0, 0
0, 0, 0, 0
0, 0, 0, 0
0, 0, 0, 0
0, 0, 0, 0
0, 0, 0, 0
0, 0, 0, 0
0, 0, 0, 0
0, 0, 0, 0
0, 0, 0, 0
0, 0, 0, 0
0, 0, 0, 0
0, 0, 0, 0
0, 0, 0, 0
0, 0, 0, 0
0, 0, 0, 0
0, 0, 0, 0
308.356, 136.135, 92.4135, 90.2692
308.356, 136.135, 92.4135, 90.2692
0, 0, 0, 0
308.356, 136.135, 92.4135, 90.2692
0, 0, 0, 0
0, 0, 0, 0
0, 0, 0, 0
308.356, 136.135, 92.4135, 90.2692
308.356, 136.135, 92.4135, 90.2692
308.356, 125.365, 92.4135, 90.2692
308.356, 125.365, 92.4135, 90.2692
292.98, 111.768, 111.635, 109.045
297.587, 114.596, 92.4135, 90.2692
297.587, 114.596, 92.4135, 90.2692
297.587, 114.596, 92.4135, 90.2692
292.98, 99.3615, 111.635, 108.323
297.587, 103.925, 92.4135, 90.9914
297.587, 103.925, 92.4135, 90.9914
297.587, 114.596, 92.4135, 90.2692
297.587, 114.596, 92.4135, 90.2692
297.587, 114.596, 92.4135, 90.2692
308.356, 125.365, 92.4135, 90.2692
308.356, 125.365, 92.4135, 90.2692
308.356, 136.135, 92.4135, 90.2692
0, 0, 0, 0
0, 0, 0, 0
0, 0, 0, 0
0, 0, 0, 0
0, 0, 0, 0
0, 0, 0, 0
0, 0, 0, 0
0, 0, 0, 0
0, 0, 0, 0
0, 0, 0, 0
0, 0, 0, 0
0, 0, 0, 0
0, 0, 0, 0
0, 0, 0, 0
0, 0, 0, 0
0, 0, 0, 0
0, 0, 0, 0
0, 0, 0, 0
0, 0, 0, 0
0, 0, 0, 0
0, 0, 0, 0
0, 0, 0, 0
0, 0, 0, 0
0, 0, 0, 0
0, 0, 0, 0
0, 0, 0, 0
0, 0, 0, 0
0, 0, 0, 0
306.027, 111.768, 110.896, 109.045
306.027, 111.768, 110.896, 109.045
306.027, 111.768, 110.896, 109.045
306.027, 99.3615, 110.896, 108.323
306.027, 99.3615, 110.896, 108.323
306.027, 99.3615, 110.896, 108.323
306.027, 99.3615, 110.896, 108.323
0, 0, 0, 0
306.027, 86.3829, 110.896, 109.045
306.027, 86.3829, 110.896, 109.045
306.027, 86.3829, 110.896, 109.045
306.027, 99.3615, 110.896, 108.323
306.027, 99.3615, 110.896, 108.323
306.027, 99.3615, 110.896, 108.323
306.027, 111.768, 110.896, 109.045
308.356, 125.365, 92.4135, 90.2692
0, 0, 0, 0
0, 0, 0, 0
0, 0, 0, 0
0, 0, 0, 0
0, 0, 0, 0
0, 0, 0, 0
0, 0, 0, 0
0, 0, 0, 0
0, 0, 0, 0
0, 0, 0, 0
0, 0, 0, 0
0, 0, 0, 0
0, 0, 0, 0
0, 0, 0, 0
0, 0, 0, 0
0, 0, 0, 0
0, 0, 0, 0
0, 0, 0, 0
0, 0, 0, 0
0, 0, 0, 0
0, 0, 0, 0
0, 0, 0, 0
0, 0, 0, 0
0, 0, 0, 0
0, 0, 0, 0
0, 0, 0, 0
306.027, 111.768, 110.896, 109.045
306.027, 111.768, 110.896, 109.045
306.027, 99.3615, 110.896, 108.323
306.027, 99.3615, 110.896, 108.323
306.027, 99.3615, 110.896, 108.323
306.027, 99.3615, 110.896, 108.323
306.027, 99.3615, 110.896, 108.323
306.027, 99.3615, 110.896, 108.323
306.027, 99.3615, 110.896, 108.323
306.027, 99.3615, 110.896, 108.323
306.027, 111.768, 110.896, 109.045
306.027, 111.768, 110.896, 109.045
0, 0, 0, 0
0, 0, 0, 0
0, 0, 0, 0
0, 0, 0, 0
0, 0, 0, 0
0, 0, 0, 0
0, 0, 0, 0
0, 0, 0, 0
0, 0, 0, 0
0, 0, 0, 0
0, 0, 0, 0
0, 0, 0, 0
0, 0, 0, 0
0, 0, 0, 0
0, 0, 0, 0
0, 0, 0, 0
0, 0, 0, 0
0, 0, 0, 0
0, 0, 0, 0
0, 0, 0, 0
0, 0, 0, 0
0, 0, 0, 0
0, 0, 0, 0
0, 0, 0, 0
0, 0, 0, 0
0, 0, 0, 0
0, 0, 0, 0
0, 0, 0, 0
0, 0, 0, 0
0, 0, 0, 0
0, 0, 0, 0
0, 0, 0, 0
0, 0, 0, 0
0, 0, 0, 0
0, 0, 0, 0
0, 0, 0, 0
0, 0, 0, 0
0, 0, 0, 0
0, 0, 0, 0
0, 0, 0, 0
0, 0, 0, 0
0, 0, 0, 0
0, 0, 0, 0
0, 0, 0, 0
0, 0, 0, 0
0, 0, 0, 0
306.027, 111.768, 110.896, 109.045
306.027, 111.768, 110.896, 109.045
306.027, 111.768, 110.896, 109.045
306.027, 99.3615, 110.896, 108.323
306.027, 99.3615, 110.896, 108.323
306.027, 99.3615, 110.896, 108.323
306.027, 99.3615, 110.896, 108.323
306.027, 86.3829, 110.896, 109.045
306.027, 86.3829, 110.896, 109.045
306.027, 86.3829, 110.896, 109.045
306.027, 86.3829, 110.896, 109.045
306.027, 86.3829, 110.896, 109.045
306.027, 86.3829, 110.896, 109.045
306.027, 86.3829, 110.896, 109.045
306.027, 86.3829, 110.896, 109.045
306.027, 86.3829, 110.896, 109.045
306.027, 86.3829, 110.896, 109.045
306.027, 86.3829, 110.896, 109.045
306.027, 86.3829, 110.896, 109.045
306.027, 86.3829, 110.896, 109.045
306.027, 99.3615, 110.896, 108.323
306.027, 99.3615, 110.896, 108.323
306.027, 99.3615, 110.896, 108.323
306.027, 99.3615, 110.896, 108.323
306.027, 99.3615, 110.896, 108.323
306.027, 99.3615, 110.896, 108.323
306.027, 99.3615, 110.896, 108.323
306.027, 99.3615, 110.896, 108.323
306.027, 99.3615, 110.896, 108.323
306.027, 99.3615, 110.896, 108.323
306.027, 99.3615, 110.896, 108.323
306.027, 99.3615, 110.896, 108.323
306.027, 111.768, 110.896, 109.045
306.027, 111.768, 110.896, 109.045
306.027, 111.768, 110.896, 109.045
0, 0, 0, 0
0, 0, 0, 0
0, 0, 0, 0
0, 0, 0, 0
0, 0, 0, 0
0, 0, 0, 0
0, 0, 0, 0
0, 0, 0, 0
0, 0, 0, 0
0, 0, 0, 0
0, 0, 0, 0
0, 0, 0, 0
0, 0, 0, 0
0, 0, 0, 0
0, 0, 0, 0
0, 0, 0, 0
0, 0, 0, 0
0, 0, 0, 0
0, 0, 0, 0
0, 0, 0, 0
0, 0, 0, 0
0, 0, 0, 0
0, 0, 0, 0
0, 0, 0, 0
0, 0, 0, 0
0, 0, 0, 0
0, 0, 0, 0
0, 0, 0, 0
0, 0, 0, 0
0, 0, 0, 0
0, 0, 0, 0
292.98, 111.768, 111.635, 109.045
292.98, 111.768, 111.635, 109.045
297.587, 114.596, 92.4135, 90.2692
297.587, 114.596, 92.4135, 90.2692
286.817, 114.596, 92.4135, 90.2692
286.817, 114.596, 92.4135, 90.2692
276.078, 103.925, 93.1528, 90.9914
276.078, 114.596, 93.1528, 90.2692
276.078, 103.925, 93.1528, 90.9914
276.078, 103.925, 93.1528, 90.9914
265.309, 103.925, 93.1528, 90.9914
265.309, 103.925, 93.1528, 90.9914
265.309, 103.925, 93.1528, 90.9914
265.309, 103.925, 93.1528, 90.9914
265.309, 103.925, 93.1528, 90.9914
265.309, 103.925, 93.1528, 90.9914
265.309, 103.925, 93.1528, 90.9914
265.309, 103.925, 93.1528, 90.9914
265.309, 103.925, 93.1528, 90.9914
265.309, 103.925, 93.1528, 90.9914
265.309, 103.925, 93.1528, 90.9914
265.309, 103.925, 93.1528, 90.9914
265.309, 103.925, 93.1528, 90.9914
265.309, 103.925, 93.1528, 90.9914
265.309, 103.925, 93.1528, 90.9914
265.309, 103.925, 93.1528, 90.9914
265.309, 103.925, 93.1528, 90.9914
265.309, 103.925, 93.1528, 90.9914
265.309, 103.925, 93.1528, 90.9914
276.078, 114.596, 93.1528, 90.2692
276.078, 114.596, 93.1528, 90.2692
276.078, 114.596, 93.1528, 90.2692
276.078, 114.596, 93.1528, 90.2692
276.078, 114.596, 93.1528, 90.2692
276.078, 114.596, 93.1528, 90.2692
276.078, 114.596, 93.1528, 90.2692
276.078, 114.596, 93.1528, 90.2692
276.078, 114.596, 93.1528, 90.2692
276.078, 114.596, 93.1528, 90.2692
276.078, 114.596, 93.1528, 90.2692
276.078, 114.596, 93.1528, 90.2692
286.817, 114.596, 92.4135, 90.2692
286.817, 114.596, 92.4135, 90.2692
286.817, 114.596, 92.4135, 90.2692
286.817, 114.596, 92.4135, 90.2692
300.834, 121.861, 77.6273, 75.8262
297.587, 114.596, 92.4135, 90.2692
297.587, 114.596, 92.4135, 90.2692
297.587, 114.596, 92.4135, 90.2692
297.587, 114.596, 92.4135, 90.2692
297.587, 114.596, 92.4135, 90.2692
308.356, 114.596, 92.4135, 90.2692
308.356, 114.596, 92.4135, 90.2692
0, 0, 0, 0
0, 0, 0, 0
0, 0, 0, 0
0, 0, 0, 0
0, 0, 0, 0
0, 0, 0, 0
0, 0, 0, 0
0, 0, 0, 0
0, 0, 0, 0
0, 0, 0, 0
0, 0, 0, 0
0, 0, 0, 0
0, 0, 0, 0
0, 0, 0, 0
0, 0, 0, 0
0, 0, 0, 0
0, 0, 0, 0
0, 0, 0, 0
0, 0, 0, 0
0, 0, 0, 0
0, 0, 0, 0
0, 0, 0, 0
0, 0, 0, 0
319.125, 114.596, 92.4135, 90.2692
319.125, 114.596, 92.4135, 90.2692
319.125, 114.596, 92.4135, 90.2692
319.125, 114.596, 92.4135, 90.2692
319.125, 114.596, 92.4135, 90.2692
319.125, 114.596, 92.4135, 90.2692
319.125, 114.596, 92.4135, 90.2692
0, 0, 0, 0
0, 0, 0, 0
0, 0, 0, 0
306.027, 86.3829, 110.896, 109.045
306.027, 86.3829, 110.896, 109.045
306.027, 86.3829, 110.896, 109.045
306.027, 86.3829, 110.896, 109.045
306.027, 86.3829, 110.896, 109.045
306.027, 86.3829, 110.896, 109.045
306.027, 86.3829, 110.896, 109.045
306.027, 86.3829, 110.896, 109.045
306.027, 86.3829, 110.896, 109.045
306.027, 86.3829, 110.896, 109.045
306.027, 86.3829, 110.896, 109.045
306.027, 86.3829, 110.896, 109.045
306.027, 86.3829, 110.896, 109.045
306.027, 86.3829, 110.896, 109.045
306.027, 86.3829, 110.896, 109.045
318.365, 86.3829, 111.635, 109.045
318.365, 86.3829, 111.635, 109.045
318.365, 86.3829, 111.635, 109.045
318.365, 86.3829, 111.635, 109.045
0, 0, 0, 0
0, 0, 0, 0
0, 0, 0, 0
0, 0, 0, 0
0, 0, 0, 0
0, 0, 0, 0
308.356, 103.925, 92.4135, 90.9914
308.356, 103.925, 92.4135, 90.9914
308.356, 103.925, 92.4135, 90.9914
306.027, 99.3615, 110.896, 108.323
306.027, 99.3615, 110.896, 108.323
306.027, 99.3615, 110.896, 108.323
306.027, 99.3615, 110.896, 108.323
306.027, 99.3615, 110.896, 108.323
306.027, 99.3615, 110.896, 108.323
306.027, 99.3615, 110.896, 108.323
306.027, 99.3615, 110.896, 108.323
306.027, 99.3615, 110.896, 108.323
306.027, 99.3615, 110.896, 108.323
306.027, 99.3615, 110.896, 108.323
306.027, 99.3615, 110.896, 108.323
306.027, 99.3615, 110.896, 108.323
306.027, 99.3615, 110.896, 108.323
306.027, 99.3615, 110.896, 108.323
306.027, 99.3615, 110.896, 108.323
306.027, 99.3615, 110.896, 108.323
306.027, 99.3615, 110.896, 108.323
292.98, 99.3615, 111.635, 108.323
292.98, 99.3615, 111.635, 108.323
292.98, 99.3615, 111.635, 108.323
292.98, 99.3615, 111.635, 108.323
297.587, 103.925, 92.4135, 90.9914
297.587, 103.925, 92.4135, 90.9914
297.587, 103.925, 92.4135, 90.9914
280.642, 99.3615, 110.896, 108.323
280.642, 99.3615, 110.896, 108.323
280.642, 99.3615, 110.896, 108.323
280.642, 99.3615, 110.896, 108.323
280.642, 99.3615, 110.896, 108.323
280.642, 99.3615, 110.896, 108.323
300.834, 121.861, 77.6273, 75.8262
286.817, 114.596, 92.4135, 90.2692
286.817, 114.596, 92.4135, 90.2692
280.642, 99.3615, 110.896, 108.323
280.642, 99.3615, 110.896, 108.323
280.642, 99.3615, 110.896, 108.323
280.642, 99.3615, 110.896, 108.323
286.817, 103.925, 92.4135, 90.9914
280.642, 99.3615, 110.896, 108.323
286.817, 103.925, 92.4135, 90.9914
286.817, 103.925, 92.4135, 90.9914
286.817, 103.925, 92.4135, 90.9914
280.642, 86.3829, 110.896, 109.045
297.587, 93.156, 92.4135, 90.9914
297.587, 93.156, 92.4135, 90.9914
297.587, 93.156, 92.4135, 90.9914
292.98, 86.3829, 111.635, 109.045
297.587, 93.156, 92.4135, 90.9914
297.587, 93.156, 92.4135, 90.9914
292.98, 86.3829, 111.635, 109.045
297.587, 103.925, 92.4135, 90.9914
292.98, 99.3615, 111.635, 108.323
292.98, 99.3615, 111.635, 108.323
0, 0, 0, 0
0, 0, 0, 0
0, 0, 0, 0
0, 0, 0, 0
0, 0, 0, 0
0, 0, 0, 0
0, 0, 0, 0
0, 0, 0, 0
0, 0, 0, 0
0, 0, 0, 0
306.027, 99.3615, 110.896, 108.323
0, 0, 0, 0
306.027, 99.3615, 110.896, 108.323
306.027, 99.3615, 110.896, 108.323
306.027, 99.3615, 110.896, 108.323
306.027, 99.3615, 110.896, 108.323
306.027, 99.3615, 110.896, 108.323
306.027, 99.3615, 110.896, 108.323
306.027, 99.3615, 110.896, 108.323
306.027, 99.3615, 110.896, 108.323
306.027, 99.3615, 110.896, 108.323
308.356, 103.925, 92.4135, 90.9914
308.356, 103.925, 92.4135, 90.9914
308.356, 103.925, 92.4135, 90.9914
308.356, 103.925, 92.4135, 90.9914
308.356, 103.925, 92.4135, 90.9914
308.356, 103.925, 92.4135, 90.9914
306.027, 99.3615, 110.896, 108.323
306.027, 99.3615, 110.896, 108.323
306.027, 99.3615, 110.896, 108.323
306.027, 99.3615, 110.896, 108.323
306.027, 99.3615, 110.896, 108.323
306.027, 99.3615, 110.896, 108.323
306.027, 99.3615, 110.896, 108.323
306.027, 99.3615, 110.896, 108.323
306.027, 99.3615, 110.896, 108.323
306.027, 99.3615, 110.896, 108.323
308.356, 114.596, 92.4135, 90.2692
308.356, 114.596, 92.4135, 90.2692
308.356, 114.596, 92.4135, 90.2692
308.356, 114.596, 92.4135, 90.2692
0, 0, 0, 0
0, 0, 0, 0
0, 0, 0, 0
292.98, 99.3615, 111.635, 108.323
292.98, 99.3615, 111.635, 108.323
292.98, 99.3615, 111.635, 108.323
292.98, 99.3615, 111.635, 108.323
292.98, 99.3615, 111.635, 108.323
0, 0, 0, 0
286.817, 103.925, 92.4135, 90.9914
286.817, 103.925, 92.4135, 90.9914
286.817, 103.925, 92.4135, 90.9914
286.817, 103.925, 92.4135, 90.9914
286.817, 103.925, 92.4135, 90.9914
286.817, 103.925, 92.4135, 90.9914
286.817, 103.925, 92.4135, 90.9914
286.817, 103.925, 92.4135, 90.9914
280.642, 99.3615, 110.896, 108.323
286.817, 103.925, 92.4135, 90.9914
286.817, 103.925, 92.4135, 90.9914
286.817, 103.925, 92.4135, 90.9914
286.817, 103.925, 92.4135, 90.9914
286.817, 103.925, 92.4135, 90.9914
280.642, 86.3829, 110.896, 109.045
286.817, 93.156, 92.4135, 90.9914
0, 0, 0, 0
0, 0, 0, 0
292.98, 73.9769, 111.635, 108.323
292.98, 73.9769, 111.635, 108.323
292.98, 73.9769, 111.635, 108.323
292.98, 73.9769, 111.635, 108.323
0, 0, 0, 0
0, 0, 0, 0
0, 0, 0, 0
0, 0, 0, 0
0, 0, 0, 0
0, 0, 0, 0
292.98, 73.9769, 111.635, 108.323
292.98, 73.9769, 111.635, 108.323
292.98, 73.9769, 111.635, 108.323
292.98, 73.9769, 111.635, 108.323
292.98, 86.3829, 111.635, 109.045
292.98, 86.3829, 111.635, 109.045
297.587, 103.925, 92.4135, 90.9914
292.98, 99.3615, 111.635, 108.323
0, 0, 0, 0
292.98, 99.3615, 111.635, 108.323
0, 0, 0, 0
0, 0, 0, 0
292.98, 99.3615, 111.635, 108.323
292.98, 99.3615, 111.635, 108.323
292.98, 99.3615, 111.635, 108.323
292.98, 99.3615, 111.635, 108.323
292.98, 99.3615, 111.635, 108.323
292.98, 99.3615, 111.635, 108.323
292.98, 99.3615, 111.635, 108.323
292.98, 99.3615, 111.635, 108.323
292.98, 99.3615, 111.635, 108.323
292.98, 99.3615, 111.635, 108.323
292.98, 99.3615, 111.635, 108.323
292.98, 99.3615, 111.635, 108.323
292.98, 99.3615, 111.635, 108.323
292.98, 99.3615, 111.635, 108.323
292.98, 99.3615, 111.635, 108.323
292.98, 99.3615, 111.635, 108.323
292.98, 99.3615, 111.635, 108.323
292.98, 99.3615, 111.635, 108.323
292.98, 99.3615, 111.635, 108.323
297.587, 103.925, 92.4135, 90.9914
297.587, 103.925, 92.4135, 90.9914
297.587, 103.925, 92.4135, 90.9914
297.587, 103.925, 92.4135, 90.9914
297.587, 103.925, 92.4135, 90.9914
297.587, 103.925, 92.4135, 90.9914
297.587, 103.925, 92.4135, 90.9914
297.587, 103.925, 92.4135, 90.9914
297.587, 103.925, 92.4135, 90.9914
286.817, 93.156, 92.4135, 90.9914
286.817, 93.156, 92.4135, 90.9914
286.817, 93.156, 92.4135, 90.9914
292.373, 95.7069, 77.6273, 75.8262
276.078, 93.156, 93.1528, 90.9914
276.078, 93.156, 93.1528, 90.9914
276.078, 93.156, 93.1528, 90.9914
276.078, 93.156, 93.1528, 90.9914
276.078, 93.156, 93.1528, 90.9914
276.078, 93.156, 93.1528, 90.9914
276.078, 93.156, 93.1528, 90.9914
276.078, 93.156, 93.1528, 90.9914
276.078, 93.156, 93.1528, 90.9914
276.078, 93.156, 93.1528, 90.9914
276.078, 93.156, 93.1528, 90.9914
276.078, 93.156, 93.1528, 90.9914
292.373, 104.168, 77.6273, 75.8262
292.373, 104.168, 77.6273, 75.8262
292.373, 104.168, 77.6273, 75.8262
286.817, 103.925, 92.4135, 90.9914
286.817, 103.925, 92.4135, 90.9914
286.817, 103.925, 92.4135, 90.9914
286.817, 103.925, 92.4135, 90.9914
300.834, 113.399, 77.6273, 75.8262
297.587, 103.925, 92.4135, 90.9914
297.587, 103.925, 92.4135, 90.9914
310.065, 121.861, 77.6273, 75.8262
308.356, 114.596, 92.4135, 90.2692
308.356, 114.596, 92.4135, 90.2692
308.356, 114.596, 92.4135, 90.2692
308.356, 114.596, 92.4135, 90.2692
308.356, 114.596, 92.4135, 90.2692
308.356, 114.596, 92.4135, 90.2692
308.356, 114.596, 92.4135, 90.2692
308.356, 114.596, 92.4135, 90.2692
0, 0, 0, 0
0, 0, 0, 0
0, 0, 0, 0
0, 0, 0, 0
0, 0, 0, 0
0, 0, 0, 0
0, 0, 0, 0
0, 0, 0, 0
0, 0, 0, 0
0, 0, 0, 0
0, 0, 0, 0
0, 0, 0, 0
0, 0, 0, 0
0, 0, 0, 0
0, 0, 0, 0
0, 0, 0, 0
0, 0, 0, 0
0, 0, 0, 0
0, 0, 0, 0
0, 0, 0, 0
0, 0, 0, 0
319.125, 114.596, 92.4135, 90.2692
319.125, 103.925, 92.4135, 90.9914
319.125, 103.925, 92.4135, 90.9914
306.027, 86.3829, 110.896, 109.045
306.027, 86.3829, 110.896, 109.045
306.027, 86.3829, 110.896, 109.045
306.027, 86.3829, 110.896, 109.045
306.027, 86.3829, 110.896, 109.045
306.027, 86.3829, 110.896, 109.045
306.027, 86.3829, 110.896, 109.045
306.027, 86.3829, 110.896, 109.045
306.027, 86.3829, 110.896, 109.045
306.027, 99.3615, 110.896, 108.323
306.027, 99.3615, 110.896, 108.323
306.027, 99.3615, 110.896, 108.323
308.356, 103.925, 92.4135, 90.9914
0, 0, 0, 0
318.527, 113.399, 77.6273, 75.8262
306.027, 99.3615, 110.896, 108.323
308.356, 114.596, 92.4135, 90.2692
308.356, 114.596, 92.4135, 90.2692
0, 0, 0, 0
0, 0, 0, 0
0, 0, 0, 0
0, 0, 0, 0
0, 0, 0, 0
0, 0, 0, 0
0, 0, 0, 0
0, 0, 0, 0
308.356, 114.596, 92.4135, 90.2692
0, 0, 0, 0
0, 0, 0, 0
0, 0, 0, 0
297.587, 114.596, 92.4135, 90.2692
297.587, 114.596, 92.4135, 90.2692
292.98, 99.3615, 111.635, 108.323
292.98, 99.3615, 111.635, 108.323
292.98, 99.3615, 111.635, 108.323
297.587, 103.925, 92.4135, 90.9914
292.98, 86.3829, 111.635, 109.045
292.98, 86.3829, 111.635, 109.045
292.98, 86.3829, 111.635, 109.045
292.98, 86.3829, 111.635, 109.045
297.587, 103.925, 92.4135, 90.9914
297.587, 103.925, 92.4135, 90.9914
292.98, 99.3615, 111.635, 108.323
292.98, 99.3615, 111.635, 108.323
292.98, 99.3615, 111.635, 108.323
292.98, 99.3615, 111.635, 108.323
292.98, 86.3829, 111.635, 109.045
0, 0, 0, 0
0, 0, 0, 0
0, 0, 0, 0
0, 0, 0, 0
0, 0, 0, 0
0, 0, 0, 0
0, 0, 0, 0
0, 0, 0, 0
306.027, 99.3615, 110.896, 108.323
0, 0, 0, 0
0, 0, 0, 0
0, 0, 0, 0
0, 0, 0, 0
0, 0, 0, 0
0, 0, 0, 0
0, 0, 0, 0
0, 0, 0, 0
0, 0, 0, 0
0, 0, 0, 0
0, 0, 0, 0
0, 0, 0, 0
0, 0, 0, 0
0, 0, 0, 0
0, 0, 0, 0
0, 0, 0, 0
0, 0, 0, 0
0, 0, 0, 0
292.98, 99.3615, 111.635, 108.323
292.98, 99.3615, 111.635, 108.323
292.98, 99.3615, 111.635, 108.323
292.98, 99.3615, 111.635, 108.323
292.98, 99.3615, 111.635, 108.323
292.98, 99.3615, 111.635, 108.323
310.065, 121.861, 77.6273, 75.8262
292.98, 99.3615, 111.635, 108.323
297.587, 103.925, 92.4135, 90.9914
297.587, 103.925, 92.4135, 90.9914
297.587, 103.925, 92.4135, 90.9914
297.587, 103.925, 92.4135, 90.9914
297.587, 103.925, 92.4135, 90.9914
297.587, 103.925, 92.4135, 90.9914
297.587, 103.925, 92.4135, 90.9914
297.587, 103.925, 92.4135, 90.9914
297.587, 103.925, 92.4135, 90.9914
297.587, 103.925, 92.4135, 90.9914
310.065, 121.861, 77.6273, 75.8262
310.065, 121.861, 77.6273, 75.8262
310.065, 121.861, 77.6273, 75.8262
308.356, 114.596, 92.4135, 90.2692
0, 0, 0, 0
0, 0, 0, 0
0, 0, 0, 0
0, 0, 0, 0
0, 0, 0, 0
0, 0, 0, 0
0, 0, 0, 0
0, 0, 0, 0
0, 0, 0, 0
0, 0, 0, 0
0, 0, 0, 0
0, 0, 0, 0
0, 0, 0, 0
0, 0, 0, 0
0, 0, 0, 0
0, 0, 0, 0
0, 0, 0, 0
319.125, 114.596, 92.4135, 90.2692
308.356, 114.596, 92.4135, 90.2692
308.356, 114.596, 92.4135, 90.2692
306.027, 99.3615, 110.896, 108.323
306.027, 99.3615, 110.896, 108.323
306.027, 99.3615, 110.896, 108.323
306.027, 86.3829, 110.896, 109.045
306.027, 86.3829, 110.896, 109.045
306.027, 86.3829, 110.896, 109.045
306.027, 86.3829, 110.896, 109.045
306.027, 73.9769, 110.896, 108.323
306.027, 73.9769, 110.896, 108.323
0, 0, 0, 0
292.98, 86.3829, 111.635, 109.045
0, 0, 0, 0
292.98, 86.3829, 111.635, 109.045
297.587, 103.925, 92.4135, 90.9914
292.98, 99.3615, 111.635, 108.323
297.587, 114.596, 92.4135, 90.2692
297.587, 114.596, 92.4135, 90.2692
297.587, 114.596, 92.4135, 90.2692
0, 0, 0, 0
0, 0, 0, 0
0, 0, 0, 0
0, 0, 0, 0
0, 0, 0, 0
0, 0, 0, 0
0, 0, 0, 0
0, 0, 0, 0
0, 0, 0, 0
0, 0, 0, 0
0, 0, 0, 0
0, 0, 0, 0
0, 0, 0, 0
0, 0, 0, 0
0, 0, 0, 0
297.587, 114.596, 92.4135, 90.2692
297.587, 114.596, 92.4135, 90.2692
297.587, 114.596, 92.4135, 90.2692
297.587, 114.596, 92.4135, 90.2692
297.587, 114.596, 92.4135, 90.2692
297.587, 114.596, 92.4135, 90.2692
297.587, 114.596, 92.4135, 90.2692
297.587, 114.596, 92.4135, 90.2692
297.587, 114.596, 92.4135, 90.2692
297.587, 114.596, 92.4135, 90.2692
297.587, 114.596, 92.4135, 90.2692
297.587, 114.596, 92.4135, 90.2692
297.587, 114.596, 92.4135, 90.2692
297.587, 114.596, 92.4135, 90.2692
297.587, 114.596, 92.4135, 90.2692
0, 0, 0, 0
0, 0, 0, 0
0, 0, 0, 0
297.587, 114.596, 92.4135, 90.2692
308.356, 114.596, 92.4135, 90.2692
292.98, 99.3615, 111.635, 108.323
308.356, 114.596, 92.4135, 90.2692
292.98, 99.3615, 111.635, 108.323
292.98, 99.3615, 111.635, 108.323
297.587, 114.596, 92.4135, 90.2692
292.98, 99.3615, 111.635, 108.323
297.587, 114.596, 92.4135, 90.2692
292.98, 99.3615, 111.635, 108.323
292.98, 99.3615, 111.635, 108.323
292.98, 99.3615, 111.635, 108.323
292.98, 99.3615, 111.635, 108.323
0, 0, 0, 0
292.98, 86.3829, 111.635, 109.045
292.98, 86.3829, 111.635, 109.045
292.98, 86.3829, 111.635, 109.045
292.98, 86.3829, 111.635, 109.045
292.98, 86.3829, 111.635, 109.045
292.98, 86.3829, 111.635, 109.045
292.98, 99.3615, 111.635, 108.323
292.98, 99.3615, 111.635, 108.323
292.98, 99.3615, 111.635, 108.323
0, 0, 0, 0
0, 0, 0, 0
0, 0, 0, 0
0, 0, 0, 0
297.587, 114.596, 92.4135, 90.2692
0, 0, 0, 0
0, 0, 0, 0
0, 0, 0, 0
0, 0, 0, 0
0, 0, 0, 0
0, 0, 0, 0
0, 0, 0, 0
0, 0, 0, 0
0, 0, 0, 0
0, 0, 0, 0
297.587, 125.365, 92.4135, 90.2692
0, 0, 0, 0
0, 0, 0, 0
0, 0, 0, 0
0, 0, 0, 0
0, 0, 0, 0
0, 0, 0, 0
0, 0, 0, 0
0, 0, 0, 0
0, 0, 0, 0
0, 0, 0, 0
0, 0, 0, 0
0, 0, 0, 0
297.587, 114.596, 92.4135, 90.2692
297.587, 114.596, 92.4135, 90.2692
297.587, 114.596, 92.4135, 90.2692
297.587, 114.596, 92.4135, 90.2692
297.587, 114.596, 92.4135, 90.2692
297.587, 114.596, 92.4135, 90.2692
297.587, 114.596, 92.4135, 90.2692
297.587, 114.596, 92.4135, 90.2692
297.587, 114.596, 92.4135, 90.2692
0, 0, 0, 0
0, 0, 0, 0
0, 0, 0, 0
0, 0, 0, 0
0, 0, 0, 0
0, 0, 0, 0
0, 0, 0, 0
0, 0, 0, 0
0, 0, 0, 0
0, 0, 0, 0
0, 0, 0, 0
0, 0, 0, 0
0, 0, 0, 0
0, 0, 0, 0
0, 0, 0, 0
0, 0, 0, 0
0, 0, 0, 0
0, 0, 0, 0
0, 0, 0, 0
0, 0, 0, 0
0, 0, 0, 0
0, 0, 0, 0
0, 0, 0, 0
0, 0, 0, 0
0, 0, 0, 0
0, 0, 0, 0
0, 0, 0, 0
0, 0, 0, 0
0, 0, 0, 0
0, 0, 0, 0
0, 0, 0, 0
0, 0, 0, 0
306.027, 99.3615, 110.896, 108.323
0, 0, 0, 0
0, 0, 0, 0
306.027, 99.3615, 110.896, 108.323
306.027, 99.3615, 110.896, 108.323
0, 0, 0, 0
306.027, 99.3615, 110.896, 108.323
306.027, 99.3615, 110.896, 108.323
306.027, 99.3615, 110.896, 108.323
306.027, 86.3829, 110.896, 109.045
306.027, 86.3829, 110.896, 109.045
306.027, 86.3829, 110.896, 109.045
306.027, 86.3829, 110.896, 109.045
306.027, 86.3829, 110.896, 109.045
0, 0, 0, 0
0, 0, 0, 0
0, 0, 0, 0
0, 0, 0, 0
292.98, 99.3615, 111.635, 108.323
292.98, 99.3615, 111.635, 108.323
0, 0, 0, 0
0, 0, 0, 0
0, 0, 0, 0
0, 0, 0, 0
0, 0, 0, 0
0, 0, 0, 0
0, 0, 0, 0
0, 0, 0, 0
0, 0, 0, 0
0, 0, 0, 0
0, 0, 0, 0
0, 0, 0, 0
0, 0, 0, 0
0, 0, 0, 0
0, 0, 0, 0
0, 0, 0, 0
0, 0, 0, 0
0, 0, 0, 0
0, 0, 0, 0
0, 0, 0, 0
0, 0, 0, 0
0, 0, 0, 0
0, 0, 0, 0
0, 0, 0, 0
0, 0, 0, 0
297.587, 125.365, 92.4135, 90.2692
297.587, 125.365, 92.4135, 90.2692
297.587, 125.365, 92.4135, 90.2692
297.587, 125.365, 92.4135, 90.2692
292.98, 111.768, 111.635, 109.045
0, 0, 0, 0
0, 0, 0, 0
0, 0, 0, 0
0, 0, 0, 0
0, 0, 0, 0
0, 0, 0, 0
0, 0, 0, 0
0, 0, 0, 0
0, 0, 0, 0
0, 0, 0, 0
0, 0, 0, 0
0, 0, 0, 0
0, 0, 0, 0
0, 0, 0, 0
0, 0, 0, 0
0, 0, 0, 0
0, 0, 0, 0
0, 0, 0, 0
0, 0, 0, 0
297.587, 114.596, 92.4135, 90.2692
297.587, 114.596, 92.4135, 90.2692
297.587, 114.596, 92.4135, 90.2692
297.587, 114.596, 92.4135, 90.2692
297.587, 114.596, 92.4135, 90.2692
297.587, 114.596, 92.4135, 90.2692
297.587, 114.596, 92.4135, 90.2692
297.587, 114.596, 92.4135, 90.2692
297.587, 114.596, 92.4135, 90.2692
297.587, 114.596, 92.4135, 90.2692
0, 0, 0, 0
0, 0, 0, 0
0, 0, 0, 0
297.587, 114.596, 92.4135, 90.2692
0, 0, 0, 0
0, 0, 0, 0
0, 0, 0, 0
0, 0, 0, 0
297.587, 125.365, 92.4135, 90.2692
297.587, 125.365, 92.4135, 90.2692
297.587, 125.365, 92.4135, 90.2692
297.587, 125.365, 92.4135, 90.2692
297.587, 125.365, 92.4135, 90.2692
297.587, 125.365, 92.4135, 90.2692
297.587, 125.365, 92.4135, 90.2692
297.587, 125.365, 92.4135, 90.2692
297.587, 125.365, 92.4135, 90.2692
292.98, 111.768, 111.635, 109.045
292.98, 111.768, 111.635, 109.045
0, 0, 0, 0
0, 0, 0, 0
0, 0, 0, 0
0, 0, 0, 0
0, 0, 0, 0
308.356, 114.596, 92.4135, 90.2692
0, 0, 0, 0
0, 0, 0, 0
0, 0, 0, 0
0, 0, 0, 0
0, 0, 0, 0
0, 0, 0, 0
0, 0, 0, 0
0, 0, 0, 0
0, 0, 0, 0
0, 0, 0, 0
0, 0, 0, 0
0, 0, 0, 0
0, 0, 0, 0
319.125, 125.365, 92.4135, 90.2692
0, 0, 0, 0
0, 0, 0, 0
319.125, 125.365, 92.4135, 90.2692
0, 0, 0, 0
0, 0, 0, 0
0, 0, 0, 0
0, 0, 0, 0
0, 0, 0, 0
0, 0, 0, 0
0, 0, 0, 0
0, 0, 0, 0
0, 0, 0, 0
0, 0, 0, 0
0, 0, 0, 0
0, 0, 0, 0
308.356, 125.365, 92.4135, 90.2692
0, 0, 0, 0
0, 0, 0, 0
0, 0, 0, 0
0, 0, 0, 0
308.356, 125.365, 92.4135, 90.2692
308.356, 125.365, 92.4135, 90.2692
308.356, 125.365, 92.4135, 90.2692
306.027, 111.768, 110.896, 109.045
308.356, 125.365, 92.4135, 90.2692
0, 0, 0, 0
0, 0, 0, 0
0, 0, 0, 0
0, 0, 0, 0
0, 0, 0, 0
0, 0, 0, 0
0, 0, 0, 0
292.98, 99.3615, 111.635, 108.323
292.98, 99.3615, 111.635, 108.323
292.98, 99.3615, 111.635, 108.323
0, 0, 0, 0
292.98, 86.3829, 111.635, 109.045
292.98, 86.3829, 111.635, 109.045
0, 0, 0, 0
0, 0, 0, 0
0, 0, 0, 0
0, 0, 0, 0
0, 0, 0, 0
0, 0, 0, 0
0, 0, 0, 0
0, 0, 0, 0
0, 0, 0, 0
0, 0, 0, 0
292.98, 86.3829, 111.635, 109.045
292.98, 86.3829, 111.635, 109.045
292.98, 86.3829, 111.635, 109.045
292.98, 86.3829, 111.635, 109.045
0, 0, 0, 0
292.98, 86.3829, 111.635, 109.045
