280.326, 79.4203, 65.0591, 63.5495
280.326, 79.4203, 65.0591, 63.5495
280.326, 79.4203, 65.0591, 63.5495
280.326, 79.4203, 65.0591, 63.5495
280.326, 79.4203, 65.0591, 63.5495
280.326, 79.4203, 65.0591, 63.5495
280.326, 79.4203, 65.0591, 63.5495
280.326, 87.0143, 65.0591, 62.8274
280.326, 87.0143, 65.0591, 62.8274
280.326, 87.0143, 65.0591, 62.8274
280.326, 79.4203, 65.0591, 63.5495
280.326, 79.4203, 65.0591, 63.5495
280.326, 79.4203, 65.0591, 63.5495
280.326, 79.4203, 65.0591, 63.5495
280.326, 79.4203, 65.0591, 63.5495
280.326, 79.4203, 65.0591, 63.5495
280.326, 79.4203, 65.0591, 63.5495
280.326, 79.4203, 65.0591, 63.5495
280.326, 79.4203, 65.0591, 63.5495
280.326, 79.4203, 65.0591, 63.5495
280.326, 79.4203, 65.0591, 63.5495
280.326, 79.4203, 65.0591, 63.5495
280.326, 79.4203, 65.0591, 63.5495
280.326, 79.4203, 65.0591, 63.5495
280.326, 79.4203, 65.0591, 63.5495
280.326, 79.4203, 65.0591, 63.5495
280.326, 87.0143, 65.0591, 62.8274
289.107, 91.0226, 53.9695, 52.7172
289.107, 91.0226, 53.9695, 52.7172
289.107, 91.0226, 53.9695, 52.7172
289.107, 91.0226, 53.9695, 52.7172
289.107, 91.0226, 53.9695, 52.7172
289.107, 91.0226, 53.9695, 52.7172
289.107, 91.0226, 53.9695, 52.7172
287.988, 87.0143, 64.3198, 62.8274
287.988, 87.0143, 64.3198, 62.8274
287.988, 87.0143, 64.3198, 62.8274
287.988, 87.0143, 64.3198, 62.8274
295.261, 91.0226, 53.9695, 52.7172
295.261, 91.0226, 53.9695, 52.7172
295.261, 91.0226, 53.9695, 52.7172
295.261, 91.0226, 53.9695, 52.7172
295.261, 91.0226, 53.9695, 52.7172
295.261, 91.0226, 53.9695, 52.7172
295.261, 91.0226, 53.9695, 52.7172
295.261, 91.0226, 53.9695, 52.7172
295.261, 91.0226, 53.9695, 52.7172
295.261, 91.0226, 53.9695, 52.7172
295.261, 91.0226, 53.9695, 52.7172
295.261, 91.0226, 53.9695, 52.7172
295.261, 91.0226, 53.9695, 52.7172
287.988, 87.0143, 64.3198, 62.8274
295.261, 91.0226, 53.9695, 52.7172
295.261, 91.0226, 53.9695, 52.7172
295.261, 91.0226, 53.9695, 52.7172
295.261, 91.0226, 53.9695, 52.7172
295.261, 91.0226, 53.9695, 52.7172
295.261, 91.0226, 53.9695, 52.7172
294.941, 79.4203, 65.0591, 63.5495
294.941, 79.4203, 65.0591, 63.5495
294.941, 79.4203, 65.0591, 63.5495
294.941, 79.4203, 65.0591, 63.5495
294.941, 79.4203, 65.0591, 63.5495
294.941, 79.4203, 65.0591, 63.5495
294.941, 79.4203, 65.0591, 63.5495
294.941, 79.4203, 65.0591, 63.5495
294.941, 79.4203, 65.0591, 63.5495
294.941, 79.4203, 65.0591, 63.5495
294.941, 79.4203, 65.0591, 63.5495
294.941, 79.4203, 65.0591, 63.5495
294.941, 79.4203, 65.0591, 63.5495
294.941, 79.4203, 65.0591, 63.5495
294.941, 79.4203, 65.0591, 63.5495
294.941, 79.4203, 65.0591, 63.5495
294.941, 79.4203, 65.0591, 63.5495
294.941, 79.4203, 65.0591, 63.5495
294.941, 79.4203, 65.0591, 63.5495
294.941, 79.4203, 65.0591, 63.5495
294.941, 79.4203, 65.0591, 63.5495
294.941, 79.4203, 65.0591, 63.5495
294.941, 79.4203, 65.0591, 63.5495
294.941, 79.4203, 65.0591, 63.5495
294.941, 79.4203, 65.0591, 63.5495
294.941, 79.4203, 65.0591, 63.5495
294.941, 79.4203, 65.0591, 63.5495
294.941, 79.4203, 65.0591, 63.5495
294.941, 79.4203, 65.0591, 63.5495
294.941, 79.4203, 65.0591, 63.5495
294.941, 79.4203, 65.0591, 63.5495
294.941, 79.4203, 65.0591, 63.5495
294.941, 79.4203, 65.0591, 63.5495
294.941, 79.4203, 65.0591, 63.5495
294.941, 79.4203, 65.0591, 63.5495
294.941, 79.4203, 65.0591, 63.5495
294.941, 79.4203, 65.0591, 63.5495
294.941, 79.4203, 65.0591, 63.5495
294.941, 79.4203, 65.0591, 63.5495
294.941, 79.4203, 65.0591, 63.5495
294.941, 79.4203, 65.0591, 63.5495
294.941, 79.4203, 65.0591, 63.5495
294.941, 79.4203, 65.0591, 63.5495
294.941, 79.4203, 65.0591, 63.5495
294.941, 79.4203, 65.0591, 63.5495
294.941, 79.4203, 65.0591, 63.5495
294.941, 79.4203, 65.0591, 63.5495
295.261, 84.8688, 53.9695, 52.7172
295.261, 84.8688, 53.9695, 52.7172
295.261, 84.8688, 53.9695, 52.7172
295.261, 84.8688, 53.9695, 52.7172
295.261, 84.8688, 53.9695, 52.7172
294.941, 79.4203, 65.0591, 63.5495
294.941, 79.4203, 65.0591, 63.5495
294.941, 79.4203, 65.0591, 63.5495
294.941, 79.4203, 65.0591, 63.5495
294.941, 79.4203, 65.0591, 63.5495
294.941, 79.4203, 65.0591, 63.5495
294.941, 79.4203, 65.0591, 63.5495
294.941, 87.0143, 65.0591, 62.8274
294.941, 87.0143, 65.0591, 62.8274
294.941, 87.0143, 65.0591, 62.8274
294.941, 87.0143, 65.0591, 62.8274
294.941, 87.0143, 65.0591, 62.8274
294.941, 87.0143, 65.0591, 62.8274
294.941, 87.0143, 65.0591, 62.8274
294.941, 87.0143, 65.0591, 62.8274
294.941, 87.0143, 65.0591, 62.8274
294.941, 87.0143, 65.0591, 62.8274
294.941, 87.0143, 65.0591, 62.8274
294.941, 87.0143, 65.0591, 62.8274
294.941, 87.0143, 65.0591, 62.8274
294.941, 87.0143, 65.0591, 62.8274
294.941, 87.0143, 65.0591, 62.8274
294.941, 87.0143, 65.0591, 62.8274
294.941, 87.0143, 65.0591, 62.8274
294.941, 87.0143, 65.0591, 62.8274
294.941, 87.0143, 65.0591, 62.8274
294.941, 87.0143, 65.0591, 62.8274
294.941, 87.0143, 65.0591, 62.8274
294.941, 87.0143, 65.0591, 62.8274
294.941, 87.0143, 65.0591, 62.8274
294.941, 87.0143, 65.0591, 62.8274
294.941, 87.0143, 65.0591, 62.8274
294.941, 87.0143, 65.0591, 62.8274
294.941, 87.0143, 65.0591, 62.8274
294.941, 87.0143, 65.0591, 62.8274
294.941, 87.0143, 65.0591, 62.8274
294.941, 87.0143, 65.0591, 62.8274
294.941, 87.0143, 65.0591, 62.8274
294.941, 87.0143, 65.0591, 62.8274
295.261, 91.0226, 53.9695, 52.7172
295.261, 91.0226, 53.9695, 52.7172
295.261, 91.0226, 53.9695, 52.7172
295.261, 91.0226, 53.9695, 52.7172
295.261, 91.0226, 53.9695, 52.7172
287.988, 87.0143, 64.3198, 62.8274
287.988, 87.0143, 64.3198, 62.8274
289.107, 91.0226, 53.9695, 52.7172
289.107, 91.0226, 53.9695, 52.7172
289.107, 91.0226, 53.9695, 52.7172
289.107, 84.8688, 53.9695, 52.7172
289.107, 84.8688, 53.9695, 52.7172
280.326, 79.4203, 65.0591, 63.5495
289.107, 84.8688, 53.9695, 52.7172
289.107, 84.8688, 53.9695, 52.7172
289.107, 91.0226, 53.9695, 52.7172
289.107, 91.0226, 53.9695, 52.7172
289.107, 91.0226, 53.9695, 52.7172
289.107, 91.0226, 53.9695, 52.7172
289.107, 91.0226, 53.9695, 52.7172
289.107, 91.0226, 53.9695, 52.7172
289.107, 91.0226, 53.9695, 52.7172
289.107, 91.0226, 53.9695, 52.7172
289.107, 91.0226, 53.9695, 52.7172
289.107, 91.0226, 53.9695, 52.7172
289.107, 91.0226, 53.9695, 52.7172
289.107, 91.0226, 53.9695, 52.7172
289.107, 91.0226, 53.9695, 52.7172
289.107, 91.0226, 53.9695, 52.7172
289.107, 91.0226, 53.9695, 52.7172
289.107, 91.0226, 53.9695, 52.7172
289.107, 91.0226, 53.9695, 52.7172
289.107, 91.0226, 53.9695, 52.7172
289.107, 91.0226, 53.9695, 52.7172
289.107, 91.0226, 53.9695, 52.7172
280.326, 87.0143, 65.0591, 62.8274
280.326, 87.0143, 65.0591, 62.8274
280.326, 87.0143, 65.0591, 62.8274
280.326, 87.0143, 65.0591, 62.8274
280.326, 87.0143, 65.0591, 62.8274
280.326, 87.0143, 65.0591, 62.8274
280.326, 87.0143, 65.0591, 62.8274
280.326, 87.0143, 65.0591, 62.8274
282.954, 91.0226, 53.9695, 52.7172
273.373, 87.0143, 64.3198, 62.8274
273.373, 87.0143, 64.3198, 62.8274
273.373, 87.0143, 64.3198, 62.8274
273.373, 87.0143, 64.3198, 62.8274
273.373, 79.4203, 64.3198, 63.5495
273.373, 79.4203, 64.3198, 63.5495
273.373, 79.4203, 64.3198, 63.5495
273.373, 79.4203, 64.3198, 63.5495
273.373, 79.4203, 64.3198, 63.5495
273.373, 79.4203, 64.3198, 63.5495
273.373, 79.4203, 64.3198, 63.5495
273.373, 79.4203, 64.3198, 63.5495
273.373, 79.4203, 64.3198, 63.5495
273.373, 79.4203, 64.3198, 63.5495
273.373, 79.4203, 64.3198, 63.5495
273.373, 79.4203, 64.3198, 63.5495
273.373, 79.4203, 64.3198, 63.5495
273.373, 79.4203, 64.3198, 63.5495
273.373, 79.4203, 64.3198, 63.5495
273.373, 79.4203, 64.3198, 63.5495
273.373, 87.0143, 64.3198, 62.8274
273.373, 87.0143, 64.3198, 62.8274
273.373, 87.0143, 64.3198, 62.8274
282.954, 91.0226, 53.9695, 52.7172
282.954, 91.0226, 53.9695, 52.7172
282.954, 91.0226, 53.9695, 52.7172
282.954, 91.0226, 53.9695, 52.7172
282.954, 91.0226, 53.9695, 52.7172
282.954, 91.0226, 53.9695, 52.7172
282.954, 91.0226, 53.9695, 52.7172
282.954, 91.0226, 53.9695, 52.7172
282.954, 91.0226, 53.9695, 52.7172
282.954, 91.0226, 53.9695, 52.7172
282.954, 91.0226, 53.9695, 52.7172
282.954, 91.0226, 53.9695, 52.7172
282.954, 91.0226, 53.9695, 52.7172
273.373, 87.0143, 64.3198, 62.8274
273.373, 87.0143, 64.3198, 62.8274
273.373, 79.4203, 64.3198, 63.5495
273.373, 79.4203, 64.3198, 63.5495
273.373, 79.4203, 64.3198, 63.5495
273.373, 79.4203, 64.3198, 63.5495
273.373, 79.4203, 64.3198, 63.5495
273.373, 79.4203, 64.3198, 63.5495
273.373, 79.4203, 64.3198, 63.5495
273.373, 79.4203, 64.3198, 63.5495
273.373, 79.4203, 64.3198, 63.5495
273.373, 79.4203, 64.3198, 63.5495
273.373, 87.0143, 64.3198, 62.8274
273.373, 87.0143, 64.3198, 62.8274
273.373, 87.0143, 64.3198, 62.8274
273.373, 87.0143, 64.3198, 62.8274
273.373, 87.0143, 64.3198, 62.8274
273.373, 87.0143, 64.3198, 62.8274
273.373, 87.0143, 64.3198, 62.8274
273.373, 87.0143, 64.3198, 62.8274
273.373, 87.0143, 64.3198, 62.8274
273.373, 87.0143, 64.3198, 62.8274
273.373, 87.0143, 64.3198, 62.8274
273.373, 87.0143, 64.3198, 62.8274
273.373, 87.0143, 64.3198, 62.8274
273.373, 87.0143, 64.3198, 62.8274
273.373, 87.0143, 64.3198, 62.8274
273.373, 87.0143, 64.3198, 62.8274
273.373, 87.0143, 64.3198, 62.8274
276.8, 97.1765, 53.9695, 52.7172
276.8, 97.1765, 53.9695, 52.7172
276.8, 97.1765, 53.9695, 52.7172
276.8, 97.1765, 53.9695, 52.7172
273.373, 87.0143, 64.3198, 62.8274
273.373, 87.0143, 64.3198, 62.8274
273.373, 87.0143, 64.3198, 62.8274
273.373, 87.0143, 64.3198, 62.8274
273.373, 87.0143, 64.3198, 62.8274
273.373, 87.0143, 64.3198, 62.8274
273.373, 87.0143, 64.3198, 62.8274
273.373, 87.0143, 64.3198, 62.8274
273.373, 87.0143, 64.3198, 62.8274
273.373, 87.0143, 64.3198, 62.8274
273.373, 87.0143, 64.3198, 62.8274
273.373, 87.0143, 64.3198, 62.8274
273.373, 87.0143, 64.3198, 62.8274
282.954, 91.0226, 53.9695, 52.7172
282.954, 91.0226, 53.9695, 52.7172
282.954, 91.0226, 53.9695, 52.7172
280.326, 87.0143, 65.0591, 62.8274
280.326, 87.0143, 65.0591, 62.8274
280.326, 87.0143, 65.0591, 62.8274
280.326, 87.0143, 65.0591, 62.8274
280.326, 87.0143, 65.0591, 62.8274
289.107, 84.8688, 53.9695, 52.7172
289.107, 84.8688, 53.9695, 52.7172
289.107, 84.8688, 53.9695, 52.7172
287.988, 79.4203, 64.3198, 63.5495
287.988, 79.4203, 64.3198, 63.5495
295.261, 84.8688, 53.9695, 52.7172
287.988, 79.4203, 64.3198, 63.5495
287.988, 79.4203, 64.3198, 63.5495
295.261, 84.8688, 53.9695, 52.7172
287.988, 79.4203, 64.3198, 63.5495
295.261, 91.0226, 53.9695, 52.7172
295.261, 91.0226, 53.9695, 52.7172
295.261, 91.0226, 53.9695, 52.7172
295.261, 91.0226, 53.9695, 52.7172
295.261, 91.0226, 53.9695, 52.7172
287.988, 94.7066, 64.3198, 62.8274
289.107, 97.1765, 53.9695, 52.7172
289.107, 103.33, 53.9695, 52.7172
289.107, 103.33, 53.9695, 52.7172
289.107, 103.33, 53.9695, 52.7172
289.107, 109.484, 53.9695, 52.7172
280.326, 101.728, 65.0591, 63.5495
280.326, 101.728, 65.0591, 63.5495
280.326, 101.728, 65.0591, 63.5495
289.107, 103.33, 53.9695, 52.7172
289.107, 103.33, 53.9695, 52.7172
289.107, 109.484, 53.9695, 52.7172
289.107, 109.484, 53.9695, 52.7172
289.107, 109.484, 53.9695, 52.7172
287.988, 109.322, 64.3198, 62.8274
295.261, 109.484, 53.9695, 52.7172
295.261, 109.484, 53.9695, 52.7172
295.261, 109.484, 53.9695, 52.7172
301.415, 109.484, 53.9695, 52.7172
301.415, 109.484, 53.9695, 52.7172
307.569, 109.484, 53.9695, 52.7172
307.569, 109.484, 53.9695, 52.7172
307.569, 109.484, 53.9695, 52.7172
313.723, 109.484, 53.9695, 52.7172
313.723, 109.484, 53.9695, 52.7172
313.723, 109.484, 53.9695, 52.7172
319.877, 109.484, 53.9695, 52.7172
319.877, 109.484, 53.9695, 52.7172
319.877, 109.484, 53.9695, 52.7172
319.877, 109.484, 53.9695, 52.7172
319.877, 109.484, 53.9695, 52.7172
319.877, 109.484, 53.9695, 52.7172
319.877, 109.484, 53.9695, 52.7172
319.877, 109.484, 53.9695, 52.7172
319.877, 109.484, 53.9695, 52.7172
319.877, 109.484, 53.9695, 52.7172
313.723, 109.484, 53.9695, 52.7172
313.723, 109.484, 53.9695, 52.7172
313.723, 109.484, 53.9695, 52.7172
307.569, 109.484, 53.9695, 52.7172
307.569, 109.484, 53.9695, 52.7172
301.415, 109.484, 53.9695, 52.7172
301.415, 115.638, 53.9695, 52.7172
295.261, 115.638, 53.9695, 52.7172
295.261, 115.638, 53.9695, 52.7172
289.107, 115.638, 53.9695, 52.7172
289.107, 115.638, 53.9695, 52.7172
289.107, 115.638, 53.9695, 52.7172
282.954, 115.638, 53.9695, 52.7172
282.954, 115.638, 53.9695, 52.7172
282.954, 115.638, 53.9695, 52.7172
282.954, 115.638, 53.9695, 52.7172
282.954, 115.638, 53.9695, 52.7172
276.8, 109.484, 53.9695, 52.7172
276.8, 109.484, 53.9695, 52.7172
276.8, 109.484, 53.9695, 52.7172
276.8, 103.33, 53.9695, 52.7172
276.8, 103.33, 53.9695, 52.7172
276.8, 97.1765, 53.9695, 52.7172
282.954, 97.1765, 53.9695, 52.7172
273.373, 94.7066, 64.3198, 62.8274
273.373, 94.7066, 64.3198, 62.8274
273.373, 94.7066, 64.3198, 62.8274
282.954, 97.1765, 53.9695, 52.7172
282.954, 97.1765, 53.9695, 52.7172
280.326, 94.7066, 65.0591, 62.8274
280.326, 94.7066, 65.0591, 62.8274
289.107, 91.0226, 53.9695, 52.7172
289.107, 91.0226, 53.9695, 52.7172
287.988, 87.0143, 64.3198, 62.8274
287.988, 87.0143, 64.3198, 62.8274
287.988, 87.0143, 64.3198, 62.8274
287.988, 87.0143, 64.3198, 62.8274
287.988, 87.0143, 64.3198, 62.8274
287.988, 87.0143, 64.3198, 62.8274
287.988, 87.0143, 64.3198, 62.8274
295.261, 91.0226, 53.9695, 52.7172
287.988, 87.0143, 64.3198, 62.8274
294.941, 87.0143, 65.0591, 62.8274
294.941, 87.0143, 65.0591, 62.8274
294.941, 87.0143, 65.0591, 62.8274
294.941, 87.0143, 65.0591, 62.8274
294.941, 87.0143, 65.0591, 62.8274
294.941, 87.0143, 65.0591, 62.8274
294.941, 87.0143, 65.0591, 62.8274
294.941, 87.0143, 65.0591, 62.8274
294.941, 87.0143, 65.0591, 62.8274
294.941, 87.0143, 65.0591, 62.8274
294.941, 87.0143, 65.0591, 62.8274
294.941, 87.0143, 65.0591, 62.8274
294.941, 87.0143, 65.0591, 62.8274
294.941, 87.0143, 65.0591, 62.8274
294.941, 87.0143, 65.0591, 62.8274
294.941, 87.0143, 65.0591, 62.8274
294.941, 87.0143, 65.0591, 62.8274
294.941, 87.0143, 65.0591, 62.8274
294.941, 87.0143, 65.0591, 62.8274
294.941, 87.0143, 65.0591, 62.8274
294.941, 87.0143, 65.0591, 62.8274
294.941, 87.0143, 65.0591, 62.8274
294.941, 87.0143, 65.0591, 62.8274
294.941, 87.0143, 65.0591, 62.8274
294.941, 87.0143, 65.0591, 62.8274
294.941, 87.0143, 65.0591, 62.8274
294.941, 87.0143, 65.0591, 62.8274
294.941, 87.0143, 65.0591, 62.8274
301.415, 91.0226, 53.9695, 52.7172
301.415, 91.0226, 53.9695, 52.7172
294.941, 87.0143, 65.0591, 62.8274
294.941, 87.0143, 65.0591, 62.8274
294.941, 87.0143, 65.0591, 62.8274
294.941, 87.0143, 65.0591, 62.8274
294.941, 87.0143, 65.0591, 62.8274
294.941, 87.0143, 65.0591, 62.8274
294.941, 87.0143, 65.0591, 62.8274
294.941, 87.0143, 65.0591, 62.8274
294.941, 87.0143, 65.0591, 62.8274
294.941, 87.0143, 65.0591, 62.8274
294.941, 87.0143, 65.0591, 62.8274
294.941, 79.4203, 65.0591, 63.5495
294.941, 79.4203, 65.0591, 63.5495
294.941, 87.0143, 65.0591, 62.8274
294.941, 87.0143, 65.0591, 62.8274
294.941, 87.0143, 65.0591, 62.8274
294.941, 87.0143, 65.0591, 62.8274
294.941, 87.0143, 65.0591, 62.8274
294.941, 87.0143, 65.0591, 62.8274
294.941, 87.0143, 65.0591, 62.8274
294.941, 87.0143, 65.0591, 62.8274
294.941, 87.0143, 65.0591, 62.8274
294.941, 87.0143, 65.0591, 62.8274
294.941, 87.0143, 65.0591, 62.8274
294.941, 87.0143, 65.0591, 62.8274
294.941, 87.0143, 65.0591, 62.8274
294.941, 87.0143, 65.0591, 62.8274
294.941, 87.0143, 65.0591, 62.8274
294.941, 87.0143, 65.0591, 62.8274
294.941, 87.0143, 65.0591, 62.8274
294.941, 87.0143, 65.0591, 62.8274
294.941, 87.0143, 65.0591, 62.8274
294.941, 87.0143, 65.0591, 62.8274
294.941, 87.0143, 65.0591, 62.8274
294.941, 87.0143, 65.0591, 62.8274
294.941, 87.0143, 65.0591, 62.8274
294.941, 87.0143, 65.0591, 62.8274
294.941, 87.0143, 65.0591, 62.8274
294.941, 87.0143, 65.0591, 62.8274
294.941, 87.0143, 65.0591, 62.8274
294.941, 87.0143, 65.0591, 62.8274
294.941, 87.0143, 65.0591, 62.8274
294.941, 87.0143, 65.0591, 62.8274
294.941, 87.0143, 65.0591, 62.8274
294.941, 87.0143, 65.0591, 62.8274
294.941, 87.0143, 65.0591, 62.8274
294.941, 87.0143, 65.0591, 62.8274
294.941, 87.0143, 65.0591, 62.8274
294.941, 87.0143, 65.0591, 62.8274
294.941, 87.0143, 65.0591, 62.8274
294.941, 87.0143, 65.0591, 62.8274
294.941, 87.0143, 65.0591, 62.8274
294.941, 87.0143, 65.0591, 62.8274
294.941, 79.4203, 65.0591, 63.5495
294.941, 87.0143, 65.0591, 62.8274
302.603, 79.4203, 64.3198, 63.5495
302.603, 79.4203, 64.3198, 63.5495
302.603, 79.4203, 64.3198, 63.5495
302.603, 79.4203, 64.3198, 63.5495
302.603, 79.4203, 64.3198, 63.5495
302.603, 79.4203, 64.3198, 63.5495
294.941, 79.4203, 65.0591, 63.5495
294.941, 79.4203, 65.0591, 63.5495
294.941, 79.4203, 65.0591, 63.5495
294.941, 79.4203, 65.0591, 63.5495
294.941, 79.4203, 65.0591, 63.5495
294.941, 87.0143, 65.0591, 62.8274
294.941, 87.0143, 65.0591, 62.8274
294.941, 87.0143, 65.0591, 62.8274
294.941, 87.0143, 65.0591, 62.8274
294.941, 87.0143, 65.0591, 62.8274
294.941, 87.0143, 65.0591, 62.8274
294.941, 87.0143, 65.0591, 62.8274
294.941, 87.0143, 65.0591, 62.8274
294.941, 87.0143, 65.0591, 62.8274
301.415, 84.8688, 53.9695, 52.7172
301.415, 84.8688, 53.9695, 52.7172
301.415, 84.8688, 53.9695, 52.7172
301.415, 84.8688, 53.9695, 52.7172
302.603, 79.4203, 64.3198, 63.5495
307.569, 84.8688, 53.9695, 52.7172
302.603, 79.4203, 64.3198, 63.5495
302.603, 79.4203, 64.3198, 63.5495
310.296, 79.4203, 64.3198, 63.5495
310.296, 79.4203, 64.3198, 63.5495
310.296, 79.4203, 64.3198, 63.5495
310.296, 72.3989, 64.3198, 62.8274
310.296, 72.3989, 64.3198, 62.8274
310.296, 72.3989, 64.3198, 62.8274
310.296, 72.3989, 64.3198, 62.8274
310.296, 72.3989, 64.3198, 62.8274
310.296, 72.3989, 64.3198, 62.8274
310.296, 72.3989, 64.3198, 62.8274
310.296, 72.3989, 64.3198, 62.8274
310.296, 79.4203, 64.3198, 63.5495
310.296, 79.4203, 64.3198, 63.5495
310.296, 79.4203, 64.3198, 63.5495
310.296, 79.4203, 64.3198, 63.5495
310.296, 79.4203, 64.3198, 63.5495
310.296, 79.4203, 64.3198, 63.5495
310.296, 79.4203, 64.3198, 63.5495
302.603, 79.4203, 64.3198, 63.5495
302.603, 79.4203, 64.3198, 63.5495
294.941, 79.4203, 65.0591, 63.5495
294.941, 79.4203, 65.0591, 63.5495
294.941, 79.4203, 65.0591, 63.5495
294.941, 79.4203, 65.0591, 63.5495
287.988, 79.4203, 64.3198, 63.5495
287.988, 79.4203, 64.3198, 63.5495
287.988, 79.4203, 64.3198, 63.5495
287.988, 79.4203, 64.3198, 63.5495
289.107, 84.8688, 53.9695, 52.7172
280.326, 79.4203, 65.0591, 63.5495
280.326, 79.4203, 65.0591, 63.5495
280.326, 79.4203, 65.0591, 63.5495
280.326, 79.4203, 65.0591, 63.5495
280.326, 79.4203, 65.0591, 63.5495
280.326, 79.4203, 65.0591, 63.5495
289.107, 78.7149, 53.9695, 52.7172
289.107, 78.7149, 53.9695, 52.7172
287.988, 79.4203, 64.3198, 63.5495
287.988, 79.4203, 64.3198, 63.5495
287.988, 79.4203, 64.3198, 63.5495
287.988, 79.4203, 64.3198, 63.5495
295.261, 78.7149, 53.9695, 52.7172
295.261, 78.7149, 53.9695, 52.7172
295.261, 78.7149, 53.9695, 52.7172
294.941, 79.4203, 65.0591, 63.5495
294.941, 79.4203, 65.0591, 63.5495
294.941, 79.4203, 65.0591, 63.5495
294.941, 79.4203, 65.0591, 63.5495
294.941, 79.4203, 65.0591, 63.5495
294.941, 79.4203, 65.0591, 63.5495
294.941, 87.0143, 65.0591, 62.8274
294.941, 87.0143, 65.0591, 62.8274
294.941, 87.0143, 65.0591, 62.8274
294.941, 87.0143, 65.0591, 62.8274
295.261, 84.8688, 53.9695, 52.7172
295.261, 84.8688, 53.9695, 52.7172
295.261, 84.8688, 53.9695, 52.7172
287.988, 79.4203, 64.3198, 63.5495
287.988, 79.4203, 64.3198, 63.5495
287.988, 79.4203, 64.3198, 63.5495
287.988, 79.4203, 64.3198, 63.5495
287.988, 79.4203, 64.3198, 63.5495
287.988, 79.4203, 64.3198, 63.5495
287.988, 79.4203, 64.3198, 63.5495
287.988, 79.4203, 64.3198, 63.5495
287.988, 79.4203, 64.3198, 63.5495
287.988, 79.4203, 64.3198, 63.5495
287.988, 79.4203, 64.3198, 63.5495
287.988, 79.4203, 64.3198, 63.5495
287.988, 79.4203, 64.3198, 63.5495
295.261, 84.8688, 53.9695, 52.7172
295.261, 84.8688, 53.9695, 52.7172
295.261, 84.8688, 53.9695, 52.7172
295.261, 84.8688, 53.9695, 52.7172
295.261, 84.8688, 53.9695, 52.7172
295.261, 84.8688, 53.9695, 52.7172
295.261, 84.8688, 53.9695, 52.7172
295.261, 84.8688, 53.9695, 52.7172
287.988, 79.4203, 64.3198, 63.5495
295.261, 84.8688, 53.9695, 52.7172
287.988, 79.4203, 64.3198, 63.5495
295.261, 84.8688, 53.9695, 52.7172
287.988, 79.4203, 64.3198, 63.5495
287.988, 79.4203, 64.3198, 63.5495
295.261, 84.8688, 53.9695, 52.7172
295.261, 84.8688, 53.9695, 52.7172
295.261, 84.8688, 53.9695, 52.7172
295.261, 84.8688, 53.9695, 52.7172
295.261, 84.8688, 53.9695, 52.7172
295.261, 84.8688, 53.9695, 52.7172
295.261, 84.8688, 53.9695, 52.7172
295.261, 84.8688, 53.9695, 52.7172
295.261, 84.8688, 53.9695, 52.7172
287.988, 79.4203, 64.3198, 63.5495
295.261, 78.7149, 53.9695, 52.7172
295.261, 78.7149, 53.9695, 52.7172
295.261, 78.7149, 53.9695, 52.7172
295.261, 78.7149, 53.9695, 52.7172
294.941, 79.4203, 65.0591, 63.5495
294.941, 79.4203, 65.0591, 63.5495
294.941, 79.4203, 65.0591, 63.5495
294.941, 79.4203, 65.0591, 63.5495
294.941, 79.4203, 65.0591, 63.5495
294.941, 79.4203, 65.0591, 63.5495
294.941, 79.4203, 65.0591, 63.5495
294.941, 79.4203, 65.0591, 63.5495
294.941, 79.4203, 65.0591, 63.5495
294.941, 72.3989, 65.0591, 62.8274
301.415, 78.7149, 53.9695, 52.7172
301.415, 78.7149, 53.9695, 52.7172
307.569, 78.7149, 53.9695, 52.7172
307.569, 78.7149, 53.9695, 52.7172
307.569, 78.7149, 53.9695, 52.7172
307.569, 78.7149, 53.9695, 52.7172
302.603, 79.4203, 64.3198, 63.5495
302.603, 79.4203, 64.3198, 63.5495
302.603, 79.4203, 64.3198, 63.5495
307.569, 84.8688, 53.9695, 52.7172
302.603, 79.4203, 64.3198, 63.5495
302.603, 79.4203, 64.3198, 63.5495
302.603, 79.4203, 64.3198, 63.5495
302.603, 79.4203, 64.3198, 63.5495
302.603, 79.4203, 64.3198, 63.5495
302.603, 79.4203, 64.3198, 63.5495
302.603, 79.4203, 64.3198, 63.5495
302.603, 79.4203, 64.3198, 63.5495
302.603, 79.4203, 64.3198, 63.5495
302.603, 79.4203, 64.3198, 63.5495
302.603, 79.4203, 64.3198, 63.5495
302.603, 79.4203, 64.3198, 63.5495
302.603, 79.4203, 64.3198, 63.5495
302.603, 79.4203, 64.3198, 63.5495
302.603, 79.4203, 64.3198, 63.5495
307.569, 84.8688, 53.9695, 52.7172
294.941, 79.4203, 65.0591, 63.5495
294.941, 79.4203, 65.0591, 63.5495
294.941, 79.4203, 65.0591, 63.5495
294.941, 79.4203, 65.0591, 63.5495
294.941, 79.4203, 65.0591, 63.5495
302.603, 72.3989, 64.3198, 62.8274
302.603, 72.3989, 64.3198, 62.8274
307.569, 78.7149, 53.9695, 52.7172
307.569, 78.7149, 53.9695, 52.7172
302.603, 79.4203, 64.3198, 63.5495
301.415, 78.7149, 53.9695, 52.7172
301.415, 78.7149, 53.9695, 52.7172
301.415, 78.7149, 53.9695, 52.7172
302.603, 79.4203, 64.3198, 63.5495
302.603, 79.4203, 64.3198, 63.5495
302.603, 79.4203, 64.3198, 63.5495
302.603, 79.4203, 64.3198, 63.5495
301.415, 78.7149, 53.9695, 52.7172
294.941, 79.4203, 65.0591, 63.5495
302.603, 79.4203, 64.3198, 63.5495
302.603, 79.4203, 64.3198, 63.5495
307.569, 78.7149, 53.9695, 52.7172
307.569, 78.7149, 53.9695, 52.7172
302.603, 72.3989, 64.3198, 62.8274
294.941, 72.3989, 65.0591, 62.8274
294.941, 79.4203, 65.0591, 63.5495
294.941, 79.4203, 65.0591, 63.5495
301.415, 84.8688, 53.9695, 52.7172
294.941, 87.0143, 65.0591, 62.8274
301.415, 91.0226, 53.9695, 52.7172
301.415, 91.0226, 53.9695, 52.7172
294.941, 87.0143, 65.0591, 62.8274
294.941, 87.0143, 65.0591, 62.8274
294.941, 87.0143, 65.0591, 62.8274
294.941, 79.4203, 65.0591, 63.5495
287.988, 79.4203, 64.3198, 63.5495
287.988, 79.4203, 64.3198, 63.5495
287.988, 79.4203, 64.3198, 63.5495
287.988, 79.4203, 64.3198, 63.5495
280.326, 79.4203, 65.0591, 63.5495
280.326, 79.4203, 65.0591, 63.5495
280.326, 79.4203, 65.0591, 63.5495
280.326, 79.4203, 65.0591, 63.5495
280.326, 79.4203, 65.0591, 63.5495
280.326, 79.4203, 65.0591, 63.5495
280.326, 79.4203, 65.0591, 63.5495
280.326, 87.0143, 65.0591, 62.8274
280.326, 87.0143, 65.0591, 62.8274
280.326, 87.0143, 65.0591, 62.8274
280.326, 87.0143, 65.0591, 62.8274
280.326, 87.0143, 65.0591, 62.8274
287.988, 87.0143, 64.3198, 62.8274
287.988, 79.4203, 64.3198, 63.5495
287.988, 79.4203, 64.3198, 63.5495
287.988, 79.4203, 64.3198, 63.5495
294.941, 79.4203, 65.0591, 63.5495
294.941, 79.4203, 65.0591, 63.5495
294.941, 79.4203, 65.0591, 63.5495
302.603, 79.4203, 64.3198, 63.5495
302.603, 79.4203, 64.3198, 63.5495
302.603, 79.4203, 64.3198, 63.5495
310.296, 79.4203, 64.3198, 63.5495
310.296, 79.4203, 64.3198, 63.5495
310.296, 72.3989, 64.3198, 62.8274
310.296, 72.3989, 64.3198, 62.8274
317.249, 72.3989, 65.0591, 62.8274
317.249, 79.4203, 65.0591, 63.5495
317.249, 79.4203, 65.0591, 63.5495
317.249, 79.4203, 65.0591, 63.5495
317.249, 79.4203, 65.0591, 63.5495
317.249, 79.4203, 65.0591, 63.5495
319.877, 84.8688, 53.9695, 52.7172
310.296, 79.4203, 64.3198, 63.5495
310.296, 79.4203, 64.3198, 63.5495
310.296, 79.4203, 64.3198, 63.5495
317.249, 79.4203, 65.0591, 63.5495
310.296, 79.4203, 64.3198, 63.5495
310.296, 79.4203, 64.3198, 63.5495
310.296, 79.4203, 64.3198, 63.5495
302.603, 79.4203, 64.3198, 63.5495
302.603, 79.4203, 64.3198, 63.5495
294.941, 79.4203, 65.0591, 63.5495
294.941, 79.4203, 65.0591, 63.5495
294.941, 79.4203, 65.0591, 63.5495
294.941, 79.4203, 65.0591, 63.5495
294.941, 72.3989, 65.0591, 62.8274
287.988, 79.4203, 64.3198, 63.5495
287.988, 79.4203, 64.3198, 63.5495
289.107, 84.8688, 53.9695, 52.7172
282.954, 84.8688, 53.9695, 52.7172
273.373, 87.0143, 64.3198, 62.8274
273.373, 87.0143, 64.3198, 62.8274
276.8, 84.8688, 53.9695, 52.7172
273.373, 87.0143, 64.3198, 62.8274
273.373, 87.0143, 64.3198, 62.8274
273.373, 87.0143, 64.3198, 62.8274
282.954, 84.8688, 53.9695, 52.7172
282.954, 84.8688, 53.9695, 52.7172
282.954, 84.8688, 53.9695, 52.7172
282.954, 84.8688, 53.9695, 52.7172
280.326, 87.0143, 65.0591, 62.8274
280.326, 87.0143, 65.0591, 62.8274
289.107, 84.8688, 53.9695, 52.7172
289.107, 84.8688, 53.9695, 52.7172
289.107, 84.8688, 53.9695, 52.7172
295.261, 84.8688, 53.9695, 52.7172
295.261, 84.8688, 53.9695, 52.7172
295.261, 84.8688, 53.9695, 52.7172
294.941, 79.4203, 65.0591, 63.5495
301.415, 84.8688, 53.9695, 52.7172
301.415, 84.8688, 53.9695, 52.7172
302.603, 79.4203, 64.3198, 63.5495
302.603, 79.4203, 64.3198, 63.5495
302.603, 79.4203, 64.3198, 63.5495
302.603, 79.4203, 64.3198, 63.5495
302.603, 79.4203, 64.3198, 63.5495
302.603, 79.4203, 64.3198, 63.5495
302.603, 79.4203, 64.3198, 63.5495
302.603, 79.4203, 64.3198, 63.5495
302.603, 79.4203, 64.3198, 63.5495
302.603, 79.4203, 64.3198, 63.5495
302.603, 79.4203, 64.3198, 63.5495
294.941, 79.4203, 65.0591, 63.5495
294.941, 79.4203, 65.0591, 63.5495
294.941, 79.4203, 65.0591, 63.5495
294.941, 79.4203, 65.0591, 63.5495
295.261, 84.8688, 53.9695, 52.7172
295.261, 84.8688, 53.9695, 52.7172
287.988, 87.0143, 64.3198, 62.8274
287.988, 87.0143, 64.3198, 62.8274
289.107, 91.0226, 53.9695, 52.7172
289.107, 91.0226, 53.9695, 52.7172
289.107, 91.0226, 53.9695, 52.7172
280.326, 87.0143, 65.0591, 62.8274
280.326, 87.0143, 65.0591, 62.8274
280.326, 87.0143, 65.0591, 62.8274
280.326, 87.0143, 65.0591, 62.8274
280.326, 87.0143, 65.0591, 62.8274
280.326, 87.0143, 65.0591, 62.8274
280.326, 87.0143, 65.0591, 62.8274
280.326, 87.0143, 65.0591, 62.8274
280.326, 87.0143, 65.0591, 62.8274
280.326, 87.0143, 65.0591, 62.8274
280.326, 87.0143, 65.0591, 62.8274
289.107, 84.8688, 53.9695, 52.7172
289.107, 84.8688, 53.9695, 52.7172
289.107, 84.8688, 53.9695, 52.7172
289.107, 84.8688, 53.9695, 52.7172
287.988, 87.0143, 64.3198, 62.8274
287.988, 87.0143, 64.3198, 62.8274
289.107, 84.8688, 53.9695, 52.7172
289.107, 84.8688, 53.9695, 52.7172
289.107, 84.8688, 53.9695, 52.7172
289.107, 84.8688, 53.9695, 52.7172
287.988, 87.0143, 64.3198, 62.8274
287.988, 87.0143, 64.3198, 62.8274
287.988, 87.0143, 64.3198, 62.8274
287.988, 87.0143, 64.3198, 62.8274
287.988, 87.0143, 64.3198, 62.8274
287.988, 87.0143, 64.3198, 62.8274
287.988, 87.0143, 64.3198, 62.8274
287.988, 87.0143, 64.3198, 62.8274
287.988, 87.0143, 64.3198, 62.8274
287.988, 87.0143, 64.3198, 62.8274
287.988, 87.0143, 64.3198, 62.8274
287.988, 87.0143, 64.3198, 62.8274
287.988, 87.0143, 64.3198, 62.8274
287.988, 87.0143, 64.3198, 62.8274
287.988, 87.0143, 64.3198, 62.8274
295.261, 91.0226, 53.9695, 52.7172
295.261, 91.0226, 53.9695, 52.7172
295.261, 91.0226, 53.9695, 52.7172
295.261, 91.0226, 53.9695, 52.7172
287.988, 87.0143, 64.3198, 62.8274
287.988, 87.0143, 64.3198, 62.8274
287.988, 87.0143, 64.3198, 62.8274
287.988, 87.0143, 64.3198, 62.8274
287.988, 87.0143, 64.3198, 62.8274
287.988, 87.0143, 64.3198, 62.8274
287.988, 87.0143, 64.3198, 62.8274
287.988, 87.0143, 64.3198, 62.8274
287.988, 87.0143, 64.3198, 62.8274
287.988, 87.0143, 64.3198, 62.8274
287.988, 87.0143, 64.3198, 62.8274
287.988, 87.0143, 64.3198, 62.8274
287.988, 87.0143, 64.3198, 62.8274
287.988, 87.0143, 64.3198, 62.8274
287.988, 87.0143, 64.3198, 62.8274
287.988, 87.0143, 64.3198, 62.8274
287.988, 87.0143, 64.3198, 62.8274
287.988, 87.0143, 64.3198, 62.8274
287.988, 87.0143, 64.3198, 62.8274
287.988, 87.0143, 64.3198, 62.8274
287.988, 87.0143, 64.3198, 62.8274
287.988, 87.0143, 64.3198, 62.8274
287.988, 87.0143, 64.3198, 62.8274
287.988, 87.0143, 64.3198, 62.8274
287.988, 87.0143, 64.3198, 62.8274
287.988, 87.0143, 64.3198, 62.8274
287.988, 87.0143, 64.3198, 62.8274
287.988, 87.0143, 64.3198, 62.8274
287.988, 87.0143, 64.3198, 62.8274
287.988, 87.0143, 64.3198, 62.8274
287.988, 87.0143, 64.3198, 62.8274
287.988, 87.0143, 64.3198, 62.8274
287.988, 87.0143, 64.3198, 62.8274
287.988, 87.0143, 64.3198, 62.8274
287.988, 87.0143, 64.3198, 62.8274
287.988, 87.0143, 64.3198, 62.8274
287.988, 87.0143, 64.3198, 62.8274
287.988, 87.0143, 64.3198, 62.8274
289.107, 91.0226, 53.9695, 52.7172
289.107, 91.0226, 53.9695, 52.7172
289.107, 91.0226, 53.9695, 52.7172
289.107, 91.0226, 53.9695, 52.7172
280.326, 87.0143, 65.0591, 62.8274
280.326, 87.0143, 65.0591, 62.8274
280.326, 87.0143, 65.0591, 62.8274
280.326, 87.0143, 65.0591, 62.8274
280.326, 87.0143, 65.0591, 62.8274
280.326, 87.0143, 65.0591, 62.8274
280.326, 87.0143, 65.0591, 62.8274
282.954, 91.0226, 53.9695, 52.7172
282.954, 91.0226, 53.9695, 52.7172
282.954, 91.0226, 53.9695, 52.7172
280.326, 87.0143, 65.0591, 62.8274
282.954, 84.8688, 53.9695, 52.7172
280.326, 87.0143, 65.0591, 62.8274
280.326, 87.0143, 65.0591, 62.8274
280.326, 87.0143, 65.0591, 62.8274
280.326, 87.0143, 65.0591, 62.8274
280.326, 87.0143, 65.0591, 62.8274
280.326, 87.0143, 65.0591, 62.8274
280.326, 87.0143, 65.0591, 62.8274
280.326, 87.0143, 65.0591, 62.8274
280.326, 87.0143, 65.0591, 62.8274
280.326, 87.0143, 65.0591, 62.8274
280.326, 87.0143, 65.0591, 62.8274
280.326, 87.0143, 65.0591, 62.8274
280.326, 87.0143, 65.0591, 62.8274
280.326, 87.0143, 65.0591, 62.8274
280.326, 87.0143, 65.0591, 62.8274
280.326, 87.0143, 65.0591, 62.8274
280.326, 87.0143, 65.0591, 62.8274
280.326, 87.0143, 65.0591, 62.8274
280.326, 87.0143, 65.0591, 62.8274
280.326, 87.0143, 65.0591, 62.8274
280.326, 87.0143, 65.0591, 62.8274
280.326, 87.0143, 65.0591, 62.8274
280.326, 87.0143, 65.0591, 62.8274
280.326, 87.0143, 65.0591, 62.8274
280.326, 87.0143, 65.0591, 62.8274
280.326, 87.0143, 65.0591, 62.8274
280.326, 87.0143, 65.0591, 62.8274
280.326, 87.0143, 65.0591, 62.8274
280.326, 87.0143, 65.0591, 62.8274
282.954, 91.0226, 53.9695, 52.7172
282.954, 91.0226, 53.9695, 52.7172
282.954, 91.0226, 53.9695, 52.7172
282.954, 84.8688, 53.9695, 52.7172
282.954, 91.0226, 53.9695, 52.7172
273.373, 79.4203, 64.3198, 63.5495
273.373, 79.4203, 64.3198, 63.5495
273.373, 79.4203, 64.3198, 63.5495
273.373, 79.4203, 64.3198, 63.5495
273.373, 79.4203, 64.3198, 63.5495
273.373, 79.4203, 64.3198, 63.5495
273.373, 79.4203, 64.3198, 63.5495
273.373, 79.4203, 64.3198, 63.5495
273.373, 79.4203, 64.3198, 63.5495
276.8, 91.0226, 53.9695, 52.7172
273.373, 87.0143, 64.3198, 62.8274
273.373, 87.0143, 64.3198, 62.8274
273.373, 87.0143, 64.3198, 62.8274
273.373, 87.0143, 64.3198, 62.8274
273.373, 79.4203, 64.3198, 63.5495
273.373, 79.4203, 64.3198, 63.5495
273.373, 79.4203, 64.3198, 63.5495
273.373, 79.4203, 64.3198, 63.5495
273.373, 79.4203, 64.3198, 63.5495
273.373, 79.4203, 64.3198, 63.5495
282.954, 91.0226, 53.9695, 52.7172
282.954, 91.0226, 53.9695, 52.7172
282.954, 91.0226, 53.9695, 52.7172
280.326, 87.0143, 65.0591, 62.8274
280.326, 87.0143, 65.0591, 62.8274
280.326, 79.4203, 65.0591, 63.5495
280.326, 79.4203, 65.0591, 63.5495
280.326, 79.4203, 65.0591, 63.5495
289.107, 84.8688, 53.9695, 52.7172
287.988, 79.4203, 64.3198, 63.5495
295.261, 84.8688, 53.9695, 52.7172
295.261, 84.8688, 53.9695, 52.7172
295.261, 84.8688, 53.9695, 52.7172
295.261, 84.8688, 53.9695, 52.7172
295.261, 84.8688, 53.9695, 52.7172
295.261, 84.8688, 53.9695, 52.7172
295.261, 84.8688, 53.9695, 52.7172
295.261, 91.0226, 53.9695, 52.7172
295.261, 91.0226, 53.9695, 52.7172
295.261, 91.0226, 53.9695, 52.7172
295.261, 91.0226, 53.9695, 52.7172
295.261, 91.0226, 53.9695, 52.7172
295.261, 91.0226, 53.9695, 52.7172
295.261, 91.0226, 53.9695, 52.7172
295.261, 91.0226, 53.9695, 52.7172
287.988, 87.0143, 64.3198, 62.8274
295.261, 91.0226, 53.9695, 52.7172
287.988, 87.0143, 64.3198, 62.8274
287.988, 87.0143, 64.3198, 62.8274
287.988, 87.0143, 64.3198, 62.8274
287.988, 87.0143, 64.3198, 62.8274
287.988, 87.0143, 64.3198, 62.8274
287.988, 87.0143, 64.3198, 62.8274
287.988, 87.0143, 64.3198, 62.8274
287.988, 87.0143, 64.3198, 62.8274
287.988, 87.0143, 64.3198, 62.8274
287.988, 87.0143, 64.3198, 62.8274
287.988, 87.0143, 64.3198, 62.8274
287.988, 87.0143, 64.3198, 62.8274
287.988, 87.0143, 64.3198, 62.8274
287.988, 87.0143, 64.3198, 62.8274
287.988, 87.0143, 64.3198, 62.8274
287.988, 87.0143, 64.3198, 62.8274
287.988, 87.0143, 64.3198, 62.8274
287.988, 87.0143, 64.3198, 62.8274
287.988, 87.0143, 64.3198, 62.8274
287.988, 87.0143, 64.3198, 62.8274
287.988, 87.0143, 64.3198, 62.8274
287.988, 87.0143, 64.3198, 62.8274
287.988, 87.0143, 64.3198, 62.8274
295.261, 84.8688, 53.9695, 52.7172
295.261, 84.8688, 53.9695, 52.7172
287.988, 87.0143, 64.3198, 62.8274
287.988, 87.0143, 64.3198, 62.8274
287.988, 87.0143, 64.3198, 62.8274
287.988, 79.4203, 64.3198, 63.5495
287.988, 79.4203, 64.3198, 63.5495
287.988, 79.4203, 64.3198, 63.5495
287.988, 79.4203, 64.3198, 63.5495
294.941, 79.4203, 65.0591, 63.5495
294.941, 79.4203, 65.0591, 63.5495
294.941, 79.4203, 65.0591, 63.5495
294.941, 79.4203, 65.0591, 63.5495
294.941, 87.0143, 65.0591, 62.8274
294.941, 87.0143, 65.0591, 62.8274
294.941, 87.0143, 65.0591, 62.8274
294.941, 87.0143, 65.0591, 62.8274
294.941, 87.0143, 65.0591, 62.8274
295.261, 91.0226, 53.9695, 52.7172
287.988, 87.0143, 64.3198, 62.8274
287.988, 87.0143, 64.3198, 62.8274
287.988, 87.0143, 64.3198, 62.8274
295.261, 91.0226, 53.9695, 52.7172
287.988, 87.0143, 64.3198, 62.8274
287.988, 87.0143, 64.3198, 62.8274
287.988, 87.0143, 64.3198, 62.8274
287.988, 87.0143, 64.3198, 62.8274
287.988, 87.0143, 64.3198, 62.8274
289.107, 91.0226, 53.9695, 52.7172
289.107, 91.0226, 53.9695, 52.7172
289.107, 91.0226, 53.9695, 52.7172
280.326, 87.0143, 65.0591, 62.8274
280.326, 87.0143, 65.0591, 62.8274
280.326, 87.0143, 65.0591, 62.8274
280.326, 87.0143, 65.0591, 62.8274
280.326, 87.0143, 65.0591, 62.8274
282.954, 91.0226, 53.9695, 52.7172
282.954, 91.0226, 53.9695, 52.7172
282.954, 91.0226, 53.9695, 52.7172
273.373, 87.0143, 64.3198, 62.8274
273.373, 87.0143, 64.3198, 62.8274
273.373, 87.0143, 64.3198, 62.8274
273.373, 87.0143, 64.3198, 62.8274
273.373, 87.0143, 64.3198, 62.8274
273.373, 87.0143, 64.3198, 62.8274
273.373, 87.0143, 64.3198, 62.8274
276.8, 84.8688, 53.9695, 52.7172
276.8, 84.8688, 53.9695, 52.7172
276.8, 84.8688, 53.9695, 52.7172
276.8, 84.8688, 53.9695, 52.7172
276.8, 84.8688, 53.9695, 52.7172
276.8, 84.8688, 53.9695, 52.7172
276.8, 84.8688, 53.9695, 52.7172
276.8, 91.0226, 53.9695, 52.7172
265.68, 79.4203, 64.3198, 63.5495
265.68, 79.4203, 64.3198, 63.5495
265.68, 79.4203, 64.3198, 63.5495
265.68, 79.4203, 64.3198, 63.5495
276.8, 84.8688, 53.9695, 52.7172
276.8, 84.8688, 53.9695, 52.7172
273.373, 79.4203, 64.3198, 63.5495
282.954, 84.8688, 53.9695, 52.7172
282.954, 84.8688, 53.9695, 52.7172
282.954, 84.8688, 53.9695, 52.7172
282.954, 84.8688, 53.9695, 52.7172
273.373, 87.0143, 64.3198, 62.8274
273.373, 87.0143, 64.3198, 62.8274
273.373, 87.0143, 64.3198, 62.8274
276.8, 84.8688, 53.9695, 52.7172
282.954, 84.8688, 53.9695, 52.7172
282.954, 84.8688, 53.9695, 52.7172
282.954, 84.8688, 53.9695, 52.7172
280.326, 87.0143, 65.0591, 62.8274
280.326, 87.0143, 65.0591, 62.8274
280.326, 87.0143, 65.0591, 62.8274
289.107, 91.0226, 53.9695, 52.7172
289.107, 91.0226, 53.9695, 52.7172
287.988, 87.0143, 64.3198, 62.8274
287.988, 87.0143, 64.3198, 62.8274
287.988, 87.0143, 64.3198, 62.8274
287.988, 87.0143, 64.3198, 62.8274
287.988, 87.0143, 64.3198, 62.8274
287.988, 87.0143, 64.3198, 62.8274
287.988, 87.0143, 64.3198, 62.8274
287.988, 87.0143, 64.3198, 62.8274
287.988, 87.0143, 64.3198, 62.8274
287.988, 87.0143, 64.3198, 62.8274
287.988, 79.4203, 64.3198, 63.5495
287.988, 87.0143, 64.3198, 62.8274
287.988, 79.4203, 64.3198, 63.5495
287.988, 79.4203, 64.3198, 63.5495
287.988, 87.0143, 64.3198, 62.8274
287.988, 87.0143, 64.3198, 62.8274
287.988, 87.0143, 64.3198, 62.8274
295.261, 91.0226, 53.9695, 52.7172
287.988, 87.0143, 64.3198, 62.8274
287.988, 87.0143, 64.3198, 62.8274
287.988, 87.0143, 64.3198, 62.8274
287.988, 87.0143, 64.3198, 62.8274
287.988, 87.0143, 64.3198, 62.8274
287.988, 87.0143, 64.3198, 62.8274
287.988, 87.0143, 64.3198, 62.8274
287.988, 87.0143, 64.3198, 62.8274
287.988, 87.0143, 64.3198, 62.8274
295.261, 91.0226, 53.9695, 52.7172
287.988, 87.0143, 64.3198, 62.8274
287.988, 94.7066, 64.3198, 62.8274
287.988, 94.7066, 64.3198, 62.8274
287.988, 94.7066, 64.3198, 62.8274
289.107, 103.33, 53.9695, 52.7172
289.107, 103.33, 53.9695, 52.7172
289.107, 103.33, 53.9695, 52.7172
289.107, 103.33, 53.9695, 52.7172
289.107, 109.484, 53.9695, 52.7172
289.107, 109.484, 53.9695, 52.7172
289.107, 109.484, 53.9695, 52.7172
289.107, 109.484, 53.9695, 52.7172
289.107, 109.484, 53.9695, 52.7172
289.107, 109.484, 53.9695, 52.7172
287.988, 109.322, 64.3198, 62.8274
287.988, 109.322, 64.3198, 62.8274
295.261, 109.484, 53.9695, 52.7172
295.261, 109.484, 53.9695, 52.7172
295.261, 109.484, 53.9695, 52.7172
295.261, 109.484, 53.9695, 52.7172
301.415, 109.484, 53.9695, 52.7172
301.415, 109.484, 53.9695, 52.7172
301.415, 109.484, 53.9695, 52.7172
301.415, 109.484, 53.9695, 52.7172
307.569, 109.484, 53.9695, 52.7172
307.569, 109.484, 53.9695, 52.7172
313.723, 103.33, 53.9695, 52.7172
313.723, 103.33, 53.9695, 52.7172
313.723, 109.484, 53.9695, 52.7172
319.877, 103.33, 53.9695, 52.7172
319.877, 109.484, 53.9695, 52.7172
319.877, 109.484, 53.9695, 52.7172
319.877, 109.484, 53.9695, 52.7172
319.877, 109.484, 53.9695, 52.7172
319.877, 109.484, 53.9695, 52.7172
319.877, 109.484, 53.9695, 52.7172
319.877, 109.484, 53.9695, 52.7172
319.877, 109.484, 53.9695, 52.7172
319.877, 109.484, 53.9695, 52.7172
319.877, 109.484, 53.9695, 52.7172
319.877, 109.484, 53.9695, 52.7172
313.723, 109.484, 53.9695, 52.7172
313.723, 109.484, 53.9695, 52.7172
313.723, 109.484, 53.9695, 52.7172
307.569, 109.484, 53.9695, 52.7172
307.569, 109.484, 53.9695, 52.7172
307.569, 109.484, 53.9695, 52.7172
301.415, 109.484, 53.9695, 52.7172
301.415, 115.638, 53.9695, 52.7172
295.261, 115.638, 53.9695, 52.7172
295.261, 115.638, 53.9695, 52.7172
295.261, 115.638, 53.9695, 52.7172
295.261, 115.638, 53.9695, 52.7172
287.988, 109.322, 64.3198, 62.8274
287.988, 109.322, 64.3198, 62.8274
287.988, 109.322, 64.3198, 62.8274
287.988, 101.728, 64.3198, 63.5495
289.107, 103.33, 53.9695, 52.7172
289.107, 103.33, 53.9695, 52.7172
289.107, 97.1765, 53.9695, 52.7172
289.107, 91.0226, 53.9695, 52.7172
289.107, 91.0226, 53.9695, 52.7172
289.107, 91.0226, 53.9695, 52.7172
289.107, 91.0226, 53.9695, 52.7172
289.107, 91.0226, 53.9695, 52.7172
289.107, 91.0226, 53.9695, 52.7172
289.107, 91.0226, 53.9695, 52.7172
289.107, 84.8688, 53.9695, 52.7172
289.107, 84.8688, 53.9695, 52.7172
287.988, 79.4203, 64.3198, 63.5495
287.988, 79.4203, 64.3198, 63.5495
287.988, 79.4203, 64.3198, 63.5495
287.988, 79.4203, 64.3198, 63.5495
287.988, 79.4203, 64.3198, 63.5495
287.988, 79.4203, 64.3198, 63.5495
287.988, 79.4203, 64.3198, 63.5495
287.988, 79.4203, 64.3198, 63.5495
287.988, 79.4203, 64.3198, 63.5495
294.941, 79.4203, 65.0591, 63.5495
294.941, 79.4203, 65.0591, 63.5495
294.941, 79.4203, 65.0591, 63.5495
294.941, 79.4203, 65.0591, 63.5495
294.941, 79.4203, 65.0591, 63.5495
294.941, 79.4203, 65.0591, 63.5495
294.941, 79.4203, 65.0591, 63.5495
294.941, 79.4203, 65.0591, 63.5495
294.941, 79.4203, 65.0591, 63.5495
294.941, 79.4203, 65.0591, 63.5495
294.941, 79.4203, 65.0591, 63.5495
294.941, 79.4203, 65.0591, 63.5495
294.941, 79.4203, 65.0591, 63.5495
294.941, 79.4203, 65.0591, 63.5495
294.941, 79.4203, 65.0591, 63.5495
294.941, 79.4203, 65.0591, 63.5495
294.941, 79.4203, 65.0591, 63.5495
294.941, 79.4203, 65.0591, 63.5495
294.941, 79.4203, 65.0591, 63.5495
294.941, 79.4203, 65.0591, 63.5495
294.941, 79.4203, 65.0591, 63.5495
294.941, 79.4203, 65.0591, 63.5495
294.941, 79.4203, 65.0591, 63.5495
294.941, 79.4203, 65.0591, 63.5495
294.941, 79.4203, 65.0591, 63.5495
294.941, 79.4203, 65.0591, 63.5495
294.941, 79.4203, 65.0591, 63.5495
294.941, 79.4203, 65.0591, 63.5495
294.941, 79.4203, 65.0591, 63.5495
294.941, 79.4203, 65.0591, 63.5495
294.941, 79.4203, 65.0591, 63.5495
294.941, 79.4203, 65.0591, 63.5495
294.941, 79.4203, 65.0591, 63.5495
287.988, 79.4203, 64.3198, 63.5495
295.261, 84.8688, 53.9695, 52.7172
287.988, 79.4203, 64.3198, 63.5495
287.988, 79.4203, 64.3198, 63.5495
289.107, 84.8688, 53.9695, 52.7172
289.107, 84.8688, 53.9695, 52.7172
289.107, 84.8688, 53.9695, 52.7172
289.107, 91.0226, 53.9695, 52.7172
289.107, 91.0226, 53.9695, 52.7172
289.107, 91.0226, 53.9695, 52.7172
289.107, 91.0226, 53.9695, 52.7172
289.107, 91.0226, 53.9695, 52.7172
289.107, 84.8688, 53.9695, 52.7172
287.988, 87.0143, 64.3198, 62.8274
287.988, 87.0143, 64.3198, 62.8274
287.988, 87.0143, 64.3198, 62.8274
287.988, 87.0143, 64.3198, 62.8274
287.988, 87.0143, 64.3198, 62.8274
287.988, 87.0143, 64.3198, 62.8274
287.988, 87.0143, 64.3198, 62.8274
287.988, 87.0143, 64.3198, 62.8274
289.107, 91.0226, 53.9695, 52.7172
289.107, 91.0226, 53.9695, 52.7172
289.107, 91.0226, 53.9695, 52.7172
289.107, 91.0226, 53.9695, 52.7172
289.107, 91.0226, 53.9695, 52.7172
289.107, 91.0226, 53.9695, 52.7172
289.107, 91.0226, 53.9695, 52.7172
289.107, 91.0226, 53.9695, 52.7172
289.107, 91.0226, 53.9695, 52.7172
289.107, 91.0226, 53.9695, 52.7172
289.107, 97.1765, 53.9695, 52.7172
289.107, 97.1765, 53.9695, 52.7172
289.107, 97.1765, 53.9695, 52.7172
289.107, 91.0226, 53.9695, 52.7172
289.107, 91.0226, 53.9695, 52.7172
289.107, 91.0226, 53.9695, 52.7172
289.107, 91.0226, 53.9695, 52.7172
289.107, 91.0226, 53.9695, 52.7172
289.107, 91.0226, 53.9695, 52.7172
289.107, 91.0226, 53.9695, 52.7172
289.107, 91.0226, 53.9695, 52.7172
289.107, 91.0226, 53.9695, 52.7172
289.107, 91.0226, 53.9695, 52.7172
289.107, 91.0226, 53.9695, 52.7172
289.107, 91.0226, 53.9695, 52.7172
282.954, 91.0226, 53.9695, 52.7172
282.954, 91.0226, 53.9695, 52.7172
282.954, 91.0226, 53.9695, 52.7172
282.954, 91.0226, 53.9695, 52.7172
282.954, 91.0226, 53.9695, 52.7172
282.954, 91.0226, 53.9695, 52.7172
282.954, 91.0226, 53.9695, 52.7172
282.954, 91.0226, 53.9695, 52.7172
273.373, 87.0143, 64.3198, 62.8274
276.8, 91.0226, 53.9695, 52.7172
273.373, 87.0143, 64.3198, 62.8274
273.373, 87.0143, 64.3198, 62.8274
276.8, 91.0226, 53.9695, 52.7172
273.373, 87.0143, 64.3198, 62.8274
273.373, 87.0143, 64.3198, 62.8274
273.373, 87.0143, 64.3198, 62.8274
273.373, 87.0143, 64.3198, 62.8274
282.954, 91.0226, 53.9695, 52.7172
282.954, 91.0226, 53.9695, 52.7172
282.954, 91.0226, 53.9695, 52.7172
273.373, 87.0143, 64.3198, 62.8274
276.8, 91.0226, 53.9695, 52.7172
276.8, 91.0226, 53.9695, 52.7172
276.8, 91.0226, 53.9695, 52.7172
276.8, 91.0226, 53.9695, 52.7172
273.373, 87.0143, 64.3198, 62.8274
273.373, 87.0143, 64.3198, 62.8274
273.373, 87.0143, 64.3198, 62.8274
273.373, 87.0143, 64.3198, 62.8274
282.954, 91.0226, 53.9695, 52.7172
282.954, 91.0226, 53.9695, 52.7172
282.954, 91.0226, 53.9695, 52.7172
280.326, 94.7066, 65.0591, 62.8274
280.326, 94.7066, 65.0591, 62.8274
280.326, 94.7066, 65.0591, 62.8274
280.326, 94.7066, 65.0591, 62.8274
280.326, 94.7066, 65.0591, 62.8274
280.326, 94.7066, 65.0591, 62.8274
280.326, 94.7066, 65.0591, 62.8274
280.326, 94.7066, 65.0591, 62.8274
280.326, 94.7066, 65.0591, 62.8274
289.107, 97.1765, 53.9695, 52.7172
289.107, 97.1765, 53.9695, 52.7172
289.107, 97.1765, 53.9695, 52.7172
289.107, 97.1765, 53.9695, 52.7172
289.107, 97.1765, 53.9695, 52.7172
289.107, 97.1765, 53.9695, 52.7172
289.107, 97.1765, 53.9695, 52.7172
289.107, 97.1765, 53.9695, 52.7172
289.107, 97.1765, 53.9695, 52.7172
289.107, 97.1765, 53.9695, 52.7172
289.107, 97.1765, 53.9695, 52.7172
289.107, 97.1765, 53.9695, 52.7172
289.107, 97.1765, 53.9695, 52.7172
280.326, 94.7066, 65.0591, 62.8274
280.326, 87.0143, 65.0591, 62.8274
280.326, 94.7066, 65.0591, 62.8274
289.107, 91.0226, 53.9695, 52.7172
289.107, 91.0226, 53.9695, 52.7172
289.107, 91.0226, 53.9695, 52.7172
289.107, 91.0226, 53.9695, 52.7172
289.107, 91.0226, 53.9695, 52.7172
289.107, 91.0226, 53.9695, 52.7172
289.107, 91.0226, 53.9695, 52.7172
289.107, 91.0226, 53.9695, 52.7172
289.107, 91.0226, 53.9695, 52.7172
289.107, 91.0226, 53.9695, 52.7172
287.988, 79.4203, 64.3198, 63.5495
287.988, 79.4203, 64.3198, 63.5495
287.988, 79.4203, 64.3198, 63.5495
287.988, 79.4203, 64.3198, 63.5495
289.107, 91.0226, 53.9695, 52.7172
289.107, 91.0226, 53.9695, 52.7172
289.107, 91.0226, 53.9695, 52.7172
287.988, 87.0143, 64.3198, 62.8274
287.988, 87.0143, 64.3198, 62.8274
287.988, 87.0143, 64.3198, 62.8274
287.988, 87.0143, 64.3198, 62.8274
287.988, 87.0143, 64.3198, 62.8274
287.988, 87.0143, 64.3198, 62.8274
287.988, 87.0143, 64.3198, 62.8274
295.261, 91.0226, 53.9695, 52.7172
287.988, 87.0143, 64.3198, 62.8274
295.261, 91.0226, 53.9695, 52.7172
295.261, 91.0226, 53.9695, 52.7172
295.261, 91.0226, 53.9695, 52.7172
295.261, 91.0226, 53.9695, 52.7172
287.988, 87.0143, 64.3198, 62.8274
295.261, 91.0226, 53.9695, 52.7172
295.261, 91.0226, 53.9695, 52.7172
295.261, 91.0226, 53.9695, 52.7172
295.261, 91.0226, 53.9695, 52.7172
295.261, 91.0226, 53.9695, 52.7172
295.261, 91.0226, 53.9695, 52.7172
295.261, 91.0226, 53.9695, 52.7172
295.261, 91.0226, 53.9695, 52.7172
295.261, 91.0226, 53.9695, 52.7172
295.261, 91.0226, 53.9695, 52.7172
295.261, 91.0226, 53.9695, 52.7172
295.261, 91.0226, 53.9695, 52.7172
295.261, 91.0226, 53.9695, 52.7172
295.261, 91.0226, 53.9695, 52.7172
295.261, 91.0226, 53.9695, 52.7172
295.261, 91.0226, 53.9695, 52.7172
295.261, 91.0226, 53.9695, 52.7172
295.261, 91.0226, 53.9695, 52.7172
295.261, 91.0226, 53.9695, 52.7172
295.261, 91.0226, 53.9695, 52.7172
295.261, 91.0226, 53.9695, 52.7172
295.261, 91.0226, 53.9695, 52.7172
295.261, 91.0226, 53.9695, 52.7172
295.261, 91.0226, 53.9695, 52.7172
295.261, 91.0226, 53.9695, 52.7172
295.261, 91.0226, 53.9695, 52.7172
295.261, 91.0226, 53.9695, 52.7172
295.261, 91.0226, 53.9695, 52.7172
287.988, 87.0143, 64.3198, 62.8274
287.988, 87.0143, 64.3198, 62.8274
287.988, 87.0143, 64.3198, 62.8274
287.988, 87.0143, 64.3198, 62.8274
289.107, 91.0226, 53.9695, 52.7172
289.107, 91.0226, 53.9695, 52.7172
289.107, 91.0226, 53.9695, 52.7172
289.107, 91.0226, 53.9695, 52.7172
289.107, 91.0226, 53.9695, 52.7172
289.107, 91.0226, 53.9695, 52.7172
289.107, 91.0226, 53.9695, 52.7172
280.326, 87.0143, 65.0591, 62.8274
280.326, 87.0143, 65.0591, 62.8274
280.326, 87.0143, 65.0591, 62.8274
280.326, 87.0143, 65.0591, 62.8274
280.326, 87.0143, 65.0591, 62.8274
280.326, 87.0143, 65.0591, 62.8274
280.326, 87.0143, 65.0591, 62.8274
282.954, 91.0226, 53.9695, 52.7172
282.954, 91.0226, 53.9695, 52.7172
282.954, 91.0226, 53.9695, 52.7172
282.954, 91.0226, 53.9695, 52.7172
280.326, 87.0143, 65.0591, 62.8274
289.107, 91.0226, 53.9695, 52.7172
289.107, 91.0226, 53.9695, 52.7172
289.107, 91.0226, 53.9695, 52.7172
280.326, 87.0143, 65.0591, 62.8274
280.326, 87.0143, 65.0591, 62.8274
289.107, 91.0226, 53.9695, 52.7172
289.107, 91.0226, 53.9695, 52.7172
289.107, 91.0226, 53.9695, 52.7172
289.107, 91.0226, 53.9695, 52.7172
289.107, 91.0226, 53.9695, 52.7172
280.326, 87.0143, 65.0591, 62.8274
280.326, 87.0143, 65.0591, 62.8274
280.326, 87.0143, 65.0591, 62.8274
280.326, 87.0143, 65.0591, 62.8274
280.326, 87.0143, 65.0591, 62.8274
280.326, 87.0143, 65.0591, 62.8274
289.107, 91.0226, 53.9695, 52.7172
280.326, 87.0143, 65.0591, 62.8274
280.326, 87.0143, 65.0591, 62.8274
280.326, 87.0143, 65.0591, 62.8274
280.326, 87.0143, 65.0591, 62.8274
280.326, 87.0143, 65.0591, 62.8274
280.326, 87.0143, 65.0591, 62.8274
280.326, 87.0143, 65.0591, 62.8274
280.326, 87.0143, 65.0591, 62.8274
273.373, 87.0143, 64.3198, 62.8274
273.373, 87.0143, 64.3198, 62.8274
273.373, 87.0143, 64.3198, 62.8274
273.373, 87.0143, 64.3198, 62.8274
273.373, 87.0143, 64.3198, 62.8274
273.373, 87.0143, 64.3198, 62.8274
273.373, 87.0143, 64.3198, 62.8274
273.373, 87.0143, 64.3198, 62.8274
276.8, 91.0226, 53.9695, 52.7172
276.8, 91.0226, 53.9695, 52.7172
265.68, 87.0143, 64.3198, 62.8274
265.68, 79.4203, 64.3198, 63.5495
265.68, 87.0143, 64.3198, 62.8274
265.68, 87.0143, 64.3198, 62.8274
265.68, 87.0143, 64.3198, 62.8274
265.68, 87.0143, 64.3198, 62.8274
265.68, 87.0143, 64.3198, 62.8274
265.68, 87.0143, 64.3198, 62.8274
276.8, 91.0226, 53.9695, 52.7172
276.8, 91.0226, 53.9695, 52.7172
276.8, 91.0226, 53.9695, 52.7172
276.8, 91.0226, 53.9695, 52.7172
265.68, 87.0143, 64.3198, 62.8274
276.8, 91.0226, 53.9695, 52.7172
276.8, 91.0226, 53.9695, 52.7172
276.8, 91.0226, 53.9695, 52.7172
273.373, 87.0143, 64.3198, 62.8274
282.954, 91.0226, 53.9695, 52.7172
282.954, 91.0226, 53.9695, 52.7172
282.954, 91.0226, 53.9695, 52.7172
282.954, 91.0226, 53.9695, 52.7172
280.326, 87.0143, 65.0591, 62.8274
280.326, 87.0143, 65.0591, 62.8274
280.326, 87.0143, 65.0591, 62.8274
280.326, 87.0143, 65.0591, 62.8274
280.326, 87.0143, 65.0591, 62.8274
289.107, 91.0226, 53.9695, 52.7172
289.107, 91.0226, 53.9695, 52.7172
287.988, 87.0143, 64.3198, 62.8274
287.988, 87.0143, 64.3198, 62.8274
287.988, 87.0143, 64.3198, 62.8274
287.988, 87.0143, 64.3198, 62.8274
295.261, 91.0226, 53.9695, 52.7172
294.941, 87.0143, 65.0591, 62.8274
294.941, 79.4203, 65.0591, 63.5495
302.603, 87.0143, 64.3198, 62.8274
307.569, 84.8688, 53.9695, 52.7172
313.723, 84.8688, 53.9695, 52.7172
317.249, 79.4203, 65.0591, 63.5495
317.249, 79.4203, 65.0591, 63.5495
326.031, 78.7149, 53.9695, 52.7172
324.911, 79.4203, 64.3198, 63.5495
324.911, 79.4203, 64.3198, 63.5495
331.864, 79.4203, 65.0591, 63.5495
338.338, 78.7149, 53.9695, 52.7172
338.338, 78.7149, 53.9695, 52.7172
338.338, 78.7149, 53.9695, 52.7172
344.492, 78.7149, 53.9695, 52.7172
344.492, 78.7149, 53.9695, 52.7172
344.492, 78.7149, 53.9695, 52.7172
344.492, 78.7149, 53.9695, 52.7172
344.492, 78.7149, 53.9695, 52.7172
331.864, 72.3989, 65.0591, 62.8274
331.864, 72.3989, 65.0591, 62.8274
331.864, 72.3989, 65.0591, 62.8274
332.184, 78.7149, 53.9695, 52.7172
324.911, 72.3989, 64.3198, 62.8274
324.911, 72.3989, 64.3198, 62.8274
317.249, 72.3989, 65.0591, 62.8274
317.249, 72.3989, 65.0591, 62.8274
310.296, 72.3989, 64.3198, 62.8274
310.296, 72.3989, 64.3198, 62.8274
302.603, 72.3989, 64.3198, 62.8274
294.941, 72.3989, 65.0591, 62.8274
294.941, 72.3989, 65.0591, 62.8274
294.941, 72.3989, 65.0591, 62.8274
287.988, 72.3989, 64.3198, 62.8274
287.988, 72.3989, 64.3198, 62.8274
280.326, 72.3989, 65.0591, 62.8274
282.954, 78.7149, 53.9695, 52.7172
273.373, 72.3989, 64.3198, 62.8274
273.373, 79.4203, 64.3198, 63.5495
273.373, 79.4203, 64.3198, 63.5495
265.68, 79.4203, 64.3198, 63.5495
265.68, 79.4203, 64.3198, 63.5495
265.68, 79.4203, 64.3198, 63.5495
265.68, 79.4203, 64.3198, 63.5495
265.68, 79.4203, 64.3198, 63.5495
265.68, 79.4203, 64.3198, 63.5495
265.68, 79.4203, 64.3198, 63.5495
265.68, 79.4203, 64.3198, 63.5495
265.68, 79.4203, 64.3198, 63.5495
265.68, 79.4203, 64.3198, 63.5495
265.68, 79.4203, 64.3198, 63.5495
265.68, 79.4203, 64.3198, 63.5495
265.68, 79.4203, 64.3198, 63.5495
265.68, 79.4203, 64.3198, 63.5495
265.68, 79.4203, 64.3198, 63.5495
273.373, 72.3989, 64.3198, 62.8274
273.373, 72.3989, 64.3198, 62.8274
273.373, 72.3989, 64.3198, 62.8274
273.373, 72.3989, 64.3198, 62.8274
273.373, 72.3989, 64.3198, 62.8274
282.954, 78.7149, 53.9695, 52.7172
282.954, 78.7149, 53.9695, 52.7172
282.954, 78.7149, 53.9695, 52.7172
280.326, 79.4203, 65.0591, 63.5495
280.326, 79.4203, 65.0591, 63.5495
289.107, 78.7149, 53.9695, 52.7172
289.107, 78.7149, 53.9695, 52.7172
287.988, 79.4203, 64.3198, 63.5495
287.988, 79.4203, 64.3198, 63.5495
287.988, 79.4203, 64.3198, 63.5495
287.988, 79.4203, 64.3198, 63.5495
287.988, 79.4203, 64.3198, 63.5495
287.988, 79.4203, 64.3198, 63.5495
287.988, 79.4203, 64.3198, 63.5495
295.261, 78.7149, 53.9695, 52.7172
295.261, 78.7149, 53.9695, 52.7172
295.261, 78.7149, 53.9695, 52.7172
294.941, 79.4203, 65.0591, 63.5495
294.941, 79.4203, 65.0591, 63.5495
294.941, 79.4203, 65.0591, 63.5495
294.941, 79.4203, 65.0591, 63.5495
294.941, 79.4203, 65.0591, 63.5495
301.415, 84.8688, 53.9695, 52.7172
302.603, 79.4203, 64.3198, 63.5495
302.603, 79.4203, 64.3198, 63.5495
302.603, 79.4203, 64.3198, 63.5495
302.603, 79.4203, 64.3198, 63.5495
302.603, 79.4203, 64.3198, 63.5495
302.603, 79.4203, 64.3198, 63.5495
302.603, 79.4203, 64.3198, 63.5495
302.603, 79.4203, 64.3198, 63.5495
302.603, 79.4203, 64.3198, 63.5495
307.569, 84.8688, 53.9695, 52.7172
307.569, 84.8688, 53.9695, 52.7172
307.569, 84.8688, 53.9695, 52.7172
307.569, 84.8688, 53.9695, 52.7172
307.569, 84.8688, 53.9695, 52.7172
302.603, 79.4203, 64.3198, 63.5495
302.603, 79.4203, 64.3198, 63.5495
302.603, 79.4203, 64.3198, 63.5495
302.603, 79.4203, 64.3198, 63.5495
307.569, 78.7149, 53.9695, 52.7172
307.569, 78.7149, 53.9695, 52.7172
307.569, 78.7149, 53.9695, 52.7172
302.603, 79.4203, 64.3198, 63.5495
302.603, 72.3989, 64.3198, 62.8274
313.723, 78.7149, 53.9695, 52.7172
313.723, 78.7149, 53.9695, 52.7172
313.723, 78.7149, 53.9695, 52.7172
313.723, 78.7149, 53.9695, 52.7172
313.723, 78.7149, 53.9695, 52.7172
313.723, 78.7149, 53.9695, 52.7172
313.723, 78.7149, 53.9695, 52.7172
313.723, 78.7149, 53.9695, 52.7172
310.296, 72.3989, 64.3198, 62.8274
310.296, 72.3989, 64.3198, 62.8274
310.296, 72.3989, 64.3198, 62.8274
310.296, 72.3989, 64.3198, 62.8274
310.296, 72.3989, 64.3198, 62.8274
310.296, 72.3989, 64.3198, 62.8274
310.296, 72.3989, 64.3198, 62.8274
310.296, 72.3989, 64.3198, 62.8274
310.296, 72.3989, 64.3198, 62.8274
310.296, 72.3989, 64.3198, 62.8274
310.296, 72.3989, 64.3198, 62.8274
310.296, 79.4203, 64.3198, 63.5495
310.296, 79.4203, 64.3198, 63.5495
310.296, 79.4203, 64.3198, 63.5495
310.296, 79.4203, 64.3198, 63.5495
310.296, 79.4203, 64.3198, 63.5495
310.296, 79.4203, 64.3198, 63.5495
310.296, 79.4203, 64.3198, 63.5495
310.296, 79.4203, 64.3198, 63.5495
310.296, 79.4203, 64.3198, 63.5495
310.296, 79.4203, 64.3198, 63.5495
310.296, 79.4203, 64.3198, 63.5495
313.723, 84.8688, 53.9695, 52.7172
302.603, 87.0143, 64.3198, 62.8274
302.603, 87.0143, 64.3198, 62.8274
307.569, 91.0226, 53.9695, 52.7172
301.415, 97.1765, 53.9695, 52.7172
301.415, 97.1765, 53.9695, 52.7172
294.941, 94.7066, 65.0591, 62.8274
295.261, 97.1765, 53.9695, 52.7172
295.261, 97.1765, 53.9695, 52.7172
295.261, 97.1765, 53.9695, 52.7172
295.261, 97.1765, 53.9695, 52.7172
295.261, 103.33, 53.9695, 52.7172
295.261, 103.33, 53.9695, 52.7172
295.261, 103.33, 53.9695, 52.7172
295.261, 103.33, 53.9695, 52.7172
295.261, 103.33, 53.9695, 52.7172
295.261, 103.33, 53.9695, 52.7172
295.261, 103.33, 53.9695, 52.7172
287.988, 94.7066, 64.3198, 62.8274
287.988, 94.7066, 64.3198, 62.8274
287.988, 94.7066, 64.3198, 62.8274
287.988, 94.7066, 64.3198, 62.8274
287.988, 94.7066, 64.3198, 62.8274
287.988, 94.7066, 64.3198, 62.8274
287.988, 87.0143, 64.3198, 62.8274
287.988, 87.0143, 64.3198, 62.8274
287.988, 87.0143, 64.3198, 62.8274
287.988, 87.0143, 64.3198, 62.8274
287.988, 87.0143, 64.3198, 62.8274
287.988, 87.0143, 64.3198, 62.8274
287.988, 87.0143, 64.3198, 62.8274
287.988, 87.0143, 64.3198, 62.8274
287.988, 87.0143, 64.3198, 62.8274
287.988, 87.0143, 64.3198, 62.8274
287.988, 87.0143, 64.3198, 62.8274
287.988, 87.0143, 64.3198, 62.8274
287.988, 87.0143, 64.3198, 62.8274
287.988, 87.0143, 64.3198, 62.8274
287.988, 87.0143, 64.3198, 62.8274
287.988, 87.0143, 64.3198, 62.8274
295.261, 91.0226, 53.9695, 52.7172
295.261, 91.0226, 53.9695, 52.7172
287.988, 87.0143, 64.3198, 62.8274
295.261, 91.0226, 53.9695, 52.7172
295.261, 84.8688, 53.9695, 52.7172
295.261, 84.8688, 53.9695, 52.7172
295.261, 84.8688, 53.9695, 52.7172
287.988, 87.0143, 64.3198, 62.8274
287.988, 87.0143, 64.3198, 62.8274
287.988, 87.0143, 64.3198, 62.8274
287.988, 87.0143, 64.3198, 62.8274
287.988, 87.0143, 64.3198, 62.8274
289.107, 84.8688, 53.9695, 52.7172
289.107, 84.8688, 53.9695, 52.7172
280.326, 79.4203, 65.0591, 63.5495
280.326, 79.4203, 65.0591, 63.5495
280.326, 79.4203, 65.0591, 63.5495
280.326, 79.4203, 65.0591, 63.5495
280.326, 79.4203, 65.0591, 63.5495
280.326, 79.4203, 65.0591, 63.5495
273.373, 79.4203, 64.3198, 63.5495
273.373, 79.4203, 64.3198, 63.5495
273.373, 79.4203, 64.3198, 63.5495
273.373, 79.4203, 64.3198, 63.5495
273.373, 79.4203, 64.3198, 63.5495
273.373, 79.4203, 64.3198, 63.5495
273.373, 79.4203, 64.3198, 63.5495
273.373, 79.4203, 64.3198, 63.5495
280.326, 79.4203, 65.0591, 63.5495
280.326, 79.4203, 65.0591, 63.5495
280.326, 79.4203, 65.0591, 63.5495
280.326, 79.4203, 65.0591, 63.5495
287.988, 79.4203, 64.3198, 63.5495
287.988, 79.4203, 64.3198, 63.5495
294.941, 79.4203, 65.0591, 63.5495
294.941, 79.4203, 65.0591, 63.5495
294.941, 79.4203, 65.0591, 63.5495
294.941, 79.4203, 65.0591, 63.5495
302.603, 79.4203, 64.3198, 63.5495
302.603, 79.4203, 64.3198, 63.5495
310.296, 79.4203, 64.3198, 63.5495
310.296, 79.4203, 64.3198, 63.5495
310.296, 79.4203, 64.3198, 63.5495
310.296, 79.4203, 64.3198, 63.5495
310.296, 79.4203, 64.3198, 63.5495
310.296, 79.4203, 64.3198, 63.5495
310.296, 79.4203, 64.3198, 63.5495
310.296, 79.4203, 64.3198, 63.5495
310.296, 79.4203, 64.3198, 63.5495
302.603, 87.0143, 64.3198, 62.8274
294.941, 87.0143, 65.0591, 62.8274
294.941, 87.0143, 65.0591, 62.8274
287.988, 87.0143, 64.3198, 62.8274
287.988, 87.0143, 64.3198, 62.8274
289.107, 84.8688, 53.9695, 52.7172
280.326, 87.0143, 65.0591, 62.8274
280.326, 87.0143, 65.0591, 62.8274
280.326, 87.0143, 65.0591, 62.8274
282.954, 91.0226, 53.9695, 52.7172
273.373, 87.0143, 64.3198, 62.8274
273.373, 87.0143, 64.3198, 62.8274
273.373, 87.0143, 64.3198, 62.8274
273.373, 87.0143, 64.3198, 62.8274
273.373, 87.0143, 64.3198, 62.8274
273.373, 87.0143, 64.3198, 62.8274
273.373, 87.0143, 64.3198, 62.8274
273.373, 87.0143, 64.3198, 62.8274
273.373, 87.0143, 64.3198, 62.8274
273.373, 94.7066, 64.3198, 62.8274
273.373, 94.7066, 64.3198, 62.8274
276.8, 97.1765, 53.9695, 52.7172
276.8, 103.33, 53.9695, 52.7172
276.8, 103.33, 53.9695, 52.7172
276.8, 109.484, 53.9695, 52.7172
276.8, 109.484, 53.9695, 52.7172
276.8, 115.638, 53.9695, 52.7172
276.8, 115.638, 53.9695, 52.7172
276.8, 115.638, 53.9695, 52.7172
276.8, 115.638, 53.9695, 52.7172
0, 0, 0, 0
0, 0, 0, 0
0, 0, 0, 0
0, 0, 0, 0
0, 0, 0, 0
0, 0, 0, 0
0, 0, 0, 0
0, 0, 0, 0
0, 0, 0, 0
0, 0, 0, 0
282.954, 121.792, 53.9695, 52.7172
282.954, 121.792, 53.9695, 52.7172
282.954, 121.792, 53.9695, 52.7172
282.954, 115.638, 53.9695, 52.7172
0, 0, 0, 0
0, 0, 0, 0
280.326, 116.343, 65.0591, 63.5495
0, 0, 0, 0
280.326, 116.343, 65.0591, 63.5495
280.326, 116.343, 65.0591, 63.5495
280.326, 116.343, 65.0591, 63.5495
280.326, 116.343, 65.0591, 63.5495
280.326, 116.343, 65.0591, 63.5495
280.326, 116.343, 65.0591, 63.5495
280.326, 116.343, 65.0591, 63.5495
282.954, 115.638, 53.9695, 52.7172
282.954, 115.638, 53.9695, 52.7172
282.954, 115.638, 53.9695, 52.7172
282.954, 115.638, 53.9695, 52.7172
282.954, 115.638, 53.9695, 52.7172
282.954, 115.638, 53.9695, 52.7172
282.954, 115.638, 53.9695, 52.7172
276.8, 115.638, 53.9695, 52.7172
276.8, 115.638, 53.9695, 52.7172
276.8, 115.638, 53.9695, 52.7172
276.8, 115.638, 53.9695, 52.7172
276.8, 115.638, 53.9695, 52.7172
276.8, 115.638, 53.9695, 52.7172
276.8, 115.638, 53.9695, 52.7172
276.8, 115.638, 53.9695, 52.7172
0, 0, 0, 0
0, 0, 0, 0
282.954, 115.638, 53.9695, 52.7172
282.954, 115.638, 53.9695, 52.7172
282.954, 115.638, 53.9695, 52.7172
282.954, 115.638, 53.9695, 52.7172
282.954, 115.638, 53.9695, 52.7172
282.954, 115.638, 53.9695, 52.7172
282.954, 115.638, 53.9695, 52.7172
282.954, 115.638, 53.9695, 52.7172
282.954, 109.484, 53.9695, 52.7172
282.954, 109.484, 53.9695, 52.7172
282.954, 103.33, 53.9695, 52.7172
280.326, 101.728, 65.0591, 63.5495
280.326, 101.728, 65.0591, 63.5495
280.326, 94.7066, 65.0591, 62.8274
280.326, 94.7066, 65.0591, 62.8274
280.326, 94.7066, 65.0591, 62.8274
280.326, 94.7066, 65.0591, 62.8274
280.326, 94.7066, 65.0591, 62.8274
289.107, 91.0226, 53.9695, 52.7172
289.107, 91.0226, 53.9695, 52.7172
289.107, 91.0226, 53.9695, 52.7172
287.988, 79.4203, 64.3198, 63.5495
287.988, 79.4203, 64.3198, 63.5495
287.988, 79.4203, 64.3198, 63.5495
287.988, 79.4203, 64.3198, 63.5495
287.988, 79.4203, 64.3198, 63.5495
287.988, 79.4203, 64.3198, 63.5495
287.988, 79.4203, 64.3198, 63.5495
287.988, 79.4203, 64.3198, 63.5495
287.988, 79.4203, 64.3198, 63.5495
287.988, 79.4203, 64.3198, 63.5495
287.988, 79.4203, 64.3198, 63.5495
287.988, 79.4203, 64.3198, 63.5495
287.988, 79.4203, 64.3198, 63.5495
294.941, 79.4203, 65.0591, 63.5495
294.941, 79.4203, 65.0591, 63.5495
294.941, 79.4203, 65.0591, 63.5495
294.941, 79.4203, 65.0591, 63.5495
294.941, 79.4203, 65.0591, 63.5495
294.941, 79.4203, 65.0591, 63.5495
294.941, 79.4203, 65.0591, 63.5495
294.941, 79.4203, 65.0591, 63.5495
294.941, 79.4203, 65.0591, 63.5495
294.941, 79.4203, 65.0591, 63.5495
294.941, 79.4203, 65.0591, 63.5495
294.941, 79.4203, 65.0591, 63.5495
294.941, 79.4203, 65.0591, 63.5495
294.941, 87.0143, 65.0591, 62.8274
295.261, 91.0226, 53.9695, 52.7172
295.261, 91.0226, 53.9695, 52.7172
287.988, 87.0143, 64.3198, 62.8274
295.261, 91.0226, 53.9695, 52.7172
287.988, 87.0143, 64.3198, 62.8274
287.988, 87.0143, 64.3198, 62.8274
287.988, 87.0143, 64.3198, 62.8274
287.988, 87.0143, 64.3198, 62.8274
287.988, 79.4203, 64.3198, 63.5495
289.107, 91.0226, 53.9695, 52.7172
280.326, 87.0143, 65.0591, 62.8274
280.326, 87.0143, 65.0591, 62.8274
280.326, 87.0143, 65.0591, 62.8274
280.326, 87.0143, 65.0591, 62.8274
280.326, 87.0143, 65.0591, 62.8274
280.326, 87.0143, 65.0591, 62.8274
280.326, 87.0143, 65.0591, 62.8274
280.326, 87.0143, 65.0591, 62.8274
280.326, 87.0143, 65.0591, 62.8274
280.326, 87.0143, 65.0591, 62.8274
280.326, 87.0143, 65.0591, 62.8274
280.326, 87.0143, 65.0591, 62.8274
280.326, 87.0143, 65.0591, 62.8274
280.326, 87.0143, 65.0591, 62.8274
280.326, 87.0143, 65.0591, 62.8274
280.326, 87.0143, 65.0591, 62.8274
280.326, 87.0143, 65.0591, 62.8274
280.326, 87.0143, 65.0591, 62.8274
280.326, 87.0143, 65.0591, 62.8274
280.326, 87.0143, 65.0591, 62.8274
280.326, 87.0143, 65.0591, 62.8274
282.954, 91.0226, 53.9695, 52.7172
282.954, 91.0226, 53.9695, 52.7172
282.954, 91.0226, 53.9695, 52.7172
282.954, 91.0226, 53.9695, 52.7172
282.954, 91.0226, 53.9695, 52.7172
280.326, 87.0143, 65.0591, 62.8274
282.954, 91.0226, 53.9695, 52.7172
280.326, 87.0143, 65.0591, 62.8274
280.326, 87.0143, 65.0591, 62.8274
280.326, 87.0143, 65.0591, 62.8274
280.326, 87.0143, 65.0591, 62.8274
280.326, 87.0143, 65.0591, 62.8274
280.326, 87.0143, 65.0591, 62.8274
280.326, 87.0143, 65.0591, 62.8274
282.954, 91.0226, 53.9695, 52.7172
282.954, 91.0226, 53.9695, 52.7172
282.954, 91.0226, 53.9695, 52.7172
282.954, 91.0226, 53.9695, 52.7172
282.954, 91.0226, 53.9695, 52.7172
282.954, 91.0226, 53.9695, 52.7172
282.954, 91.0226, 53.9695, 52.7172
280.326, 87.0143, 65.0591, 62.8274
280.326, 87.0143, 65.0591, 62.8274
280.326, 87.0143, 65.0591, 62.8274
280.326, 87.0143, 65.0591, 62.8274
280.326, 87.0143, 65.0591, 62.8274
280.326, 87.0143, 65.0591, 62.8274
280.326, 87.0143, 65.0591, 62.8274
280.326, 87.0143, 65.0591, 62.8274
289.107, 91.0226, 53.9695, 52.7172
289.107, 91.0226, 53.9695, 52.7172
289.107, 91.0226, 53.9695, 52.7172
289.107, 91.0226, 53.9695, 52.7172
289.107, 84.8688, 53.9695, 52.7172
287.988, 79.4203, 64.3198, 63.5495
287.988, 79.4203, 64.3198, 63.5495
287.988, 79.4203, 64.3198, 63.5495
287.988, 79.4203, 64.3198, 63.5495
287.988, 79.4203, 64.3198, 63.5495
287.988, 79.4203, 64.3198, 63.5495
294.941, 79.4203, 65.0591, 63.5495
294.941, 79.4203, 65.0591, 63.5495
294.941, 79.4203, 65.0591, 63.5495
294.941, 79.4203, 65.0591, 63.5495
294.941, 79.4203, 65.0591, 63.5495
294.941, 79.4203, 65.0591, 63.5495
294.941, 79.4203, 65.0591, 63.5495
294.941, 79.4203, 65.0591, 63.5495
294.941, 72.3989, 65.0591, 62.8274
294.941, 79.4203, 65.0591, 63.5495
294.941, 79.4203, 65.0591, 63.5495
294.941, 79.4203, 65.0591, 63.5495
294.941, 79.4203, 65.0591, 63.5495
294.941, 79.4203, 65.0591, 63.5495
294.941, 79.4203, 65.0591, 63.5495
294.941, 79.4203, 65.0591, 63.5495
294.941, 79.4203, 65.0591, 63.5495
287.988, 79.4203, 64.3198, 63.5495
287.988, 79.4203, 64.3198, 63.5495
287.988, 79.4203, 64.3198, 63.5495
287.988, 79.4203, 64.3198, 63.5495
287.988, 79.4203, 64.3198, 63.5495
287.988, 79.4203, 64.3198, 63.5495
287.988, 79.4203, 64.3198, 63.5495
287.988, 79.4203, 64.3198, 63.5495
287.988, 79.4203, 64.3198, 63.5495
287.988, 79.4203, 64.3198, 63.5495
287.988, 79.4203, 64.3198, 63.5495
280.326, 79.4203, 65.0591, 63.5495
280.326, 79.4203, 65.0591, 63.5495
280.326, 79.4203, 65.0591, 63.5495
280.326, 79.4203, 65.0591, 63.5495
280.326, 87.0143, 65.0591, 62.8274
280.326, 87.0143, 65.0591, 62.8274
280.326, 87.0143, 65.0591, 62.8274
280.326, 87.0143, 65.0591, 62.8274
280.326, 87.0143, 65.0591, 62.8274
280.326, 87.0143, 65.0591, 62.8274
280.326, 87.0143, 65.0591, 62.8274
280.326, 87.0143, 65.0591, 62.8274
280.326, 87.0143, 65.0591, 62.8274
280.326, 87.0143, 65.0591, 62.8274
282.954, 91.0226, 53.9695, 52.7172
282.954, 91.0226, 53.9695, 52.7172
282.954, 91.0226, 53.9695, 52.7172
282.954, 91.0226, 53.9695, 52.7172
282.954, 91.0226, 53.9695, 52.7172
282.954, 91.0226, 53.9695, 52.7172
280.326, 87.0143, 65.0591, 62.8274
280.326, 87.0143, 65.0591, 62.8274
289.107, 91.0226, 53.9695, 52.7172
289.107, 91.0226, 53.9695, 52.7172
289.107, 91.0226, 53.9695, 52.7172
289.107, 91.0226, 53.9695, 52.7172
289.107, 91.0226, 53.9695, 52.7172
289.107, 84.8688, 53.9695, 52.7172
289.107, 84.8688, 53.9695, 52.7172
289.107, 84.8688, 53.9695, 52.7172
287.988, 87.0143, 64.3198, 62.8274
287.988, 87.0143, 64.3198, 62.8274
287.988, 87.0143, 64.3198, 62.8274
287.988, 87.0143, 64.3198, 62.8274
295.261, 84.8688, 53.9695, 52.7172
295.261, 84.8688, 53.9695, 52.7172
287.988, 87.0143, 64.3198, 62.8274
287.988, 87.0143, 64.3198, 62.8274
287.988, 87.0143, 64.3198, 62.8274
287.988, 87.0143, 64.3198, 62.8274
287.988, 87.0143, 64.3198, 62.8274
287.988, 87.0143, 64.3198, 62.8274
287.988, 87.0143, 64.3198, 62.8274
295.261, 91.0226, 53.9695, 52.7172
295.261, 91.0226, 53.9695, 52.7172
295.261, 91.0226, 53.9695, 52.7172
295.261, 91.0226, 53.9695, 52.7172
295.261, 91.0226, 53.9695, 52.7172
295.261, 91.0226, 53.9695, 52.7172
295.261, 91.0226, 53.9695, 52.7172
295.261, 91.0226, 53.9695, 52.7172
295.261, 91.0226, 53.9695, 52.7172
295.261, 91.0226, 53.9695, 52.7172
295.261, 91.0226, 53.9695, 52.7172
295.261, 91.0226, 53.9695, 52.7172
295.261, 91.0226, 53.9695, 52.7172
295.261, 91.0226, 53.9695, 52.7172
295.261, 91.0226, 53.9695, 52.7172
295.261, 91.0226, 53.9695, 52.7172
295.261, 91.0226, 53.9695, 52.7172
295.261, 91.0226, 53.9695, 52.7172
295.261, 91.0226, 53.9695, 52.7172
295.261, 91.0226, 53.9695, 52.7172
295.261, 91.0226, 53.9695, 52.7172
295.261, 91.0226, 53.9695, 52.7172
295.261, 91.0226, 53.9695, 52.7172
295.261, 91.0226, 53.9695, 52.7172
295.261, 91.0226, 53.9695, 52.7172
295.261, 91.0226, 53.9695, 52.7172
295.261, 91.0226, 53.9695, 52.7172
295.261, 91.0226, 53.9695, 52.7172
295.261, 91.0226, 53.9695, 52.7172
295.261, 91.0226, 53.9695, 52.7172
295.261, 91.0226, 53.9695, 52.7172
295.261, 91.0226, 53.9695, 52.7172
295.261, 91.0226, 53.9695, 52.7172
295.261, 91.0226, 53.9695, 52.7172
295.261, 91.0226, 53.9695, 52.7172
287.988, 87.0143, 64.3198, 62.8274
287.988, 87.0143, 64.3198, 62.8274
287.988, 87.0143, 64.3198, 62.8274
294.941, 79.4203, 65.0591, 63.5495
294.941, 79.4203, 65.0591, 63.5495
294.941, 79.4203, 65.0591, 63.5495
301.415, 91.0226, 53.9695, 52.7172
301.415, 91.0226, 53.9695, 52.7172
294.941, 87.0143, 65.0591, 62.8274
294.941, 87.0143, 65.0591, 62.8274
294.941, 87.0143, 65.0591, 62.8274
294.941, 87.0143, 65.0591, 62.8274
294.941, 87.0143, 65.0591, 62.8274
294.941, 87.0143, 65.0591, 62.8274
294.941, 87.0143, 65.0591, 62.8274
294.941, 87.0143, 65.0591, 62.8274
294.941, 87.0143, 65.0591, 62.8274
294.941, 79.4203, 65.0591, 63.5495
294.941, 87.0143, 65.0591, 62.8274
301.415, 91.0226, 53.9695, 52.7172
294.941, 87.0143, 65.0591, 62.8274
294.941, 87.0143, 65.0591, 62.8274
294.941, 87.0143, 65.0591, 62.8274
294.941, 79.4203, 65.0591, 63.5495
294.941, 79.4203, 65.0591, 63.5495
294.941, 79.4203, 65.0591, 63.5495
294.941, 79.4203, 65.0591, 63.5495
294.941, 79.4203, 65.0591, 63.5495
294.941, 79.4203, 65.0591, 63.5495
294.941, 79.4203, 65.0591, 63.5495
294.941, 79.4203, 65.0591, 63.5495
294.941, 79.4203, 65.0591, 63.5495
294.941, 87.0143, 65.0591, 62.8274
294.941, 87.0143, 65.0591, 62.8274
294.941, 79.4203, 65.0591, 63.5495
294.941, 79.4203, 65.0591, 63.5495
294.941, 79.4203, 65.0591, 63.5495
294.941, 79.4203, 65.0591, 63.5495
294.941, 79.4203, 65.0591, 63.5495
294.941, 87.0143, 65.0591, 62.8274
294.941, 87.0143, 65.0591, 62.8274
294.941, 87.0143, 65.0591, 62.8274
294.941, 87.0143, 65.0591, 62.8274
294.941, 87.0143, 65.0591, 62.8274
294.941, 87.0143, 65.0591, 62.8274
294.941, 87.0143, 65.0591, 62.8274
294.941, 87.0143, 65.0591, 62.8274
294.941, 87.0143, 65.0591, 62.8274
294.941, 87.0143, 65.0591, 62.8274
302.603, 87.0143, 64.3198, 62.8274
302.603, 87.0143, 64.3198, 62.8274
302.603, 87.0143, 64.3198, 62.8274
302.603, 87.0143, 64.3198, 62.8274
302.603, 87.0143, 64.3198, 62.8274
302.603, 87.0143, 64.3198, 62.8274
302.603, 87.0143, 64.3198, 62.8274
302.603, 87.0143, 64.3198, 62.8274
302.603, 87.0143, 64.3198, 62.8274
302.603, 87.0143, 64.3198, 62.8274
302.603, 87.0143, 64.3198, 62.8274
302.603, 87.0143, 64.3198, 62.8274
302.603, 87.0143, 64.3198, 62.8274
302.603, 87.0143, 64.3198, 62.8274
302.603, 87.0143, 64.3198, 62.8274
302.603, 87.0143, 64.3198, 62.8274
302.603, 79.4203, 64.3198, 63.5495
302.603, 79.4203, 64.3198, 63.5495
302.603, 79.4203, 64.3198, 63.5495
302.603, 79.4203, 64.3198, 63.5495
302.603, 79.4203, 64.3198, 63.5495
307.569, 84.8688, 53.9695, 52.7172
294.941, 87.0143, 65.0591, 62.8274
294.941, 87.0143, 65.0591, 62.8274
294.941, 87.0143, 65.0591, 62.8274
302.603, 87.0143, 64.3198, 62.8274
302.603, 87.0143, 64.3198, 62.8274
302.603, 87.0143, 64.3198, 62.8274
302.603, 87.0143, 64.3198, 62.8274
302.603, 87.0143, 64.3198, 62.8274
302.603, 87.0143, 64.3198, 62.8274
302.603, 87.0143, 64.3198, 62.8274
302.603, 87.0143, 64.3198, 62.8274
302.603, 87.0143, 64.3198, 62.8274
294.941, 87.0143, 65.0591, 62.8274
294.941, 87.0143, 65.0591, 62.8274
294.941, 87.0143, 65.0591, 62.8274
294.941, 87.0143, 65.0591, 62.8274
294.941, 87.0143, 65.0591, 62.8274
294.941, 87.0143, 65.0591, 62.8274
301.415, 91.0226, 53.9695, 52.7172
301.415, 91.0226, 53.9695, 52.7172
301.415, 91.0226, 53.9695, 52.7172
295.261, 91.0226, 53.9695, 52.7172
295.261, 91.0226, 53.9695, 52.7172
295.261, 91.0226, 53.9695, 52.7172
295.261, 91.0226, 53.9695, 52.7172
287.988, 87.0143, 64.3198, 62.8274
287.988, 87.0143, 64.3198, 62.8274
289.107, 91.0226, 53.9695, 52.7172
289.107, 91.0226, 53.9695, 52.7172
287.988, 87.0143, 64.3198, 62.8274
287.988, 87.0143, 64.3198, 62.8274
287.988, 87.0143, 64.3198, 62.8274
287.988, 87.0143, 64.3198, 62.8274
287.988, 87.0143, 64.3198, 62.8274
289.107, 91.0226, 53.9695, 52.7172
287.988, 94.7066, 64.3198, 62.8274
287.988, 94.7066, 64.3198, 62.8274
287.988, 94.7066, 64.3198, 62.8274
287.988, 101.728, 64.3198, 63.5495
289.107, 103.33, 53.9695, 52.7172
289.107, 103.33, 53.9695, 52.7172
289.107, 109.484, 53.9695, 52.7172
289.107, 109.484, 53.9695, 52.7172
289.107, 109.484, 53.9695, 52.7172
289.107, 109.484, 53.9695, 52.7172
289.107, 115.638, 53.9695, 52.7172
289.107, 115.638, 53.9695, 52.7172
289.107, 115.638, 53.9695, 52.7172
289.107, 115.638, 53.9695, 52.7172
287.988, 116.343, 64.3198, 63.5495
287.988, 116.343, 64.3198, 63.5495
287.988, 116.343, 64.3198, 63.5495
287.988, 116.343, 64.3198, 63.5495
287.988, 116.343, 64.3198, 63.5495
287.988, 116.343, 64.3198, 63.5495
287.988, 116.343, 64.3198, 63.5495
289.107, 115.638, 53.9695, 52.7172
289.107, 115.638, 53.9695, 52.7172
289.107, 115.638, 53.9695, 52.7172
289.107, 115.638, 53.9695, 52.7172
289.107, 115.638, 53.9695, 52.7172
280.326, 109.322, 65.0591, 62.8274
280.326, 109.322, 65.0591, 62.8274
282.954, 115.638, 53.9695, 52.7172
282.954, 115.638, 53.9695, 52.7172
282.954, 115.638, 53.9695, 52.7172
0, 0, 0, 0
276.8, 115.638, 53.9695, 52.7172
276.8, 115.638, 53.9695, 52.7172
276.8, 109.484, 53.9695, 52.7172
276.8, 109.484, 53.9695, 52.7172
276.8, 103.33, 53.9695, 52.7172
282.954, 97.1765, 53.9695, 52.7172
282.954, 97.1765, 53.9695, 52.7172
280.326, 94.7066, 65.0591, 62.8274
280.326, 94.7066, 65.0591, 62.8274
280.326, 94.7066, 65.0591, 62.8274
289.107, 91.0226, 53.9695, 52.7172
289.107, 91.0226, 53.9695, 52.7172
289.107, 91.0226, 53.9695, 52.7172
287.988, 87.0143, 64.3198, 62.8274
287.988, 87.0143, 64.3198, 62.8274
287.988, 87.0143, 64.3198, 62.8274
287.988, 87.0143, 64.3198, 62.8274
287.988, 87.0143, 64.3198, 62.8274
287.988, 87.0143, 64.3198, 62.8274
287.988, 87.0143, 64.3198, 62.8274
287.988, 87.0143, 64.3198, 62.8274
287.988, 87.0143, 64.3198, 62.8274
287.988, 87.0143, 64.3198, 62.8274
295.261, 84.8688, 53.9695, 52.7172
295.261, 84.8688, 53.9695, 52.7172
295.261, 91.0226, 53.9695, 52.7172
294.941, 79.4203, 65.0591, 63.5495
294.941, 79.4203, 65.0591, 63.5495
294.941, 79.4203, 65.0591, 63.5495
294.941, 79.4203, 65.0591, 63.5495
294.941, 79.4203, 65.0591, 63.5495
294.941, 79.4203, 65.0591, 63.5495
294.941, 79.4203, 65.0591, 63.5495
294.941, 79.4203, 65.0591, 63.5495
294.941, 79.4203, 65.0591, 63.5495
294.941, 79.4203, 65.0591, 63.5495
294.941, 79.4203, 65.0591, 63.5495
294.941, 79.4203, 65.0591, 63.5495
294.941, 79.4203, 65.0591, 63.5495
294.941, 79.4203, 65.0591, 63.5495
294.941, 87.0143, 65.0591, 62.8274
294.941, 87.0143, 65.0591, 62.8274
294.941, 87.0143, 65.0591, 62.8274
294.941, 87.0143, 65.0591, 62.8274
294.941, 87.0143, 65.0591, 62.8274
294.941, 87.0143, 65.0591, 62.8274
294.941, 87.0143, 65.0591, 62.8274
294.941, 87.0143, 65.0591, 62.8274
294.941, 87.0143, 65.0591, 62.8274
294.941, 87.0143, 65.0591, 62.8274
294.941, 79.4203, 65.0591, 63.5495
294.941, 79.4203, 65.0591, 63.5495
295.261, 91.0226, 53.9695, 52.7172
295.261, 91.0226, 53.9695, 52.7172
295.261, 91.0226, 53.9695, 52.7172
295.261, 91.0226, 53.9695, 52.7172
287.988, 94.7066, 64.3198, 62.8274
295.261, 91.0226, 53.9695, 52.7172
289.107, 97.1765, 53.9695, 52.7172
289.107, 97.1765, 53.9695, 52.7172
289.107, 97.1765, 53.9695, 52.7172
289.107, 97.1765, 53.9695, 52.7172
289.107, 97.1765, 53.9695, 52.7172
289.107, 97.1765, 53.9695, 52.7172
289.107, 97.1765, 53.9695, 52.7172
289.107, 97.1765, 53.9695, 52.7172
289.107, 97.1765, 53.9695, 52.7172
289.107, 97.1765, 53.9695, 52.7172
289.107, 97.1765, 53.9695, 52.7172
289.107, 97.1765, 53.9695, 52.7172
287.988, 94.7066, 64.3198, 62.8274
287.988, 101.728, 64.3198, 63.5495
287.988, 101.728, 64.3198, 63.5495
287.988, 101.728, 64.3198, 63.5495
287.988, 101.728, 64.3198, 63.5495
295.261, 103.33, 53.9695, 52.7172
295.261, 103.33, 53.9695, 52.7172
301.415, 103.33, 53.9695, 52.7172
301.415, 103.33, 53.9695, 52.7172
301.415, 103.33, 53.9695, 52.7172
301.415, 103.33, 53.9695, 52.7172
301.415, 103.33, 53.9695, 52.7172
301.415, 103.33, 53.9695, 52.7172
301.415, 103.33, 53.9695, 52.7172
301.415, 103.33, 53.9695, 52.7172
301.415, 103.33, 53.9695, 52.7172
307.569, 109.484, 53.9695, 52.7172
307.569, 109.484, 53.9695, 52.7172
307.569, 109.484, 53.9695, 52.7172
307.569, 109.484, 53.9695, 52.7172
313.723, 103.33, 53.9695, 52.7172
313.723, 103.33, 53.9695, 52.7172
313.723, 103.33, 53.9695, 52.7172
313.723, 103.33, 53.9695, 52.7172
313.723, 103.33, 53.9695, 52.7172
319.877, 103.33, 53.9695, 52.7172
319.877, 103.33, 53.9695, 52.7172
319.877, 97.1765, 53.9695, 52.7172
319.877, 97.1765, 53.9695, 52.7172
319.877, 97.1765, 53.9695, 52.7172
317.249, 94.7066, 65.0591, 62.8274
326.031, 97.1765, 53.9695, 52.7172
326.031, 97.1765, 53.9695, 52.7172
326.031, 97.1765, 53.9695, 52.7172
317.249, 94.7066, 65.0591, 62.8274
319.877, 97.1765, 53.9695, 52.7172
319.877, 97.1765, 53.9695, 52.7172
319.877, 97.1765, 53.9695, 52.7172
313.723, 97.1765, 53.9695, 52.7172
313.723, 97.1765, 53.9695, 52.7172
307.569, 97.1765, 53.9695, 52.7172
302.603, 94.7066, 64.3198, 62.8274
307.569, 97.1765, 53.9695, 52.7172
301.415, 103.33, 53.9695, 52.7172
294.941, 101.728, 65.0591, 63.5495
295.261, 103.33, 53.9695, 52.7172
289.107, 103.33, 53.9695, 52.7172
289.107, 103.33, 53.9695, 52.7172
289.107, 103.33, 53.9695, 52.7172
282.954, 103.33, 53.9695, 52.7172
282.954, 103.33, 53.9695, 52.7172
282.954, 103.33, 53.9695, 52.7172
273.373, 101.728, 64.3198, 63.5495
273.373, 101.728, 64.3198, 63.5495
276.8, 103.33, 53.9695, 52.7172
276.8, 103.33, 53.9695, 52.7172
276.8, 103.33, 53.9695, 52.7172
276.8, 103.33, 53.9695, 52.7172
276.8, 103.33, 53.9695, 52.7172
276.8, 109.484, 53.9695, 52.7172
276.8, 109.484, 53.9695, 52.7172
276.8, 109.484, 53.9695, 52.7172
276.8, 109.484, 53.9695, 52.7172
276.8, 109.484, 53.9695, 52.7172
276.8, 109.484, 53.9695, 52.7172
276.8, 109.484, 53.9695, 52.7172
276.8, 109.484, 53.9695, 52.7172
276.8, 109.484, 53.9695, 52.7172
276.8, 109.484, 53.9695, 52.7172
282.954, 109.484, 53.9695, 52.7172
282.954, 109.484, 53.9695, 52.7172
289.107, 109.484, 53.9695, 52.7172
289.107, 109.484, 53.9695, 52.7172
289.107, 109.484, 53.9695, 52.7172
0, 0, 0, 0
0, 0, 0, 0
301.415, 115.638, 53.9695, 52.7172
301.415, 115.638, 53.9695, 52.7172
0, 0, 0, 0
307.569, 109.484, 53.9695, 52.7172
307.569, 109.484, 53.9695, 52.7172
313.723, 109.484, 53.9695, 52.7172
313.723, 109.484, 53.9695, 52.7172
313.723, 109.484, 53.9695, 52.7172
313.723, 109.484, 53.9695, 52.7172
319.877, 109.484, 53.9695, 52.7172
319.877, 109.484, 53.9695, 52.7172
319.877, 109.484, 53.9695, 52.7172
319.877, 109.484, 53.9695, 52.7172
317.249, 101.728, 65.0591, 63.5495
317.249, 101.728, 65.0591, 63.5495
317.249, 94.7066, 65.0591, 62.8274
319.877, 97.1765, 53.9695, 52.7172
319.877, 91.0226, 53.9695, 52.7172
319.877, 91.0226, 53.9695, 52.7172
310.296, 79.4203, 64.3198, 63.5495
310.296, 79.4203, 64.3198, 63.5495
310.296, 79.4203, 64.3198, 63.5495
310.296, 79.4203, 64.3198, 63.5495
313.723, 78.7149, 53.9695, 52.7172
307.569, 78.7149, 53.9695, 52.7172
302.603, 79.4203, 64.3198, 63.5495
301.415, 78.7149, 53.9695, 52.7172
294.941, 79.4203, 65.0591, 63.5495
294.941, 79.4203, 65.0591, 63.5495
295.261, 84.8688, 53.9695, 52.7172
287.988, 79.4203, 64.3198, 63.5495
287.988, 79.4203, 64.3198, 63.5495
289.107, 84.8688, 53.9695, 52.7172
289.107, 84.8688, 53.9695, 52.7172
280.326, 79.4203, 65.0591, 63.5495
280.326, 79.4203, 65.0591, 63.5495
280.326, 79.4203, 65.0591, 63.5495
280.326, 79.4203, 65.0591, 63.5495
282.954, 84.8688, 53.9695, 52.7172
282.954, 84.8688, 53.9695, 52.7172
282.954, 84.8688, 53.9695, 52.7172
282.954, 84.8688, 53.9695, 52.7172
282.954, 84.8688, 53.9695, 52.7172
282.954, 84.8688, 53.9695, 52.7172
282.954, 84.8688, 53.9695, 52.7172
282.954, 84.8688, 53.9695, 52.7172
282.954, 84.8688, 53.9695, 52.7172
282.954, 84.8688, 53.9695, 52.7172
282.954, 84.8688, 53.9695, 52.7172
280.326, 87.0143, 65.0591, 62.8274
