740.658569, 163.181534, 136.847855, 141.147583
739.468201, 168.275940, 139.068085, 135.180435
743.138794, 167.942795, 135.959839, 138.487076
743.715820, 167.212296, 133.971161, 135.688690
745.098145, 163.291626, 133.980865, 136.821823
739.768677, 154.871979, 140.345917, 143.702087
734.421936, 156.755493, 144.530197, 142.466782
737.969543, 159.830338, 137.291809, 137.929428
731.649475, 159.725174, 148.981979, 152.957260
733.742188, 169.868805, 141.610153, 141.692993
736.084167, 171.980301, 141.620041, 142.261353
739.823181, 176.581589, 132.749161, 135.123230
733.063782, 173.775970, 144.677689, 143.317856
735.301270, 171.407303, 143.467209, 142.035828
741.766235, 170.263748, 135.345474, 138.176971
744.370972, 168.317612, 133.409409, 134.659012
747.968506, 167.754959, 133.186172, 136.383408
747.848083, 164.827393, 138.413132, 138.656021
746.789429, 164.572342, 145.768707, 148.573334
748.675232, 163.208801, 141.255234, 141.895966
746.084290, 161.136154, 140.047714, 139.887939
748.679016, 158.548019, 142.679626, 141.288284
748.992737, 157.558350, 138.146042, 138.752365
749.809753, 157.494064, 142.918106, 142.674088
751.052124, 158.150116, 142.490921, 142.771530
753.702148, 157.365021, 139.433517, 140.773438
753.694641, 156.768204, 138.944214, 141.511841
755.657288, 159.123520, 136.971100, 140.432312
756.782532, 158.817932, 135.050919, 137.098007
757.347107, 159.679382, 137.703873, 140.319351
754.585266, 159.701538, 139.249420, 138.862335
760.050171, 160.753113, 136.995361, 141.735443
764.469971, 163.299408, 135.121857, 138.543823
768.081299, 164.821503, 134.399933, 139.849152
761.930847, 166.018478, 134.604889, 141.390884
762.358521, 166.045258, 133.055801, 138.961945
762.379761, 167.927246, 135.288315, 140.569977
759.169922, 166.519562, 136.527100, 142.624619
758.106079, 167.278656, 135.168793, 140.590225
758.047485, 167.014511, 134.215637, 142.019547
753.102539, 166.935608, 136.167572, 142.162720
755.126282, 168.162445, 135.469467, 142.171127
751.886780, 165.375000, 137.904160, 143.585068
748.496521, 163.672150, 138.685013, 143.829437
747.271484, 160.545670, 139.125793, 143.251221
745.404114, 157.120117, 139.797836, 141.195755
745.975342, 154.262299, 134.705643, 137.464401
743.945313, 148.569916, 136.784729, 138.374466
741.887268, 146.469620, 138.457672, 141.006500
744.766785, 145.804642, 133.639557, 143.046753
743.295776, 141.966309, 136.707794, 138.372116
740.313660, 140.071655, 139.621353, 137.832321
740.227051, 139.004074, 138.554077, 136.953613
740.832886, 139.136673, 134.766495, 135.708038
740.005920, 144.080612, 135.287628, 137.629349
741.686584, 144.869980, 133.851898, 137.036957
737.563477, 145.326294, 136.328369, 135.528534
742.221558, 150.616165, 132.288452, 137.667099
738.519104, 160.396835, 135.728226, 139.712006
739.514648, 164.601883, 133.426605, 140.872589
738.857239, 174.504654, 133.801559, 137.959152
739.697998, 175.284286, 132.929550, 136.938675
737.806458, 172.486282, 134.365906, 137.548050
742.914063, 166.617371, 132.068314, 138.078094
744.887146, 164.616547, 132.458450, 139.029724
741.122559, 163.129333, 131.875763, 139.475891
742.451538, 159.648315, 136.453506, 141.854187
742.670288, 161.823792, 134.001923, 140.783646
738.440247, 163.164032, 135.897339, 139.528732
737.814758, 160.972809, 136.660095, 140.255615
740.902649, 161.720230, 132.712799, 138.741180
738.668945, 161.800629, 131.366791, 137.204788
732.303894, 159.758942, 139.611450, 139.647064
735.199890, 161.899750, 133.648895, 139.891571
734.176636, 167.131439, 130.408966, 138.363892
735.967834, 167.175232, 129.673233, 137.934616
726.448975, 159.806351, 138.752045, 142.492981
723.529602, 160.546799, 139.921326, 145.376419
726.030518, 158.568695, 139.264923, 144.046707
724.189209, 161.501526, 140.359161, 143.958374
729.862549, 161.284515, 134.980789, 142.240387
725.447083, 160.351852, 138.404434, 142.061813
724.642395, 161.037094, 137.765488, 140.540375
727.110291, 163.286606, 136.928253, 141.174057
726.358521, 165.567078, 135.445648, 138.850388
732.097229, 166.684021, 128.729202, 133.756546
732.122742, 163.519669, 134.299683, 140.953735
727.401733, 162.959763, 134.769897, 138.106537
732.205505, 158.887131, 136.271729, 141.262405
728.122559, 157.513031, 136.059525, 135.625809
729.015137, 157.341217, 136.258118, 134.281540
723.850891, 157.776779, 143.658752, 144.111908
730.400452, 161.086304, 135.191040, 132.478165
729.033997, 164.426300, 138.044159, 133.593201
728.840637, 164.814606, 143.793900, 138.962860
729.574158, 165.630936, 143.150284, 138.732712
726.134827, 168.920334, 145.028763, 139.873428
724.641724, 163.799316, 146.577591, 141.792465
723.735901, 160.781967, 145.624054, 135.681564
730.411072, 158.727936, 135.145798, 135.862061
721.047729, 151.146942, 146.801712, 140.494888
719.148315, 152.348969, 149.908249, 139.231064
721.726074, 159.142380, 144.918304, 138.306641
725.586853, 164.231125, 146.987823, 134.783432
721.295227, 164.825958, 145.481659, 139.515808
716.385254, 172.302216, 140.154068, 135.226410
715.558960, 172.231949, 152.811081, 138.163391
712.504028, 170.626633, 152.930161, 136.567490
715.782532, 165.683212, 147.092102, 132.535553
719.531250, 165.234619, 141.028915, 128.556152
718.935547, 165.294998, 140.220093, 128.593033
714.952148, 164.342270, 148.289108, 134.777924
712.095154, 168.585938, 151.648926, 135.242737
711.969055, 169.366333, 152.737427, 138.405502
712.665222, 168.713776, 150.652985, 134.950729
714.918457, 165.709869, 147.350616, 132.975067
712.967590, 163.505005, 148.039337, 136.687256
713.070618, 164.133362, 147.306458, 134.341263
714.514832, 164.471359, 146.464172, 135.804718
714.846069, 164.027908, 145.133850, 135.817642
713.296997, 161.928986, 148.969818, 140.329437
714.430542, 160.990051, 143.988907, 139.296814
717.644287, 159.291016, 141.070313, 139.400757
713.885010, 152.614563, 143.215561, 138.255203
713.177551, 157.007629, 145.920502, 139.991196
710.806580, 150.054321, 144.706161, 138.658524
721.950806, 149.730103, 135.662521, 136.493835
723.599609, 157.019455, 133.985855, 133.164780
717.888062, 156.160431, 137.751251, 135.779129
713.381226, 162.222809, 144.945084, 142.062912
721.855286, 170.504913, 142.069717, 150.351639
722.530884, 172.356445, 145.493317, 154.000351
717.165039, 179.638824, 136.866318, 136.754105
720.838928, 182.047363, 131.531296, 133.888626
723.555298, 177.249023, 140.343018, 148.106873
718.496765, 170.311615, 142.201843, 139.814087
719.297058, 165.692444, 145.809036, 144.976151
722.493286, 164.440048, 142.490158, 143.136124
724.425842, 165.350616, 143.544327, 144.179855
721.618286, 164.228455, 147.963730, 145.675400
733.881958, 168.780548, 133.980942, 133.574219
737.720093, 167.326523, 136.311554, 138.547821
736.062805, 166.637695, 142.569809, 141.373688
735.715210, 163.925018, 141.372925, 142.312958
737.842712, 163.638077, 141.199280, 141.513367
742.010742, 162.820648, 145.591782, 143.949463
740.578369, 160.672684, 142.630035, 142.694412
739.115479, 159.509216, 144.190842, 137.924210
745.197388, 162.936707, 138.538452, 132.094391
744.768188, 159.074066, 143.667007, 138.789185
747.243469, 160.488480, 141.648087, 141.382965
751.365845, 160.572662, 138.874146, 139.903564
752.732422, 162.528015, 137.814697, 139.573349
754.509033, 162.173004, 136.179047, 134.668732
755.631409, 162.244324, 136.726074, 134.616425
754.444397, 160.307602, 137.534698, 136.603729
761.569458, 161.075470, 132.144547, 135.113434
759.042419, 154.916229, 130.704468, 137.653061
754.126526, 151.181335, 134.392303, 134.848999
754.020752, 149.260971, 135.613052, 138.915573
752.862366, 152.986526, 133.818253, 138.609344
753.510254, 151.973267, 133.811768, 138.354065
754.761963, 157.100769, 129.437469, 135.256256
753.335327, 163.335739, 135.594406, 137.704636
756.528992, 167.058014, 141.078125, 139.143005
762.777588, 167.647003, 132.371246, 137.487122
761.833984, 181.585236, 132.154434, 128.227936
762.026917, 180.344360, 134.701599, 131.785538
761.614929, 166.380142, 134.337173, 138.572617
759.919250, 164.882706, 134.966797, 141.262634
765.437500, 169.206604, 136.364532, 136.345123
764.529114, 166.815842, 138.714874, 142.576752
769.911926, 167.527161, 133.263535, 139.797729
775.241150, 169.118011, 126.669586, 134.619568
770.363403, 165.346832, 131.177841, 138.748459
772.936768, 164.955566, 131.909912, 135.875061
770.559204, 163.230469, 133.344315, 138.289749
773.392212, 165.173141, 133.916290, 136.034485
774.751221, 166.643768, 131.214310, 135.813797
770.298706, 165.084473, 133.848938, 141.189987
769.346924, 164.863922, 136.600372, 141.645264
770.395996, 163.917175, 136.115906, 140.100937
766.202637, 162.015106, 137.040466, 140.087921
773.490479, 161.111343, 129.512512, 137.679169
769.472412, 159.406311, 131.989670, 143.839233
767.915588, 159.210693, 133.002563, 142.386795
763.629822, 160.917389, 135.183731, 144.048065
763.659302, 161.748566, 133.692307, 142.971527
762.546509, 162.358215, 138.068039, 145.379959
765.814209, 163.053833, 135.482376, 145.182617
759.266357, 163.055634, 135.982651, 143.126266
760.064026, 161.564163, 137.392303, 140.322372
759.042358, 161.928207, 136.034515, 137.938141
756.622131, 160.337143, 136.677612, 141.066696
757.097473, 161.914917, 134.472198, 136.809372
760.937317, 162.098724, 130.039749, 134.855804
752.581543, 158.958969, 136.226303, 140.184937
750.351379, 159.340652, 135.296005, 141.526718
748.272705, 158.460571, 139.443161, 142.392624
747.920410, 158.433411, 139.919876, 141.613129
750.382080, 159.514847, 139.970840, 140.710266
748.610840, 158.902832, 143.187393, 141.469849
752.111145, 163.975143, 140.983047, 139.727966
754.335083, 164.227417, 141.059982, 140.492935
753.836609, 159.956573, 141.031189, 141.114899
757.692261, 156.645111, 136.346954, 137.318359
758.462524, 162.815872, 139.059708, 138.534210
757.813477, 161.594879, 138.710968, 140.086700
760.715820, 157.716522, 137.349335, 139.983353
761.343323, 157.879761, 139.784409, 141.711456
763.141113, 160.279526, 135.230789, 137.571884
766.436523, 163.621307, 138.391907, 139.962952
766.067383, 167.375275, 136.920059, 136.707733
767.771606, 167.397949, 134.834167, 141.028809
769.928772, 168.325714, 133.114716, 140.073181
770.290710, 166.276550, 132.977295, 142.095367
770.995544, 164.480453, 132.288773, 138.967148
767.493225, 163.372726, 134.861710, 135.994614
770.433594, 161.746658, 135.565353, 137.637543
769.626465, 163.895706, 134.190811, 137.545517
767.718079, 162.076447, 135.963882, 140.905884
768.470215, 161.572540, 136.135757, 141.350174
765.432007, 159.144089, 138.120148, 144.647339
764.029480, 160.490753, 137.995148, 143.644516
762.183533, 160.669632, 140.554230, 143.388229
763.085266, 158.835968, 137.193573, 138.278519
760.559692, 156.433929, 138.874908, 139.443176
757.822815, 156.072205, 139.786987, 139.686874
760.034302, 156.056671, 134.091202, 135.186218
758.036987, 156.101837, 134.586182, 140.390427
756.321716, 156.009384, 134.747284, 138.256042
755.362183, 157.051575, 135.529190, 138.990402
757.927185, 158.956085, 132.120407, 138.046799
756.224854, 160.687943, 131.857742, 137.911346
754.702637, 161.085342, 138.947998, 137.917633
751.600708, 159.256454, 136.746170, 140.426239
752.967407, 160.166763, 134.565201, 141.898361
753.211304, 156.351456, 137.536591, 140.170319
755.280762, 158.717560, 131.488708, 134.368820
751.795166, 157.085388, 136.935318, 137.454376
754.338867, 156.446228, 133.934631, 134.808975
763.941711, 153.148804, 129.180466, 135.383423
763.666687, 155.968246, 129.514709, 134.800934
764.877014, 157.369461, 135.283279, 137.918381
764.561829, 160.769302, 131.948853, 134.705978
768.407715, 163.160339, 130.226364, 136.639328
770.451477, 166.034973, 133.122284, 138.769257
773.807739, 166.558853, 128.498856, 137.424088
773.926270, 167.901108, 129.597687, 135.630692
775.052002, 163.715149, 128.271408, 135.501480
772.218628, 160.448074, 126.986259, 133.652267
771.720825, 158.219772, 129.323746, 134.697723
774.043701, 157.664688, 130.045731, 136.583252
768.087280, 153.302765, 134.140656, 136.256439
770.227051, 155.722427, 132.545013, 137.260544
766.631287, 156.683899, 132.907043, 134.601318
762.743652, 157.330338, 137.234024, 135.932541
760.395691, 155.752533, 138.088593, 136.595993
758.933716, 154.583298, 137.908203, 134.490356
760.849792, 151.551071, 132.707123, 131.268326
760.941040, 149.801514, 136.271469, 133.194229
767.013611, 153.816376, 134.415421, 134.680176
768.495239, 156.452652, 134.539810, 137.902573
771.345703, 163.937012, 135.514069, 138.783844
770.031006, 167.159912, 136.344620, 142.305008
768.737671, 167.885345, 132.791687, 143.015457
767.334351, 167.493195, 133.385773, 140.178223
769.149048, 167.395905, 135.663025, 141.565842
772.305054, 166.518677, 135.493729, 142.866486
777.656799, 170.074524, 131.149734, 139.869827
780.306702, 172.604538, 129.827225, 135.945618
776.185059, 174.131042, 132.200500, 137.913956
772.922607, 171.431412, 136.494583, 142.914291
779.512573, 171.559067, 129.991867, 138.641541
774.184631, 168.234375, 131.382797, 139.744843
768.376526, 165.753311, 136.705460, 142.233658
771.874023, 166.439819, 135.467819, 139.497513
766.977539, 166.415985, 135.844101, 142.267944
768.618103, 166.919617, 131.191635, 137.726852
763.455261, 165.607925, 134.742554, 138.177032
762.363220, 163.630127, 132.668762, 137.260117
760.684509, 163.318726, 133.332855, 136.608124
756.320862, 159.078247, 134.751251, 137.909286
750.512512, 156.886520, 142.103058, 138.139557
755.767273, 158.863281, 131.736511, 134.807037
751.058716, 157.740875, 140.154190, 137.960159
746.024902, 159.684692, 144.834763, 143.887589
744.800110, 159.091446, 143.685211, 142.121078
745.393738, 161.971619, 142.667404, 137.415634
748.485596, 158.620010, 138.012848, 138.080490
747.387939, 160.368973, 138.381821, 132.615540
748.863098, 158.685760, 141.412872, 136.625427
752.092468, 162.593521, 136.217545, 136.593735
749.863525, 159.009750, 140.307678, 138.435562
749.243958, 159.769241, 139.932785, 136.456177
748.413208, 159.758179, 139.155228, 135.548874
748.638672, 158.785873, 142.275757, 140.785263
749.928101, 160.345856, 140.717163, 140.939514
749.411560, 160.474243, 141.861923, 140.658768
750.657288, 160.747925, 141.720413, 140.100586
747.366821, 161.609833, 143.597885, 139.327637
750.264893, 161.153030, 140.173279, 135.571716
754.575378, 156.394073, 138.586151, 135.462830
744.444214, 158.601379, 138.051224, 131.973053
741.610596, 157.153458, 138.242706, 129.908417
739.028625, 157.478745, 137.681244, 129.112061
741.035828, 157.500626, 136.115341, 133.160416
732.442688, 161.020981, 142.818054, 134.628189
735.608948, 166.036636, 142.524246, 135.004440
742.492126, 166.949417, 129.879135, 129.427017
741.322510, 166.754883, 135.562332, 132.433212
445.994080, 500.263245, 118.874535, 95.016121
746.703918, 162.724609, 136.099152, 131.363281
448.342438, 502.368500, 118.388443, 94.572372
758.255676, 158.586502, 139.064560, 136.451797
759.593750, 158.654541, 137.263199, 138.175430
760.369934, 156.695343, 140.446732, 139.659210
762.021606, 156.999725, 136.802490, 136.195938
764.544861, 158.032379, 133.833618, 140.473068
767.506409, 158.916992, 133.652298, 135.883530
767.204773, 159.706573, 134.819244, 135.963470
457.761322, 508.071960, 111.773407, 95.254013
769.042480, 159.875473, 131.886337, 137.472672
769.123657, 158.936096, 133.035019, 137.960419
768.519775, 157.869354, 133.650650, 138.957764
769.930603, 157.360199, 131.981552, 138.863342
764.085815, 158.443329, 135.217438, 140.113449
766.089600, 157.312210, 136.146652, 140.353088
764.795349, 156.566223, 137.351852, 140.521439
763.640991, 156.078171, 139.128891, 142.437958
764.318665, 157.151855, 135.628815, 141.458862
763.988831, 158.488510, 135.051422, 134.950989
761.198975, 158.115585, 138.198212, 137.611481
762.998840, 158.857193, 135.720169, 136.379288
760.412842, 158.457214, 135.759552, 136.642746
758.347656, 159.986969, 136.664322, 138.369614
762.524048, 159.622101, 133.921204, 137.148590
759.399170, 159.510574, 135.159592, 140.915573
757.262573, 160.244324, 136.624939, 137.799042
755.950928, 161.436996, 137.222687, 138.164276
756.495300, 162.505081, 138.679337, 142.827316
758.335938, 164.179626, 136.921448, 136.152603
759.222595, 163.920074, 136.541016, 136.475296
765.942139, 164.949631, 129.319839, 137.031479
761.160095, 165.104279, 133.484070, 137.081406
763.907776, 162.868301, 132.780029, 136.378448
760.268372, 161.613251, 133.469193, 141.428650
761.044312, 159.577286, 132.186752, 141.703461
762.633545, 159.173065, 130.157257, 138.493896
761.185486, 161.047729, 131.314560, 140.515869
762.100708, 160.609894, 134.161392, 139.278305
764.475525, 159.987946, 128.507172, 139.139374
763.834595, 159.464722, 134.828308, 140.589340
759.750916, 157.928894, 135.921860, 145.289459
759.839050, 158.795166, 136.467560, 146.319733
762.685181, 158.158112, 135.786835, 144.275467
764.566223, 156.580017, 132.172073, 140.390961
768.961792, 157.349884, 128.656494, 135.317474
770.734924, 156.978668, 126.358269, 132.853607
771.517273, 155.613190, 130.050705, 138.121841
772.460693, 157.222260, 128.060135, 136.589462
765.789551, 156.272766, 134.733734, 141.101883
770.518005, 164.021194, 133.646439, 138.584061
773.889038, 164.921478, 130.869537, 139.890121
770.558105, 167.863068, 130.891159, 136.470200
773.330933, 166.675110, 130.985657, 139.990616
764.457886, 160.706696, 136.360245, 143.843018
451.582581, 500.843536, 113.963707, 90.210114
769.356262, 161.119492, 134.582520, 137.718170
770.569153, 158.650452, 129.989273, 138.090179
766.117493, 157.224655, 134.361740, 139.372879
766.696472, 157.079376, 133.636734, 139.247849
766.395630, 160.204803, 133.619156, 138.765152
766.904236, 161.436676, 132.882736, 138.731461
769.563049, 162.208008, 133.876022, 142.536743
773.962036, 166.667709, 133.788956, 139.301712
772.731140, 168.724380, 131.504211, 138.585358
773.425354, 171.230804, 131.671875, 136.980255
770.843079, 169.333847, 137.551010, 138.787399
772.335327, 171.739075, 138.345596, 137.726303
775.606934, 174.569916, 136.202606, 136.055496
771.050476, 173.548416, 141.964691, 138.585129
777.796021, 174.732208, 132.480240, 139.392502
776.390625, 176.853439, 134.597076, 132.073410
780.452515, 173.241516, 135.597366, 139.716644
780.234924, 171.777008, 136.147797, 138.199158
781.521301, 169.342560, 133.312561, 142.514694
784.299744, 169.756699, 130.927002, 140.952789
784.000977, 165.700897, 134.862015, 142.802658
781.768250, 164.442139, 132.972519, 139.431778
779.952576, 161.623260, 131.947708, 138.886292
772.320984, 158.036453, 136.913696, 139.228622
769.392639, 159.584763, 134.113373, 138.388672
763.115173, 160.835571, 137.719681, 140.080490
757.679993, 164.671783, 137.612823, 136.348953
754.776001, 169.066925, 136.390869, 133.914246
745.365601, 168.509094, 143.477158, 136.130127
744.235535, 168.405731, 137.920547, 134.998077
737.935730, 169.193848, 145.448822, 135.042175
733.823608, 168.115631, 146.822937, 137.748642
728.892578, 164.064713, 153.115341, 142.922485
727.512817, 164.574814, 150.882446, 139.692551
729.173889, 163.131958, 148.068512, 141.580383
725.879150, 162.147644, 151.220047, 144.681625
724.713745, 166.256012, 148.943176, 136.778976
726.027710, 167.494522, 149.401993, 138.853790
730.436279, 170.112762, 144.475754, 138.358643
724.678223, 168.804474, 147.297699, 135.742233
724.726501, 169.001419, 148.462173, 135.771271
730.251160, 168.893433, 147.263168, 139.823166
730.697510, 169.410919, 146.330734, 136.350464
731.716187, 170.284393, 141.743469, 132.619904
736.309082, 167.930969, 140.564301, 137.107681
732.712280, 168.231049, 145.923264, 141.692947
740.323181, 172.020996, 136.284775, 132.471161
738.146118, 173.413193, 140.344040, 131.522156
749.688965, 172.129517, 130.250824, 128.181473
750.512634, 168.969299, 133.883911, 133.201218
757.064026, 168.157349, 133.743530, 133.517532
762.510803, 168.274033, 131.695938, 133.256546
766.840698, 167.791306, 129.756409, 134.672516
767.997559, 174.321136, 135.492203, 139.212341
772.713074, 175.223694, 133.236008, 137.449722
776.005493, 178.588257, 132.048080, 134.546875
774.637817, 174.665054, 135.913223, 139.012421
785.962158, 175.992706, 127.104141, 133.500381
780.540283, 173.057343, 128.081696, 131.871841
779.649475, 171.525208, 128.714279, 132.411209
780.707764, 170.652664, 128.152893, 131.478119
774.581543, 168.697296, 132.718781, 135.244278
778.790833, 164.563446, 128.279404, 133.607468
772.873474, 163.138412, 136.520538, 142.621262
771.938538, 162.002167, 136.761673, 139.996017
770.822571, 164.111252, 132.453156, 133.184967
771.231506, 163.482025, 132.764465, 137.241577
769.898010, 164.377991, 132.149963, 136.310318
765.853577, 164.359131, 136.848434, 140.423264
765.970337, 163.510681, 133.238525, 137.757919
761.549377, 160.054306, 137.005814, 140.685043
761.749084, 159.584625, 132.498520, 134.420471
758.735474, 155.781387, 135.005554, 134.474930
757.020630, 155.465546, 135.395187, 134.905029
756.409119, 155.263199, 133.619217, 133.286774
751.092041, 154.838684, 140.699387, 141.401611
753.014648, 160.851120, 134.330048, 135.769104
752.424316, 163.761154, 134.048859, 134.751236
754.704712, 165.881744, 130.966568, 137.397644
751.595642, 166.354095, 136.034882, 138.550446
752.912781, 164.448639, 138.135147, 143.459335
752.099426, 160.747360, 136.273804, 142.028397
751.009460, 157.557159, 138.351517, 143.310287
756.847717, 156.163666, 136.228821, 141.093292
761.684814, 160.142166, 128.132858, 131.263290
754.887207, 160.718430, 137.747589, 139.742615
755.801697, 166.223694, 139.695572, 140.258041
759.145081, 173.332794, 138.924179, 140.052689
758.869751, 177.569962, 136.393082, 140.916351
757.953430, 175.435440, 136.718704, 139.599884
757.699402, 171.084976, 137.864853, 137.267563
759.295654, 167.479843, 137.421844, 139.012512
766.229980, 167.381653, 134.242355, 138.100754
762.991272, 168.040817, 138.036728, 138.212692
764.632568, 171.120117, 137.331375, 140.777481
758.009338, 170.969437, 139.219620, 143.331787
760.202759, 172.093750, 138.801254, 139.039398
759.042603, 171.030670, 134.249023, 135.199051
758.038086, 167.853287, 139.058884, 136.823471
755.889526, 168.632751, 140.418823, 137.619965
449.090973, 498.392792, 110.780556, 93.324402
754.499329, 174.336929, 141.600769, 138.937073
754.418762, 173.567383, 141.239227, 137.669586
760.759521, 171.778595, 134.372711, 137.415268
757.925964, 169.848984, 137.234222, 135.383621
755.373169, 165.424377, 142.636780, 139.442566
755.725708, 165.308258, 142.055603, 138.098724
755.627625, 164.960449, 141.392273, 138.877594
754.675476, 164.380463, 141.811081, 138.722183
755.629517, 168.110931, 135.194183, 130.838531
753.586792, 166.775787, 139.623550, 133.216827
753.034119, 166.316010, 139.649445, 133.738998
750.562439, 164.912796, 143.059052, 136.540680
746.321716, 161.437393, 146.072586, 140.252365
751.670715, 165.382278, 138.494476, 136.510544
748.304199, 163.541733, 140.269180, 137.251953
745.369812, 162.143646, 145.425888, 140.409714
748.134094, 163.529861, 142.674393, 137.675171
746.956482, 165.015121, 138.950897, 134.791656
745.419373, 162.553101, 137.591400, 133.594269
748.667847, 160.164810, 139.609558, 139.840073
745.315430, 158.090057, 138.104523, 140.960815
750.150146, 153.508957, 132.905853, 135.324203
745.750854, 148.255966, 138.620926, 138.686371
748.171997, 154.164215, 128.451859, 131.705475
748.421021, 156.626846, 125.558846, 129.159622
750.057983, 157.283707, 127.632324, 130.148132
750.097839, 161.576752, 125.325089, 129.558319
749.877686, 163.265045, 127.153793, 133.131439
751.052551, 164.090637, 126.606392, 133.461563
745.378174, 163.711243, 130.720337, 134.185593
747.647888, 161.507156, 130.396683, 134.812592
749.720276, 158.700897, 126.906303, 131.028137
753.214478, 161.433380, 128.487701, 134.310730
748.637695, 157.825180, 134.816086, 137.893982
748.930908, 159.549377, 136.192032, 138.101852
751.380188, 165.630173, 128.156296, 131.183456
749.185547, 162.922668, 131.977386, 135.068390
746.063293, 160.206955, 136.515686, 138.343185
743.867737, 158.862030, 138.855316, 139.627029
744.452637, 158.726547, 139.362518, 140.197449
745.505005, 159.159821, 136.731552, 136.379211
747.757385, 159.945374, 134.188980, 133.958633
748.455017, 160.003815, 133.084229, 131.962418
748.470947, 158.125336, 137.031906, 136.055405
750.268066, 159.890991, 131.840530, 131.873840
744.454895, 158.858276, 138.559113, 135.471359
746.452576, 154.808517, 140.836624, 137.538528
741.939026, 155.453598, 141.685699, 141.272903
748.769104, 156.037567, 140.663345, 136.657974
748.920776, 156.575241, 139.601318, 136.386826
741.659668, 156.758331, 147.899216, 139.631317
743.392456, 158.207230, 146.357758, 139.322708
748.657532, 161.409760, 140.543381, 133.354935
745.444458, 161.098038, 141.978302, 135.825943
745.654480, 163.517853, 146.173157, 140.285110
742.666077, 164.517319, 149.409988, 142.187744
743.766846, 164.030487, 144.035080, 134.902496
741.384888, 164.512421, 143.273529, 133.710632
737.915588, 161.256409, 147.575989, 137.360977
734.707520, 160.604584, 147.308212, 136.052689
735.037415, 157.266388, 147.177475, 136.176926
731.766785, 156.677567, 145.817169, 137.268173
731.219543, 157.235626, 144.329956, 134.791702
732.537231, 160.076569, 147.704651, 139.941818
738.586426, 163.479614, 137.576157, 129.309357
731.665344, 160.587952, 144.939285, 138.840988
733.279724, 163.270752, 143.351395, 136.259552
741.920715, 165.326630, 136.954208, 132.650574
746.773132, 164.942703, 137.628448, 136.813782
742.625977, 162.377472, 140.243668, 138.587906
746.356384, 163.186569, 140.120743, 140.754044
750.533081, 164.401886, 135.573181, 136.469101
752.011292, 163.535019, 134.394318, 136.343918
749.625488, 163.244461, 134.276062, 135.398788
745.166504, 162.918915, 136.748871, 135.875061
745.722290, 164.496429, 134.676529, 134.761551
751.403442, 162.460587, 131.456894, 134.222855
748.044128, 162.309921, 137.883057, 138.288193
755.167358, 159.596970, 132.476395, 138.204666
753.931152, 159.554291, 134.789307, 138.324814
749.292542, 158.094193, 138.773911, 139.173141
750.667480, 158.175629, 142.920441, 142.021164
756.749023, 164.456757, 135.714127, 136.055710
758.271362, 174.319000, 134.333084, 134.839676
757.971375, 173.562866, 140.333755, 139.195908
762.706299, 173.973679, 134.012939, 138.206650
764.567810, 173.455399, 135.107422, 136.249664
770.686279, 172.206543, 132.411942, 136.380112
769.290283, 175.322083, 135.012283, 135.921448
774.143433, 176.543350, 134.012939, 135.986618
780.348877, 178.345779, 129.183929, 134.718903
786.371460, 186.178986, 128.279968, 133.490509
795.668945, 192.892838, 123.463493, 132.518036
795.342957, 194.802856, 123.726990, 133.159103
801.436951, 199.412766, 122.454323, 132.811920
802.053406, 198.039825, 122.213379, 137.486908
800.275818, 195.566544, 125.728333, 135.969620
801.961182, 192.603348, 122.860207, 137.379715
799.573547, 190.418640, 128.775146, 136.117767
801.470581, 186.204056, 122.519844, 137.687698
797.552307, 185.212158, 127.433228, 136.109299
794.771973, 184.670639, 128.878845, 136.684723
793.704773, 182.233536, 128.622284, 136.034988
790.300781, 178.757843, 127.839432, 134.259476
783.698914, 172.693237, 130.056946, 136.251495
780.940857, 166.436874, 128.110046, 133.587204
772.835754, 161.120590, 134.475281, 134.641769
767.623291, 155.666779, 135.157211, 133.020340
754.608459, 152.736450, 144.971054, 138.894272
762.139893, 158.292328, 134.505402, 130.532684
749.716919, 158.579468, 138.076614, 133.775162
445.134796, 499.937042, 113.734077, 99.655655
444.326996, 500.897430, 115.357132, 98.185638
744.538818, 166.549927, 141.427811, 132.008545
740.712952, 166.737061, 143.211899, 132.065002
748.068909, 169.800598, 135.040329, 129.063156
742.417114, 165.703995, 141.857330, 134.602280
748.219788, 163.833145, 134.759628, 133.900253
749.104370, 165.117661, 135.436447, 132.051041
745.695129, 166.269257, 138.223984, 133.982468
750.182190, 169.139923, 134.869141, 128.941208
750.154480, 171.755585, 135.281647, 133.202423
745.741882, 177.853241, 142.655624, 139.338364
751.515442, 178.113251, 139.828766, 133.355530
768.038879, 182.250549, 125.062981, 129.344879
765.498291, 177.822510, 126.938438, 134.048996
773.741272, 188.862213, 131.886154, 139.183411
783.090576, 190.893402, 127.210060, 131.770538
783.774841, 191.607315, 128.760651, 132.522141
789.517639, 192.492874, 127.644676, 134.610245
784.401733, 189.183044, 131.129761, 135.054901
793.244202, 193.946182, 128.145081, 136.841629
795.185547, 196.061127, 127.512428, 134.337646
790.533997, 195.292633, 130.015991, 137.241669
795.318542, 193.349228, 128.964096, 138.879700
794.321655, 194.170364, 130.079437, 132.816620
791.015564, 190.751419, 127.483383, 133.163666
791.890625, 187.689529, 125.727509, 132.420197
787.117920, 184.224442, 126.120293, 130.947784
784.437805, 181.907379, 124.334564, 129.510300
778.471252, 177.588318, 127.306831, 133.669861
782.159790, 174.617004, 128.995285, 137.133652
771.203857, 169.156860, 131.906509, 137.124985
769.445435, 167.409119, 133.645294, 137.307541
768.502930, 166.741486, 130.819016, 128.600555
746.960205, 160.121796, 140.772736, 132.440628
744.054321, 154.981476, 146.643250, 134.488846
741.981201, 154.511932, 135.770203, 125.840065
742.059937, 151.640747, 137.023712, 129.449356
746.400574, 148.049194, 140.631592, 130.325058
742.156128, 145.783234, 141.618210, 133.060364
741.661499, 145.912552, 143.075058, 134.571320
745.319641, 148.616501, 139.808411, 130.841202
744.226501, 149.004272, 138.720230, 130.572327
742.439514, 150.902985, 146.630585, 137.389404
746.993164, 150.855957, 138.539719, 137.847336
743.215820, 156.235138, 139.280731, 133.123108
745.564819, 156.507324, 134.919601, 130.876556
744.267212, 156.422165, 135.549728, 132.079834
742.233215, 157.098724, 139.248352, 134.241440
743.364929, 155.776566, 140.334274, 135.679428
742.644653, 155.530945, 141.154678, 135.472931
741.398315, 153.823898, 142.662857, 138.124878
744.770264, 153.443817, 140.787979, 137.174988
744.597595, 155.602356, 138.106033, 133.746399
741.232666, 154.339294, 137.972900, 136.750656
742.824036, 156.559570, 138.045990, 135.329514
744.341003, 160.854324, 135.785385, 136.368286
741.054321, 161.056244, 138.538391, 140.541916
740.255798, 160.608307, 139.411606, 142.277115
745.698608, 160.669113, 134.231705, 136.029312
741.714905, 159.309753, 137.278946, 138.128494
742.502380, 161.139297, 135.230988, 135.274033
746.855530, 160.813232, 131.024597, 133.888535
744.136719, 160.173645, 132.316864, 134.070908
738.747437, 159.149811, 136.649460, 144.186630
736.798401, 158.798325, 137.211594, 144.398087
742.379761, 157.257233, 133.092926, 137.669083
739.663879, 156.880371, 133.304993, 135.870804
737.075012, 155.218170, 135.716202, 135.667709
736.661072, 153.710968, 135.554077, 135.699341
735.987122, 153.562042, 136.097885, 134.101410
741.923828, 153.222321, 132.122559, 133.037231
736.399475, 150.305725, 136.114273, 134.763489
736.890076, 151.277222, 136.449463, 135.369125
735.658142, 153.784058, 140.016144, 137.115402
738.932312, 154.919434, 136.057510, 133.756866
740.666931, 157.341125, 135.631638, 132.799622
742.217468, 158.703491, 136.388474, 133.878036
744.181030, 158.648621, 135.570908, 136.945023
746.274719, 159.867752, 134.624039, 137.506927
747.206909, 159.954926, 135.297455, 137.835175
746.111267, 157.575226, 139.398117, 140.856323
751.126831, 159.488113, 135.834396, 137.930664
751.056030, 161.313400, 133.707550, 135.669861
745.248108, 158.460358, 139.847351, 140.747253
749.099487, 159.375275, 134.473328, 135.944977
749.202759, 159.113953, 135.277298, 135.632828
748.289063, 159.365005, 136.176834, 135.456345
749.687134, 158.164734, 136.431702, 136.346146
751.098022, 158.512314, 134.363831, 135.647873
749.679504, 158.856796, 136.331085, 136.237991
749.580750, 158.852325, 135.545700, 134.673813
744.201782, 158.879410, 140.891876, 141.136673
743.689209, 158.943054, 140.459076, 140.879257
748.039185, 157.859726, 136.752777, 135.304688
745.534363, 156.755646, 136.514679, 133.812866
743.821045, 157.852219, 136.950500, 132.979034
743.530762, 155.844437, 139.093292, 139.976044
746.417603, 158.585236, 136.192093, 133.794250
741.458496, 158.524445, 142.023911, 138.581390
742.304321, 159.893555, 140.428772, 137.764145
742.556641, 160.356674, 140.268555, 137.166229
743.292358, 159.018387, 138.714371, 139.629471
742.740601, 159.848450, 139.420670, 135.757690
738.788940, 159.071808, 142.322372, 136.483337
745.300415, 158.630325, 135.033142, 133.292465
744.993774, 156.400497, 136.078735, 137.884689
744.305542, 160.166977, 137.993576, 134.314178
744.669189, 160.153275, 137.720001, 134.629456
744.561279, 159.650787, 138.849335, 135.866425
744.191956, 159.803009, 139.188812, 135.833252
749.333008, 158.858658, 134.481644, 134.018616
742.964844, 158.649841, 139.779816, 138.650009
745.589661, 157.793213, 138.009003, 137.978683
743.591858, 156.205261, 137.102783, 135.508972
741.886475, 152.804688, 139.727142, 138.129105
745.792480, 154.076462, 133.801361, 131.815659
744.834351, 151.341583, 134.876328, 133.825760
741.788818, 150.073715, 134.028442, 137.074005
742.553772, 148.221909, 135.852295, 139.822861
733.912048, 145.007355, 139.188492, 134.480850
740.164612, 139.629227, 135.126587, 129.700684
735.534912, 136.882431, 142.326218, 138.584457
737.258728, 136.541992, 134.357651, 130.629990
741.065002, 139.507507, 136.257996, 136.339355
742.075745, 146.646362, 132.150726, 129.210571
735.973267, 145.140396, 143.043808, 134.853409
736.057312, 144.670090, 143.395752, 134.051056
740.378235, 143.025757, 134.761337, 134.078018
743.208862, 143.584747, 137.748734, 132.686752
745.470886, 144.544281, 133.170990, 131.340652
745.162109, 145.721405, 134.260239, 130.276199
746.202698, 150.149292, 134.391418, 137.597794
746.439880, 151.132523, 135.034088, 138.778290
745.587769, 151.895935, 135.013428, 138.509766
745.192566, 153.333679, 134.920807, 133.247757
743.362549, 153.697479, 136.114029, 136.053314
741.499573, 151.947601, 139.629227, 136.523041
739.382629, 151.580597, 139.258057, 137.324265
740.803528, 153.319397, 136.282440, 136.995316
742.075867, 154.569153, 137.592224, 140.358398
739.291565, 154.823334, 140.014450, 138.805466
739.354126, 154.693970, 138.361282, 138.062469
740.277649, 155.221588, 137.717728, 138.753693
740.155334, 155.148254, 136.615616, 137.266663
743.234131, 151.742020, 133.188431, 136.522980
735.850403, 153.774429, 140.051559, 132.761276
730.952576, 150.242218, 144.508270, 133.313278
729.711426, 147.087585, 140.159241, 127.540924
730.211670, 144.254028, 138.205658, 128.167007
737.171387, 137.315033, 137.372574, 128.232742
740.912598, 130.667740, 140.861252, 133.985184
747.738281, 128.058136, 143.669586, 136.971008
756.355042, 129.157822, 133.754425, 127.682823
756.300354, 131.502975, 139.214325, 135.526199
762.935242, 137.869232, 132.279633, 131.284805
763.692688, 139.508560, 135.789917, 134.595947
764.958984, 143.070709, 134.763031, 134.010742
763.581787, 140.926971, 138.454407, 138.283920
768.729614, 145.444260, 131.631607, 132.105118
767.946289, 145.608292, 131.719818, 132.677597
446.064697, 496.715179, 115.332840, 96.333923
768.882080, 147.713394, 131.390793, 135.870865
768.170227, 148.197754, 131.176132, 135.586594
768.672913, 148.286743, 130.671768, 135.339828
769.394958, 148.453568, 133.261337, 135.136887
767.277954, 150.100937, 133.444748, 133.466400
766.069946, 152.054535, 134.836685, 138.371399
767.440979, 152.508713, 135.636551, 137.600113
768.152954, 152.240143, 134.007080, 138.482422
765.893433, 155.333862, 138.739136, 140.524414
767.659851, 154.105896, 134.233337, 138.183258
766.273926, 153.911606, 132.037933, 135.500336
762.372620, 157.707520, 136.457153, 138.749496
760.159363, 156.312897, 133.984589, 137.632813
761.284241, 159.670593, 133.935135, 134.622559
749.610474, 157.063507, 145.047974, 142.157791
753.999146, 157.760498, 133.259064, 136.528397
751.023926, 159.791336, 138.717651, 139.445267
747.594116, 157.954391, 139.027512, 138.777100
745.463562, 158.360977, 138.380249, 137.428696
744.887024, 159.939529, 136.568802, 132.958527
745.804565, 157.310028, 135.440170, 138.395737
745.539612, 158.881622, 135.711594, 135.095261
739.347900, 155.436264, 137.654221, 140.510895
737.821533, 159.682846, 139.909225, 139.602203
732.850525, 159.233307, 143.069443, 145.091446
735.050842, 160.123779, 142.903992, 140.984039
723.143494, 160.153351, 148.885895, 141.868118
724.719666, 162.491226, 146.176865, 137.516342
724.174377, 164.404480, 145.407425, 137.643021
721.536316, 166.367798, 147.197510, 137.859329
714.363159, 168.453033, 149.736496, 139.003235
713.641907, 169.137833, 149.729874, 139.964508
713.166809, 169.926178, 147.991333, 132.535187
714.732117, 172.360779, 149.755829, 140.318192
715.058044, 173.190781, 148.216385, 138.600296
711.636230, 173.703674, 145.973984, 134.712967
710.822876, 173.122131, 146.676514, 135.498779
709.766113, 169.221985, 153.321060, 142.972946
715.907288, 168.608032, 148.331070, 135.676682
709.762512, 164.984299, 152.585022, 138.627625
718.186157, 160.766449, 146.946625, 130.937393
716.202026, 158.366653, 150.523636, 136.313400
687.509583, 167.862930, 116.299202, 122.801727
726.140259, 149.008881, 147.226929, 132.821548
734.435547, 144.628357, 136.643524, 134.467926
739.801086, 143.443512, 136.401703, 130.645981
743.243958, 143.080276, 134.063339, 128.032593
742.183411, 139.194336, 139.014084, 135.869690
748.201965, 141.008698, 137.917023, 131.919586
752.851318, 139.903564, 136.152832, 132.327713
756.847168, 139.485794, 133.930344, 131.348465
753.915466, 137.562515, 138.037674, 134.752396
764.183594, 142.165070, 128.134933, 129.526306
764.082153, 142.309250, 128.890121, 128.198914
766.080200, 144.327286, 126.326073, 130.182831
762.827637, 145.700394, 134.372894, 132.324249
764.962585, 146.788574, 131.965988, 133.959229
764.476074, 152.265762, 133.700562, 134.423920
769.997009, 155.445801, 129.706314, 134.778152
766.660400, 152.497803, 132.325241, 134.188049
767.812134, 151.933212, 133.023422, 133.263382
769.569946, 147.652084, 132.205353, 134.953430
775.874084, 149.689255, 128.063293, 133.706360
770.620422, 145.890656, 138.016693, 136.434662
776.334045, 147.310623, 128.872421, 134.962067
780.498108, 148.212708, 127.057899, 131.484161
777.708374, 144.943420, 134.203033, 134.933212
776.638855, 148.553772, 136.871109, 136.101517
777.307068, 152.216263, 134.857864, 134.034653
782.649963, 153.439835, 132.195389, 133.363556
779.422607, 153.799149, 133.848557, 132.894348
778.504150, 157.303909, 139.659775, 138.729584
777.430115, 159.553452, 140.167175, 138.224182
776.654480, 159.325150, 140.881989, 140.325882
778.294312, 162.583633, 134.869385, 136.826477
776.466125, 162.449646, 134.909332, 135.227402
774.878479, 162.476440, 131.397919, 131.707458
770.789856, 158.555252, 137.017593, 134.788101
768.779785, 160.044861, 135.465744, 134.688553
768.200256, 160.308411, 132.926208, 132.283768
758.813660, 158.142883, 139.112564, 140.375748
755.987854, 157.823746, 139.605148, 135.355621
748.446350, 153.720993, 144.773773, 138.490021
745.396484, 154.634583, 138.777878, 136.327408
745.555664, 151.764191, 136.982574, 132.972305
740.871887, 149.692291, 136.104126, 141.090744
733.884460, 149.712921, 139.475113, 136.653976
729.349304, 149.939407, 138.712921, 139.906662
726.140015, 150.110260, 135.675491, 136.117462
720.476990, 150.631393, 138.873581, 136.843384
719.694397, 154.810364, 135.650101, 133.897415
719.586182, 154.854156, 134.166229, 135.133682
713.119568, 158.762039, 139.111374, 140.899567
719.726501, 158.364441, 135.370926, 140.371841
718.134277, 157.432999, 132.728363, 135.487015
719.055786, 158.243011, 133.583237, 136.004196
717.977295, 162.427887, 137.081299, 137.847336
719.689941, 162.950409, 136.866013, 136.538605
723.612488, 162.582001, 135.695160, 136.098419
567.473511, 558.348267, 21.343609, 19.053911
732.319885, 159.245255, 133.920074, 135.108749
567.366272, 558.338623, 21.457588, 19.119858
567.300415, 558.307922, 21.502449, 19.143417
567.299683, 558.288025, 21.568794, 19.197681
567.238281, 558.265076, 21.635897, 19.233351
567.295776, 558.271362, 21.632053, 19.241678
567.276611, 558.258484, 21.668093, 19.264954
567.351318, 558.280762, 21.684160, 19.293953
567.356873, 558.287903, 21.693674, 19.289364
567.398987, 558.291382, 21.620523, 19.252464
566.171509, 558.047180, 23.159206, 19.408772
747.221924, 163.729034, 139.293015, 136.079010
746.997009, 165.490875, 139.528976, 137.391922
748.369568, 166.027725, 142.145966, 135.807037
751.789978, 166.494629, 137.758682, 131.540085
746.747009, 165.593231, 143.374466, 137.100327
747.062317, 163.216187, 142.738663, 135.019135
746.852234, 162.082382, 144.026642, 136.637482
747.909058, 161.706818, 143.966095, 138.022232
751.317627, 163.520844, 143.150024, 136.784546
750.343750, 162.194031, 144.901047, 139.085693
749.984131, 161.447998, 146.480621, 140.090302
758.909363, 167.370621, 134.939392, 133.956665
750.194763, 165.410172, 140.768326, 140.042358
752.234314, 167.441498, 136.813843, 134.436722
753.702515, 165.888824, 143.779343, 139.973862
340.266388, 306.397522, 304.871246, 275.473053
339.170013, 306.562622, 305.654358, 275.712402
339.085999, 306.574280, 305.500549, 275.806427
758.891846, 172.007751, 139.101044, 136.234711
755.546265, 172.624634, 143.871765, 138.760696
755.555115, 171.603912, 145.413040, 140.558945
758.045105, 169.074173, 142.552094, 138.842911
758.750854, 167.517899, 141.770691, 140.682419
757.176270, 166.453781, 145.602753, 140.513138
760.517090, 166.390289, 140.902588, 139.176651
566.426208, 558.408630, 22.948198, 20.132116
756.640137, 162.946091, 140.803345, 139.691544
756.918274, 164.539017, 138.033829, 137.957428
566.346130, 558.356262, 22.999611, 20.181364
754.315857, 160.106308, 138.208618, 136.285492
754.635925, 159.947540, 138.739563, 142.007950
750.481140, 160.620621, 138.882538, 140.455399
748.884216, 156.408371, 140.865601, 139.775238
745.090149, 159.593063, 137.777893, 134.415894
745.287048, 160.576950, 137.653595, 135.961197
743.787720, 157.832245, 137.890244, 136.924301
743.726379, 162.674042, 135.879135, 140.336792
741.125305, 161.302673, 139.867325, 138.046051
736.921021, 159.192566, 140.989090, 137.435989
738.768921, 157.398178, 140.699890, 138.546967
739.100525, 157.710297, 141.273132, 138.407104
738.073181, 157.091400, 141.152969, 138.820526
735.139404, 156.104980, 141.696915, 139.893265
730.155396, 154.883423, 145.155029, 141.308243
738.841309, 158.744232, 136.221329, 141.003464
736.644531, 153.952377, 137.783249, 140.819824
736.869812, 156.283722, 138.560440, 140.666382
734.386353, 155.042938, 139.514053, 140.512772
736.043152, 154.392273, 137.007965, 138.290543
733.522583, 155.782181, 137.224380, 133.662949
735.066162, 156.208435, 133.747742, 133.221878
734.348572, 158.693237, 130.710205, 130.119919
729.636475, 158.768951, 136.264297, 133.657730
730.780334, 159.580704, 135.152100, 135.026459
723.083618, 159.673584, 142.216965, 138.709320
725.235413, 161.647644, 142.209534, 139.532822
720.863464, 159.399704, 147.295670, 141.438049
720.930237, 159.655029, 147.581345, 141.123169
721.290405, 158.055557, 147.856812, 141.869965
723.525696, 159.709564, 146.267090, 141.294968
731.077209, 164.722260, 140.015335, 140.237991
733.077942, 165.234375, 139.268387, 140.020889
730.975769, 164.821640, 143.666748, 140.757614
739.162476, 164.717529, 135.630569, 137.669479
735.495667, 163.440643, 142.925293, 138.335358
738.397827, 164.744522, 142.919739, 137.110229
742.533813, 167.664032, 133.280106, 132.697220
744.266357, 166.686615, 134.049103, 134.422150
741.987671, 165.441879, 137.532181, 137.430923
744.033447, 167.239380, 133.476501, 132.636490
748.475952, 167.868790, 134.139267, 135.219055
746.972229, 167.327362, 133.770050, 134.808990
746.273804, 167.394409, 134.553848, 135.137390
745.530334, 169.193573, 137.044189, 135.146194
745.907898, 167.169998, 131.681198, 136.997101
746.701904, 169.039246, 133.984772, 136.710464
743.679688, 168.320648, 136.345123, 140.631668
745.604553, 168.481171, 137.028503, 144.941925
750.065918, 167.945602, 133.810440, 140.353424
746.772644, 167.506592, 137.739029, 142.145264
748.649475, 167.413940, 136.311417, 142.132965
747.309753, 167.741425, 141.560822, 143.560043
748.652771, 167.622986, 141.229340, 143.446930
749.711609, 168.038391, 140.281158, 143.071335
749.828979, 167.062439, 140.212784, 144.774521
749.948730, 166.979187, 141.902878, 144.394470
750.284180, 165.667389, 140.722763, 144.446365
754.742676, 165.090637, 134.616486, 139.700348
751.296021, 161.344955, 140.604813, 142.017105
752.698914, 160.359741, 138.320572, 143.433594
754.602051, 160.537949, 138.170929, 142.925873
758.631775, 163.860931, 134.593613, 137.473984
756.306885, 165.590256, 138.383392, 144.207275
756.699768, 167.452942, 139.981995, 143.227234
758.413879, 169.841248, 139.163101, 143.589340
758.065674, 170.162262, 138.845230, 143.951706
755.272400, 171.005585, 140.155701, 144.045959
753.122070, 169.209198, 139.894043, 143.946716
753.945923, 169.618256, 139.077469, 143.966858
752.588928, 169.656677, 138.852982, 143.092911
752.313293, 169.077530, 138.866714, 144.262558
754.767883, 168.281143, 136.842438, 141.071808
756.164307, 166.745316, 133.360947, 136.289520
754.127563, 166.192886, 134.327087, 137.206299
749.181396, 166.856964, 139.824097, 139.008316
752.367859, 164.962296, 135.554962, 142.133316
746.350525, 160.926254, 144.185791, 146.152969
751.278381, 162.001282, 138.460129, 139.327606
745.649719, 159.744797, 142.750061, 143.102783
745.706543, 160.625458, 141.697601, 140.181122
741.785645, 157.006317, 143.566071, 141.964859
744.244263, 158.194778, 137.474335, 133.997955
744.707642, 154.790253, 140.412643, 140.171570
741.350159, 158.097061, 140.405777, 138.139557
746.425293, 159.554764, 142.258987, 138.884659
752.599609, 166.002487, 133.054611, 136.867462
746.744690, 164.484924, 144.518539, 142.201630
755.889526, 170.532043, 132.483902, 136.440491
757.799438, 168.203445, 131.772049, 135.395432
752.078796, 163.020325, 135.452835, 135.054001
751.090210, 163.068283, 137.754715, 137.511246
751.018555, 158.787109, 141.111328, 139.459595
750.819458, 159.949966, 141.096954, 136.890381
752.282288, 160.828003, 139.655685, 134.476166
744.517944, 161.520081, 139.967758, 137.111588
748.127991, 160.976822, 132.738815, 130.758423
743.785950, 163.936752, 134.456451, 130.776520
741.005920, 163.112793, 135.961105, 131.893250
737.313477, 165.562988, 138.879883, 133.669098
742.632813, 168.401260, 131.683960, 129.838730
737.844604, 168.001480, 135.239624, 131.789017
737.444092, 169.969788, 135.482376, 129.328857
736.648071, 171.768341, 142.394836, 134.830795
737.210815, 168.270157, 143.310883, 134.601776
745.702942, 167.452240, 132.711166, 132.867966
742.398621, 167.018799, 140.310822, 134.481216
742.418213, 166.866882, 143.390091, 140.730301
746.661255, 167.448395, 136.309464, 135.352921
746.141846, 166.474884, 137.603882, 136.579559
747.948730, 166.745636, 137.178207, 138.880280
746.375000, 164.439774, 139.462570, 137.206940
749.693298, 163.279984, 140.483719, 136.224380
746.958740, 161.695724, 140.967224, 139.883896
741.889709, 161.510559, 151.429855, 151.194214
746.579102, 160.743988, 142.137009, 140.916061
747.605286, 162.862823, 139.895111, 140.003021
746.864197, 163.734955, 136.925797, 139.307434
745.070679, 162.950806, 138.770508, 142.133713
745.474487, 164.346970, 136.045471, 140.985580
744.557556, 165.631622, 138.247803, 144.059204
745.204468, 167.575699, 137.430603, 142.162231
744.311218, 169.459229, 135.237732, 140.932236
741.954956, 166.555145, 137.629456, 141.869034
743.738770, 166.485443, 137.198807, 145.888824
742.249023, 163.505615, 138.493347, 146.290329
747.066589, 158.008194, 134.741928, 139.559891
745.484375, 157.386993, 136.394653, 139.219696
745.343506, 157.141068, 137.695419, 140.036209
745.928345, 157.993713, 138.168228, 141.130310
745.090698, 158.362854, 141.061356, 141.889069
744.273682, 159.638000, 143.197479, 142.559616
748.654724, 162.396820, 140.447433, 137.017746
748.376709, 162.191299, 141.270233, 139.035049
746.927979, 163.693756, 144.205521, 138.609695
746.874878, 164.074692, 144.002441, 136.025223
741.416382, 163.031174, 145.344681, 138.823059
740.100037, 162.339264, 145.849365, 138.234818
740.868958, 163.971100, 143.836746, 138.281448
740.050964, 164.999023, 144.288940, 140.872833
741.786621, 166.052628, 142.291504, 139.237534
741.417236, 165.695145, 140.462479, 139.965118
743.095825, 168.382690, 135.590118, 133.175354
741.947754, 168.640381, 135.905914, 132.352341
747.222229, 169.192596, 134.111679, 132.425903
744.095276, 170.079880, 138.209686, 132.417648
737.042786, 169.024841, 145.412155, 137.821716
736.388428, 169.344391, 146.980515, 137.782379
734.866394, 167.873032, 148.143555, 137.724167
731.605591, 167.485260, 151.050674, 140.745453
740.823853, 168.979858, 141.481308, 136.595184
735.351685, 167.163269, 145.228867, 135.876389
738.040894, 165.864395, 142.463135, 135.196625
731.701294, 160.951874, 149.078201, 138.425858
729.663086, 159.987289, 148.938385, 137.608841
732.565125, 162.460251, 144.862991, 136.224991
733.970276, 163.383347, 147.886871, 138.434433
730.706665, 162.202255, 147.550415, 137.438629
738.203003, 161.310959, 147.754745, 147.667786
736.287720, 159.443466, 139.806458, 138.088089
739.707825, 157.333923, 131.230515, 128.381332
735.191223, 152.626694, 133.686630, 132.514465
734.722900, 152.660095, 138.498001, 132.484543
735.123535, 150.280365, 136.961517, 133.702911
740.492798, 150.851181, 129.282532, 129.368256
742.014648, 152.506470, 128.662796, 130.509491
738.207031, 152.193237, 135.599762, 134.503418
739.016968, 154.431793, 139.711441, 136.535019
741.315430, 159.180328, 127.682671, 129.026306
742.263428, 159.620758, 126.254936, 126.513901
744.964539, 158.779724, 129.786087, 131.176788
746.471924, 157.753937, 125.810555, 131.305511
744.548889, 160.330673, 126.796104, 126.422684
742.419678, 159.190918, 129.550247, 129.141205
742.903687, 158.352402, 131.996094, 130.717316
745.619995, 159.810730, 126.475334, 127.262657
747.133179, 156.529190, 128.826172, 135.072571
747.527161, 156.295639, 129.508286, 135.152924
745.643433, 157.794983, 130.673401, 135.053436
742.628906, 160.490997, 131.299316, 131.351349
756.093201, 175.168304, 130.654434, 127.094322
742.628052, 157.790482, 142.144577, 139.154816
753.006287, 174.502289, 133.453629, 128.543106
746.609802, 160.531860, 138.611984, 137.942703
744.841980, 161.169281, 134.206375, 132.073639
742.358398, 161.936691, 136.303986, 134.333145
745.410645, 161.577728, 134.890625, 133.166565
743.704651, 161.481003, 142.090256, 136.090759
741.760925, 161.701050, 139.649384, 132.070053
748.743591, 170.734741, 138.925949, 134.545761
741.212463, 160.932007, 131.381729, 128.909393
742.629456, 165.422073, 132.082108, 130.646378
738.757263, 163.960999, 133.646240, 131.377228
740.196716, 166.446625, 140.183929, 141.226486
730.648743, 165.592117, 143.447052, 145.383408
737.503967, 165.807693, 137.361053, 132.630310
735.600891, 165.812225, 141.434616, 135.414795
735.249023, 166.430756, 143.719925, 136.000107
734.656860, 169.338882, 137.254257, 130.421463
733.726624, 170.481140, 138.608322, 133.061340
738.716370, 167.961609, 129.771713, 128.276077
734.133484, 168.690857, 138.135971, 130.383911
732.917847, 166.475067, 138.847122, 131.608093
734.847900, 165.107849, 139.785477, 133.228683
734.171631, 167.197739, 138.843536, 131.400696
737.027039, 168.539001, 137.872910, 131.597198
744.312561, 169.971085, 129.606140, 127.602539
742.092896, 168.397003, 136.379791, 134.554459
742.187866, 170.137772, 138.138168, 136.181030
737.135315, 172.118027, 148.492172, 140.342850
738.522278, 173.045898, 147.451935, 139.620697
740.879578, 171.480484, 144.939224, 136.935760
744.938599, 172.350601, 142.412918, 135.089920
745.494934, 171.524139, 142.799835, 134.398849
742.010132, 166.741409, 141.144913, 138.346649
744.612976, 167.947235, 138.948822, 136.879028
747.397827, 169.214966, 139.606033, 138.889526
739.248108, 166.806107, 140.322418, 135.488876
741.413330, 167.447037, 138.998901, 134.369659
740.521423, 166.117340, 142.199265, 136.073959
749.303772, 168.671692, 135.233185, 133.355515
750.025146, 168.329681, 139.086548, 133.956924
748.859741, 169.104004, 140.358215, 134.776062
746.488037, 166.504181, 142.329239, 138.731598
750.742615, 165.368210, 140.028427, 135.113251
748.146057, 163.893005, 145.576599, 140.326736
753.499451, 166.045120, 136.930649, 132.055862
749.888489, 163.635864, 139.395599, 133.505081
749.707336, 164.924347, 137.849854, 131.398651
747.850952, 164.007263, 137.512207, 130.694504
741.067932, 164.475433, 146.912094, 140.144730
748.299561, 168.057648, 139.885849, 135.231064
744.524353, 167.348114, 142.793732, 136.195602
747.790039, 167.857254, 138.454346, 135.056442
750.964661, 167.198044, 136.404602, 135.517960
749.985657, 165.456406, 137.954880, 136.272995
756.844971, 166.124542, 131.576599, 132.487457
755.475098, 163.967194, 138.161606, 136.364868
754.198242, 160.735596, 142.377060, 142.514755
760.334473, 163.445984, 139.354324, 140.384537
771.147827, 165.964661, 130.445068, 134.544769
768.857788, 164.860336, 130.796265, 134.868332
776.796326, 377.402588, 150.533264, 136.307465
768.878723, 169.060181, 134.895920, 139.146942
775.942017, 174.563843, 132.445404, 137.588654
771.685730, 173.808716, 134.706146, 140.815872
815.532776, 417.549683, 91.589027, 80.807251
777.438843, 173.157715, 130.326370, 137.269867
771.245728, 169.616821, 131.967682, 138.412827
774.744690, 169.704834, 129.750610, 135.633377
767.380615, 166.307999, 135.722687, 137.201996
774.311523, 165.074997, 130.151703, 135.321304
763.259399, 160.357666, 136.480591, 142.774857
764.039246, 160.643799, 132.254990, 136.929550
757.633911, 160.753860, 136.719955, 143.634033
760.707458, 158.787964, 132.318573, 135.568726
753.182922, 161.004410, 137.193634, 136.235260
750.892395, 157.329224, 136.602264, 132.717331
749.326416, 157.976776, 137.662155, 132.676788
567.352051, 558.400696, 21.422871, 19.005325
567.352051, 558.400696, 21.422871, 19.005325
567.353638, 558.395508, 21.424572, 19.009346
567.361206, 558.407898, 21.437489, 19.043125
745.658508, 164.200897, 135.618347, 135.377319
754.388306, 165.473785, 134.672867, 136.143005
748.387146, 165.523071, 134.278458, 133.142365
751.013184, 164.777878, 134.473083, 132.969162
748.517639, 164.486816, 139.902298, 137.201294
748.372253, 166.327698, 141.473801, 136.279999
752.571716, 166.566788, 136.328995, 130.595154
752.215393, 165.405472, 139.350800, 133.853470
750.974487, 163.944138, 140.204910, 139.079834
749.536560, 163.107559, 141.113342, 136.362579
746.879578, 162.562515, 142.408005, 135.980209
749.726440, 165.362579, 139.667908, 133.263321
746.607483, 163.524002, 144.598297, 136.123810
745.965332, 158.700470, 146.192810, 137.855469
746.703613, 159.476166, 146.156952, 138.307724
748.052063, 160.115082, 145.043762, 137.051331
750.917786, 161.361572, 142.657578, 138.291321
750.974365, 161.315765, 144.506943, 139.330246
751.050415, 163.188477, 136.528976, 133.769012
749.268738, 161.451111, 146.066544, 141.378052
753.958618, 163.217178, 137.064545, 133.198074
753.002014, 161.350082, 143.439041, 139.877365
750.743164, 161.417236, 141.394852, 137.389099
755.763306, 161.956055, 137.391602, 134.621185
753.162231, 162.219543, 139.087555, 134.816666
755.781738, 159.898148, 139.486893, 138.606918
755.823120, 159.317505, 139.068085, 139.174088
756.691406, 158.439270, 137.880417, 138.401123
756.693237, 158.112213, 137.726486, 137.974121
755.309570, 159.047455, 141.571838, 139.123642
755.924622, 159.399765, 141.437012, 140.218842
761.127258, 161.999344, 137.776581, 136.834763
757.125854, 160.462463, 139.965240, 137.350388
757.822144, 159.419510, 138.438461, 138.839615
757.470398, 159.916260, 140.461670, 138.921829
756.566101, 159.140076, 141.191025, 140.469986
756.727905, 159.183228, 140.727493, 140.797852
756.455811, 159.130676, 140.188843, 140.409454
754.905029, 159.716766, 142.925476, 141.606506
754.488892, 158.911636, 139.655624, 138.315735
752.788818, 157.821777, 140.978195, 139.076294
751.612122, 157.163757, 141.813919, 139.579880
751.284973, 157.992889, 140.289841, 139.211288
752.407471, 158.938278, 138.736420, 137.895981
751.424438, 160.958847, 139.749069, 135.561066
751.038818, 161.557526, 138.707062, 134.680145
751.838806, 158.849930, 139.036209, 138.684875
751.000977, 158.564941, 138.872452, 137.625214
750.052368, 157.687958, 140.476669, 138.807007
750.230103, 161.292572, 133.275635, 132.597595
749.358765, 160.385193, 140.183929, 138.708633
751.750732, 158.398865, 141.137283, 138.889374
753.705139, 158.047821, 138.338211, 137.565353
753.434692, 160.267181, 138.577713, 139.694702
758.034668, 160.579086, 135.914795, 137.130615
758.666687, 160.601181, 139.011887, 140.620163
757.497803, 159.587540, 143.255249, 143.264862
762.677917, 164.011307, 139.829712, 140.270233
765.308228, 164.431534, 138.914795, 141.443222
767.733521, 162.849976, 137.289978, 139.140121
767.887390, 163.703369, 138.071945, 140.253830
767.484558, 166.460159, 135.777512, 137.154388
765.582520, 166.298477, 137.582397, 137.502380
765.548096, 166.471710, 132.410187, 135.577148
764.365723, 167.095398, 132.322983, 134.695480
762.725281, 166.329330, 135.767105, 137.652252
758.083252, 165.962799, 140.498276, 141.211395
756.234741, 165.881714, 139.261139, 136.418564
758.151794, 169.177780, 137.421036, 130.229050
752.967957, 165.452393, 144.004654, 139.443771
753.424438, 167.251740, 143.693146, 136.573746
750.561523, 168.372284, 140.816513, 133.762970
752.843201, 167.463364, 138.363739, 134.190048
748.008240, 168.255112, 145.241028, 141.307251
746.315002, 167.287720, 148.104675, 143.298523
749.919556, 170.706650, 143.697617, 136.977753
750.544556, 168.343628, 139.002869, 133.193909
747.835632, 168.237823, 140.713318, 136.196808
750.437256, 169.629242, 136.703568, 132.179642
744.531372, 166.615738, 140.427902, 133.715454
741.902405, 166.123962, 141.929840, 135.106766
742.254211, 166.033035, 140.970123, 134.726807
748.057129, 164.821655, 139.382050, 136.572845
747.406555, 166.042618, 140.382599, 138.034027
745.036682, 164.978592, 143.398407, 139.318832
744.045837, 168.409531, 145.307251, 137.661072
748.450623, 168.496735, 137.214691, 134.076218
748.096375, 168.572815, 137.829941, 134.211807
745.793213, 167.874893, 142.973297, 135.794556
745.834961, 167.765930, 143.224197, 136.573242
746.261658, 168.144318, 143.222366, 135.787506
747.370117, 168.903015, 141.443054, 134.528488
746.000671, 169.373947, 142.557953, 134.195007
748.046204, 167.687851, 139.875137, 136.369034
742.765137, 165.156143, 146.396133, 141.357819
744.570068, 166.977982, 145.028137, 140.307907
745.162598, 167.398895, 143.861877, 140.225098
745.048889, 167.684631, 144.483505, 139.367096
746.891541, 167.552887, 143.848907, 141.407547
744.939514, 167.177292, 145.638031, 140.546371
745.886047, 167.571945, 144.589981, 139.046188
747.406189, 167.467850, 143.537399, 138.912628
748.345886, 167.074722, 143.608032, 140.086502
745.481628, 166.875336, 143.460724, 138.218109
744.703857, 164.402878, 143.224762, 142.329681
747.363342, 164.559998, 140.823761, 141.312439
748.184570, 164.803040, 139.474411, 141.952362
745.275391, 160.920303, 147.419037, 144.661560
746.990845, 160.105835, 145.846146, 144.067154
747.930664, 159.613373, 144.789017, 143.488632
750.169800, 161.411697, 136.750198, 138.427536
752.073303, 158.161545, 138.095016, 134.876404
754.277466, 157.677612, 137.124084, 138.517899
747.587097, 156.284058, 138.987564, 140.250214
746.624084, 157.433197, 138.816116, 139.649338
750.936218, 156.483200, 138.523834, 138.233871
750.717529, 156.115860, 138.394226, 138.198624
746.206787, 156.123840, 137.971954, 136.423935
747.038330, 157.113358, 136.157501, 135.297546
745.256042, 156.818588, 137.776703, 134.187042
750.445923, 154.364563, 138.863434, 138.538940
746.495239, 156.068985, 135.613998, 132.968597
459.648376, 514.326599, 103.144562, 87.935387
458.391144, 513.423523, 105.457695, 89.816345
465.011963, 517.512878, 88.700081, 68.218475
462.670105, 516.267578, 91.717026, 72.119026
462.415833, 515.876831, 91.137238, 73.055229
755.142883, 156.730591, 131.427399, 139.020233
747.273926, 155.481720, 136.838913, 136.849503
751.902466, 156.056564, 134.882431, 138.970566
752.994995, 158.026855, 134.597641, 134.432663
751.282898, 154.483246, 137.672546, 140.637222
753.599609, 156.227280, 135.417618, 135.294403
756.596252, 156.323334, 132.039444, 132.962189
756.510620, 156.117783, 130.679962, 132.346085
752.575256, 155.089905, 135.202133, 138.608551
757.036560, 156.801437, 129.295197, 132.329407
755.953491, 156.730988, 130.628860, 135.284470
753.168152, 157.919815, 132.314224, 135.301483
756.817932, 155.041290, 123.796867, 134.317322
748.064026, 152.126038, 134.402756, 141.867050
750.989075, 152.541962, 134.424942, 133.717590
566.990234, 557.460388, 23.415140, 20.997101
454.114655, 512.894897, 111.385666, 93.404686
750.591064, 151.751312, 132.851227, 130.401901
749.437073, 150.602264, 134.371078, 134.915741
747.235107, 151.281891, 134.625305, 132.767258
748.326294, 153.098267, 133.618332, 130.352005
468.288849, 518.710022, 81.323746, 66.013695
467.405670, 518.646423, 81.747742, 67.306984
467.449829, 517.426208, 82.991714, 67.116379
466.434204, 516.593262, 84.530525, 67.651268
457.104584, 511.033905, 106.015839, 87.264580
736.748535, 156.471405, 141.169296, 138.106964
454.235504, 510.580444, 108.993935, 87.783104
734.460693, 154.867828, 139.565201, 137.118378
456.296478, 512.384094, 111.849838, 95.488617
736.605896, 157.197876, 137.652512, 138.293045
735.826538, 157.637314, 135.778702, 137.266373
738.507996, 156.236206, 133.893097, 133.284180
734.798157, 155.913025, 135.995941, 135.062134
738.481689, 160.418045, 131.220551, 129.016113
734.841003, 160.575653, 133.915085, 130.805038
733.520508, 161.069977, 132.722000, 125.732025
732.912781, 162.452362, 132.974274, 125.211105
728.605835, 161.918488, 139.920319, 130.911789
728.902649, 163.410278, 137.351852, 130.714325
722.359985, 158.394333, 145.881119, 142.213470
719.751343, 162.941589, 148.004745, 136.492126
719.997375, 164.843964, 149.205093, 138.366959
722.645264, 166.348938, 146.968796, 135.634247
721.554321, 165.094070, 150.542084, 135.246750
717.344055, 164.133667, 149.783875, 134.029968
718.515076, 159.143890, 150.798019, 132.212769
718.624817, 152.200912, 150.050705, 133.905319
454.872192, 514.374573, 109.210899, 92.393967
451.964722, 513.236633, 110.356895, 95.230881
452.269104, 514.848633, 109.995239, 93.934540
451.793060, 517.141174, 110.837227, 96.033463
453.581665, 514.893433, 109.471245, 92.994469
449.433197, 511.904205, 111.805138, 96.541061
449.522705, 512.323669, 111.786705, 97.409760
448.241638, 513.883179, 114.722404, 99.457901
448.352783, 512.576172, 114.484581, 98.729309
448.889587, 518.845703, 114.582367, 100.172310
761.011230, 141.794708, 129.351837, 129.252823
761.619446, 143.182175, 128.804626, 129.108871
762.938293, 142.776978, 135.586151, 131.099609
764.994263, 144.658859, 133.416016, 130.312317
765.339722, 144.208633, 132.841965, 130.539780
766.326050, 144.751755, 132.617096, 129.308105
761.153076, 138.233047, 135.169678, 133.072144
766.435730, 144.578857, 129.142776, 129.481064
763.984131, 142.691376, 130.301910, 130.820099
763.937073, 144.984726, 129.787659, 129.380081
763.861877, 145.726151, 127.536743, 128.019165
763.437927, 148.904175, 128.284317, 132.114792
761.522522, 150.801300, 130.367508, 131.795975
761.050232, 151.689301, 130.782654, 134.422485
759.794739, 152.609100, 139.217728, 140.535248
758.306335, 152.434464, 133.077484, 135.012497
757.547241, 152.904877, 133.457916, 135.520996
758.036621, 152.625946, 133.419800, 136.178192
758.641785, 152.971619, 133.356033, 136.451218
758.500854, 153.837158, 134.902588, 140.753693
757.920410, 154.886993, 134.910599, 143.151443
758.305298, 156.195206, 136.770615, 138.748550
757.093628, 156.199463, 137.317764, 137.265976
444.694153, 501.502869, 123.972336, 103.766586
753.022888, 155.785004, 135.825699, 137.562622
752.413452, 153.287567, 140.422104, 137.595245
750.880127, 156.482758, 133.438507, 133.757477
748.301453, 157.200638, 137.086533, 135.508759
752.885620, 160.335648, 135.868042, 137.228226
743.883423, 164.922775, 137.664734, 137.332001
742.613159, 168.566620, 136.560928, 140.940872
747.640320, 173.722443, 126.205414, 128.890259
745.278320, 172.772369, 127.157196, 126.947578
744.984924, 172.447495, 130.505234, 130.989594
750.857117, 167.379913, 129.681427, 133.238083
752.599670, 165.323517, 130.387985, 133.717224
744.096741, 160.805084, 140.577164, 141.676651
744.704407, 160.530472, 140.984680, 142.048615
746.515198, 160.528351, 139.598785, 142.846924
747.638855, 160.741333, 139.696198, 143.135544
745.980042, 161.299835, 137.363251, 142.477463
748.427734, 161.298630, 136.384766, 141.445389
748.585693, 158.388550, 140.588501, 142.353882
751.490112, 159.905579, 139.384827, 138.801987
750.939270, 158.889542, 135.345032, 136.911148
754.194397, 157.959015, 135.795898, 138.657745
759.161804, 153.019638, 138.419495, 140.017456
765.564758, 153.627151, 133.874008, 138.374893
768.733948, 151.748489, 134.180161, 138.165985
772.814209, 147.787125, 137.801346, 142.117569
437.251465, 520.444092, 103.930038, 89.403320
448.227692, 515.701965, 77.509262, 69.778069
449.586853, 517.516235, 76.175507, 65.193459
764.677795, 143.150589, 137.969574, 136.470581
763.385986, 142.378830, 136.125748, 135.859390
763.872986, 139.925812, 134.601364, 134.819489
761.221680, 145.229218, 138.041275, 135.611801
761.744019, 146.541290, 135.503998, 133.308762
767.823608, 144.737579, 127.238281, 128.671524
764.620544, 146.707016, 133.574478, 131.159607
763.072327, 147.812134, 129.393677, 129.489075
345.134247, 310.737335, 321.823547, 284.106201
765.713440, 152.756668, 128.085663, 130.504883
764.066162, 156.375916, 131.012070, 134.028976
761.790161, 160.574280, 138.109695, 140.920959
762.459167, 164.654449, 133.496094, 138.377075
761.134888, 165.491135, 137.921875, 141.278503
759.474182, 163.108307, 138.888641, 143.054626
762.701050, 159.131836, 132.311005, 138.675705
762.195984, 157.038940, 131.040665, 134.106018
757.875244, 152.991638, 133.596146, 136.837585
356.734100, 297.471313, 298.234253, 278.437775
760.541382, 157.278961, 131.883133, 134.069351
757.818115, 156.752029, 135.760056, 137.937424
757.890869, 160.033966, 139.590668, 140.519669
757.539734, 162.260757, 139.348648, 140.481445
755.811951, 161.600296, 139.159073, 140.712143
755.174988, 159.177979, 140.833466, 141.758896
749.161072, 159.921509, 140.144119, 140.365417
750.244690, 158.049561, 140.133331, 142.325775
751.985291, 155.298309, 141.757080, 140.512970
752.636658, 162.206833, 139.339767, 138.294296
748.927368, 162.439896, 140.256393, 138.377838
749.404358, 165.698990, 141.633087, 143.054825
755.271973, 170.133087, 135.919708, 139.693604
756.080505, 170.241287, 133.924927, 136.929733
751.709045, 165.881042, 138.748520, 139.538727
748.506042, 163.044830, 140.009033, 136.803345
750.298279, 163.559921, 138.701706, 137.023270
748.295593, 162.960678, 140.335083, 137.606155
748.207947, 163.071136, 140.967606, 145.728760
750.778503, 162.569702, 141.782791, 144.999146
749.209229, 157.881516, 140.570724, 143.252823
743.538330, 157.951904, 139.744217, 134.547638
745.476990, 150.142151, 139.530426, 140.984329
754.588440, 149.038513, 130.386475, 131.184280
755.749573, 147.101425, 129.539291, 130.390762
756.408936, 147.819611, 128.213440, 130.896484
753.947449, 151.701920, 136.481735, 137.232162
756.721619, 154.018036, 135.864075, 139.879486
755.308960, 157.933380, 134.006836, 139.663330
757.774780, 159.757294, 133.712463, 142.936508
759.743408, 164.375381, 132.370041, 138.625549
764.231812, 181.362518, 131.306122, 128.906281
764.293396, 182.336273, 130.454956, 127.991417
762.116516, 166.274216, 131.342148, 137.545456
757.096375, 162.418381, 128.067444, 133.074341
758.463867, 157.454956, 133.784424, 138.975418
759.905457, 157.158188, 131.832291, 136.450195
755.061829, 154.255508, 138.859528, 138.230362
761.447571, 157.817947, 134.724472, 139.274139
763.886963, 159.920624, 132.352402, 142.639648
760.950073, 159.476318, 137.837753, 141.832092
765.131592, 166.807968, 135.581238, 137.504303
765.342163, 167.490326, 140.113373, 141.015244
764.636902, 169.146179, 144.185669, 144.725906
765.074524, 175.763824, 143.613312, 137.894287
763.194519, 176.063309, 144.764328, 136.315781
759.651550, 174.999451, 144.151581, 135.758179
755.110901, 171.490509, 148.001160, 136.309219
753.793701, 169.675919, 149.524094, 139.068222
751.717285, 168.891663, 150.457535, 139.582062
751.993469, 168.933563, 150.351563, 139.917252
752.534058, 168.302704, 150.327866, 139.647308
753.877747, 167.335663, 147.718887, 136.526627
752.302368, 167.529907, 148.703690, 134.549301
753.433716, 165.397385, 146.017014, 139.397263
752.176147, 164.686310, 142.565521, 131.314423
751.328125, 158.522156, 145.349396, 136.547836
754.559143, 154.452805, 141.196518, 141.628571
759.285828, 154.631683, 137.559143, 134.971893
751.678101, 153.740341, 141.794388, 138.034439
761.322815, 155.157898, 132.783112, 134.082779
752.955078, 155.868256, 141.437698, 138.225739
747.777161, 155.412003, 141.193481, 137.196716
754.159790, 155.417725, 138.765594, 132.383698
751.968262, 150.580002, 138.913147, 134.992722
756.255188, 150.461533, 134.296219, 129.742767
748.313904, 147.859238, 139.429108, 138.907196
748.497253, 151.314789, 138.652237, 135.467148
751.667786, 149.676544, 135.778580, 131.645340
744.688599, 148.938858, 138.584518, 132.530365
746.987610, 149.547195, 135.399338, 129.778183
752.894165, 151.240326, 133.867706, 134.236938
741.488037, 150.512375, 141.339600, 139.797775
745.043457, 147.696411, 138.298279, 135.405701
748.908691, 151.589600, 135.425232, 132.353745
742.965027, 152.572754, 139.767838, 143.135178
746.416687, 158.872009, 137.565628, 135.184662
737.701111, 161.112335, 146.771835, 139.024902
740.934265, 165.248337, 145.074509, 145.600250
737.949829, 165.301178, 143.741165, 139.303146
736.981262, 167.465515, 142.688950, 135.380432
737.599548, 168.879669, 138.123245, 135.841217
735.241150, 167.992950, 137.585480, 134.234680
741.260437, 167.108521, 140.150223, 133.042191
739.333923, 163.166016, 141.278107, 134.112076
737.983521, 161.079285, 143.770966, 137.407379
737.226257, 160.025574, 139.704330, 136.673828
738.407349, 157.801376, 140.503189, 135.807037
731.630005, 152.949432, 148.177200, 142.651703
738.561157, 152.920044, 138.904266, 138.661057
737.922241, 152.501480, 144.346207, 140.110962
742.068848, 153.557693, 136.535721, 132.771362
742.221069, 151.835785, 141.055695, 137.668106
743.674622, 152.104080, 137.993317, 135.346069
742.736023, 154.636887, 136.554184, 131.367981
743.711731, 153.610565, 135.630386, 132.078262
745.444824, 153.410248, 140.820923, 136.807724
743.196594, 156.836472, 144.034637, 139.939987
746.940735, 163.885605, 137.357330, 136.587845
749.703003, 165.848190, 132.140259, 134.253723
748.924072, 165.501160, 132.431534, 134.716934
749.197815, 165.324493, 131.751953, 134.459763
747.755981, 166.661041, 130.767975, 130.044312
745.786987, 168.017441, 135.643677, 134.504608
745.367615, 165.932251, 136.849686, 138.702103
745.999451, 165.987656, 137.572495, 136.038071
747.009827, 165.301819, 132.920410, 136.152206
744.119873, 160.120941, 149.697861, 154.774628
748.488037, 159.962357, 136.674652, 135.302063
746.145386, 154.912491, 143.922363, 140.291779
748.822449, 152.960068, 139.023544, 137.451508
748.757996, 153.445450, 136.713974, 133.628754
745.899963, 155.607758, 135.746323, 130.247559
747.312439, 155.530380, 135.112152, 130.070557
747.944885, 156.274399, 133.524826, 131.871216
746.699768, 158.639175, 135.850906, 132.368820
750.690674, 162.023682, 135.795517, 140.262451
754.400085, 165.351105, 137.267044, 140.520538
753.763550, 170.741440, 132.433746, 138.267883
754.910706, 169.789734, 133.183838, 137.814468
759.034546, 170.741150, 136.766388, 137.357666
758.594543, 177.977234, 133.752090, 130.572174
755.584778, 162.606598, 131.753708, 136.071579
753.021362, 160.045654, 134.751511, 131.594879
763.637573, 159.371902, 128.992065, 132.423477
760.396484, 159.235977, 136.175140, 138.800278
757.667358, 159.112488, 140.180908, 140.257828
758.989258, 164.404953, 132.152100, 133.674454
763.814514, 164.202835, 136.476624, 135.917740
766.918335, 167.683670, 134.135742, 133.939667
771.027161, 166.671509, 131.905121, 137.314194
772.621765, 165.589401, 132.213028, 136.610519
772.266907, 167.453842, 133.618149, 139.932281
772.216309, 163.858765, 132.759796, 134.628098
771.961487, 162.517120, 133.877609, 140.555786
770.453613, 161.974060, 133.046173, 138.458618
765.181458, 161.982773, 134.977509, 137.677734
763.205566, 164.057465, 138.085190, 142.710632
759.770752, 166.646500, 138.479919, 142.846420
759.404419, 171.627945, 138.616577, 141.362457
751.944946, 167.314606, 146.232697, 151.287613
752.741638, 170.975189, 138.356934, 142.822845
752.012085, 170.079330, 138.207108, 143.160248
751.597900, 169.390793, 139.283127, 143.845810
749.391785, 167.775543, 141.019897, 144.956467
749.504333, 167.682236, 135.664978, 142.760406
750.843872, 164.530594, 134.765808, 142.808899
743.781189, 160.321014, 139.150879, 144.422485
747.288452, 158.837463, 134.079987, 146.417343
739.308655, 154.048553, 141.228012, 138.748749
737.984131, 150.196259, 139.954147, 137.395798
736.152832, 145.808014, 139.957672, 137.157440
739.681519, 142.738297, 135.869751, 135.232056
740.345154, 137.634171, 133.555771, 129.583145
741.009766, 134.628891, 132.416229, 129.579102
742.493042, 134.453903, 130.197449, 127.648071
743.171753, 133.939682, 130.492264, 128.632416
742.856995, 134.187164, 132.452072, 131.665878
740.899231, 135.134552, 135.491196, 133.097153
742.455627, 143.458206, 127.394981, 126.437622
741.969849, 144.934601, 132.935211, 126.561897
742.238770, 148.134247, 128.494766, 128.400513
740.333496, 151.822357, 133.260513, 132.831131
735.495850, 154.759659, 138.261917, 139.879776
739.682861, 167.230591, 137.755280, 133.938446
733.434387, 172.429642, 139.284256, 141.054291
737.449158, 176.439026, 128.017609, 131.145096
735.273010, 180.891754, 129.372253, 135.425995
732.638000, 176.250961, 140.022064, 143.259369
739.452026, 166.453613, 132.458694, 134.401230
733.696289, 160.449738, 137.598770, 135.613663
751.076599, 171.953461, 133.253464, 129.650360
