691.662231, 194.205521, 141.301605, 148.888550
690.100281, 193.940720, 138.734344, 142.412888
683.042114, 188.580353, 139.860962, 148.503677
678.964417, 196.531006, 137.135544, 140.148697
680.019409, 179.501465, 134.137314, 155.042175
679.190308, 186.279968, 136.897385, 148.574066
677.273804, 185.477982, 136.093552, 149.315033
675.005981, 186.776917, 135.380692, 142.021133
673.754028, 176.791489, 132.306412, 150.358536
657.948975, 206.785858, 135.853119, 136.147263
653.520142, 207.886505, 131.102417, 132.783737
655.149109, 222.325302, 109.958786, 114.748711
653.318787, 213.428238, 145.256790, 163.241043
659.684448, 207.312943, 134.559204, 164.488785
657.606995, 208.172501, 131.933655, 159.426331
657.966248, 209.352158, 127.022926, 159.029465
661.928040, 214.865845, 136.618637, 145.994965
676.437012, 199.394958, 141.653366, 159.797287
677.110535, 203.868484, 143.306030, 151.694672
684.094177, 201.339905, 136.918365, 140.730637
679.770203, 199.463928, 139.602890, 153.251740
689.106445, 192.838013, 139.133545, 160.276779
691.657654, 204.446533, 140.581192, 144.766739
706.324829, 196.191040, 143.953873, 153.987183
715.280701, 189.939133, 144.375763, 160.210541
737.707275, 188.928986, 153.565079, 161.153885
742.192505, 187.167068, 154.270508, 163.353683
750.444397, 186.487991, 150.474670, 156.931152
742.322449, 185.383072, 159.777786, 166.557861
737.065063, 192.183899, 157.355240, 171.791183
741.490723, 192.235977, 149.342880, 165.918701
742.983337, 190.396103, 140.544388, 162.788879
745.192261, 196.052780, 141.801559, 160.006210
742.946838, 201.937286, 146.989471, 157.001007
744.869873, 198.307434, 150.076218, 163.821960
742.574219, 203.466522, 152.068924, 155.305634
747.173584, 198.823257, 154.221237, 161.127396
749.612671, 199.611847, 156.303162, 164.835236
751.546326, 204.042068, 149.505890, 159.375580
746.787842, 199.383209, 151.838516, 162.986130
745.391724, 201.574646, 151.405289, 153.691162
742.778748, 196.865692, 153.118805, 162.861282
739.366699, 200.836823, 150.986099, 162.932999
742.507751, 201.558777, 151.535446, 160.899582
745.021118, 209.374207, 154.575653, 158.488342
746.528198, 207.258041, 150.766968, 157.013260
747.996704, 207.214386, 148.588257, 154.668213
748.879456, 207.633133, 146.796921, 152.593689
749.873657, 208.545258, 147.136902, 148.657623
751.408691, 204.190796, 149.453842, 152.394806
746.651306, 205.643524, 149.826843, 157.472214
743.481079, 206.404922, 147.008362, 156.724930
737.249878, 205.864380, 151.450333, 156.154327
732.353638, 209.971588, 143.961563, 150.484390
720.830688, 204.712723, 151.651382, 162.656982
703.075378, 207.216263, 154.076187, 151.909195
691.467102, 209.319595, 154.598953, 153.446945
671.104858, 201.121704, 160.330231, 163.899750
648.881714, 198.647537, 160.508102, 165.473602
621.601318, 188.914688, 155.113342, 143.602783
608.376160, 199.104706, 157.093826, 155.598526
589.499939, 191.311951, 166.011841, 154.188766
574.315796, 196.634476, 149.365311, 149.690140
550.957031, 188.582916, 141.647583, 144.151657
542.263000, 194.667664, 151.712753, 153.859558
528.582336, 194.347839, 146.479233, 156.710892
523.426758, 200.069717, 144.142578, 149.423065
517.591797, 200.247665, 137.989853, 148.052567
502.493896, 190.543320, 151.742844, 168.855347
499.234344, 197.901917, 144.106155, 161.824814
482.182404, 200.207031, 152.804626, 168.611374
472.324005, 206.543259, 149.922012, 162.900024
464.983154, 206.930161, 147.074020, 159.910446
456.363586, 215.697433, 137.432281, 148.178406
442.840607, 224.395447, 137.928925, 142.486237
435.912018, 202.068359, 146.328369, 160.052719
429.028961, 207.828827, 135.897720, 144.654083
426.011414, 190.555466, 139.805038, 158.803528
417.265533, 182.003052, 144.614273, 161.533600
411.568634, 178.952240, 135.825104, 154.179840
405.360657, 176.918503, 141.167786, 162.415390
400.808380, 177.601715, 141.447968, 161.813660
385.370422, 198.410400, 148.691620, 162.259857
391.385315, 193.594238, 137.184692, 158.884323
378.369629, 195.205902, 141.230255, 160.277939
375.706146, 206.184769, 137.306107, 152.021118
361.489868, 206.393433, 147.106628, 163.092407
356.407471, 211.606445, 142.507813, 163.468750
349.486176, 215.317047, 138.584702, 160.079483
343.731720, 207.393005, 146.336624, 171.779251
335.849487, 202.769150, 144.743500, 168.823883
327.411591, 203.051041, 135.224396, 160.172531
317.922852, 198.049942, 131.645905, 156.207092
306.325470, 206.011047, 133.156525, 148.442764
295.739594, 201.829239, 137.365372, 150.146347
287.011658, 206.569931, 136.099060, 149.314514
282.143585, 206.942947, 133.175964, 148.884613
275.246857, 200.099945, 132.536102, 154.011551
268.012390, 205.859467, 134.428406, 152.065857
265.418549, 196.225098, 133.473831, 160.061417
263.049744, 199.437759, 128.816437, 152.676498
259.210358, 205.960999, 128.497314, 144.386826
261.268982, 207.460892, 134.032288, 153.387192
257.051788, 208.831589, 135.286148, 151.086411
252.352234, 208.699539, 137.650330, 153.663879
253.067444, 202.839691, 139.613373, 154.767426
246.635727, 208.836395, 140.732391, 151.014633
251.692871, 203.953735, 136.433472, 153.269394
251.928284, 203.101715, 134.946304, 152.209900
247.938568, 201.129379, 131.397629, 154.861267
245.086716, 203.966187, 130.955765, 149.299515
242.117844, 199.957001, 133.141159, 152.836395
238.749680, 197.643097, 132.211838, 151.433594
229.562805, 197.759598, 142.225708, 158.892242
225.179764, 197.035614, 137.197266, 154.924042
217.515381, 192.514069, 145.667618, 166.387253
213.461395, 192.276199, 142.611282, 163.695648
208.080093, 189.376038, 144.666931, 165.153763
206.267288, 186.300476, 140.511032, 163.186508
197.885559, 179.591400, 136.585403, 165.453400
195.494843, 185.595978, 130.465607, 156.515671
184.961731, 180.220215, 132.460907, 156.156174
175.551468, 184.054840, 136.516754, 153.168137
161.938385, 184.665054, 139.237274, 145.259323
148.550873, 169.531311, 143.878128, 146.153976
141.545853, 170.569244, 142.335373, 147.585846
132.513062, 179.655746, 143.125137, 150.535797
124.746956, 182.359131, 139.975754, 145.715149
116.873779, 205.300552, 138.696487, 133.533493
108.498978, 196.340317, 140.270004, 144.046432
104.542366, 205.256699, 134.720886, 142.662262
93.725693, 211.409668, 149.902359, 154.377426
87.323135, 227.336472, 153.037369, 158.287476
98.638954, 234.308090, 145.088516, 152.099365
104.293213, 240.208206, 141.102783, 158.624725
106.611252, 265.197418, 140.804794, 140.192551
121.049179, 267.198334, 141.229904, 149.093262
130.961670, 272.342072, 144.524963, 153.070419
134.208496, 271.617249, 158.866531, 166.851135
148.649780, 270.751007, 157.669067, 165.446289
164.362091, 261.701782, 153.028442, 167.679947
179.754364, 247.762299, 151.352524, 161.045456
196.900208, 245.324677, 140.895309, 142.284027
198.393539, 220.704468, 159.070084, 165.429276
214.211136, 214.951706, 152.657364, 159.145035
227.713684, 214.500793, 142.174744, 143.051804
237.692078, 209.154633, 144.230530, 148.966537
239.107407, 202.675659, 150.617569, 156.718872
248.307968, 189.384293, 146.334595, 168.746368
247.362778, 192.392380, 141.268768, 153.917206
251.771210, 191.669739, 138.178619, 160.172333
248.870132, 191.258377, 142.943909, 159.869217
253.920349, 185.777802, 139.105576, 162.905624
260.772461, 201.416229, 140.387665, 142.648788
268.988892, 197.286530, 138.620331, 146.214386
260.837128, 178.703613, 147.604630, 164.106567
276.262238, 179.356918, 146.936005, 161.189117
276.039063, 178.083710, 152.655487, 157.878342
271.655365, 179.655029, 156.848923, 156.614853
268.747192, 176.966156, 157.413086, 165.758286
259.332916, 180.388824, 163.287628, 163.594635
251.542343, 174.888733, 166.371826, 169.626877
244.195511, 183.992310, 159.155716, 156.284149
239.501694, 183.465332, 160.195023, 156.638947
240.998306, 185.574066, 152.560837, 155.660706
236.502563, 192.160858, 150.174789, 155.322327
226.161789, 195.302109, 157.163147, 161.414429
221.160629, 203.041351, 157.111542, 163.335983
216.374863, 216.384216, 153.508865, 156.243332
210.963211, 217.461365, 157.876633, 159.355270
210.108337, 223.874130, 150.046280, 150.529968
212.022797, 208.599319, 145.004349, 152.630829
207.348251, 198.828400, 152.322403, 148.984131
212.069275, 183.741562, 142.317413, 156.640213
212.154617, 178.588882, 152.462585, 159.356262
208.404785, 177.333710, 160.544006, 165.608582
213.545868, 184.077621, 149.919037, 156.875000
205.488815, 190.071671, 149.091904, 162.954758
195.655029, 192.942657, 154.433060, 158.932373
193.215057, 195.116257, 152.617874, 156.547836
198.227173, 192.658447, 144.895554, 157.076584
195.569489, 183.905396, 154.865799, 167.457443
196.581589, 180.634918, 149.429398, 169.076538
193.185379, 176.279083, 148.882126, 166.569962
191.019470, 177.840958, 142.669113, 159.352448
193.417480, 172.714783, 141.702774, 158.976120
181.778870, 170.755692, 152.061203, 154.796829
183.147644, 165.727631, 147.769409, 155.458771
176.712219, 157.702118, 155.517181, 159.655167
180.369110, 158.429932, 144.411865, 155.673370
172.516724, 159.793121, 150.469070, 159.324112
168.673096, 161.163834, 150.363586, 160.991089
166.558426, 174.244476, 145.035446, 153.480286
159.797455, 178.742706, 156.796417, 158.278580
165.858810, 184.151276, 135.821594, 140.731110
156.811798, 173.657043, 144.411682, 150.593445
154.290833, 168.551788, 145.156372, 150.499329
153.346115, 161.023804, 147.269684, 155.626801
150.109604, 166.724609, 145.238174, 159.904404
148.023636, 158.951782, 143.958847, 153.730240
148.580246, 160.067352, 140.406540, 154.794907
147.135452, 157.729797, 148.194855, 162.728531
147.369232, 158.016830, 140.390503, 155.012329
143.932556, 158.398697, 148.499008, 159.096542
145.343872, 178.336807, 144.532242, 156.541382
145.199005, 168.003662, 150.773956, 158.332886
142.414291, 162.168106, 150.326828, 162.973862
138.594543, 161.712250, 155.104263, 161.887085
132.507080, 160.607834, 149.563873, 160.972778
130.764648, 161.334930, 151.804306, 158.714645
132.460678, 159.071960, 147.516602, 160.885269
129.327652, 156.238892, 143.960846, 158.144211
132.479965, 150.144623, 149.997314, 164.641022
140.245575, 152.469513, 146.187103, 153.816376
147.370117, 147.697723, 144.431061, 149.192535
153.972733, 138.061813, 149.383331, 158.807953
163.475143, 141.365158, 153.857300, 150.803436
172.093994, 138.325836, 156.462692, 155.710587
190.199600, 141.987274, 143.500275, 142.117844
172.918243, 133.982712, 164.574814, 153.522736
176.220734, 130.767349, 167.938721, 157.848450
178.790009, 133.958374, 159.829025, 165.203064
185.008560, 145.807480, 151.817520, 155.140167
193.820313, 141.177368, 156.231110, 168.609329
215.751144, 146.688309, 157.674759, 159.947433
239.508865, 142.278992, 155.555786, 174.343384
256.493622, 160.177704, 155.444672, 156.258774
276.592102, 166.981369, 152.788345, 148.497513
296.634338, 170.833054, 154.699829, 149.900543
307.087463, 169.871628, 159.865845, 156.613434
333.239502, 164.304184, 153.607178, 163.951920
340.651611, 173.568787, 149.401520, 157.481079
362.203003, 169.961777, 161.851959, 166.365158
380.855682, 173.199112, 159.683441, 160.098083
395.037567, 174.790863, 151.798508, 157.569382
411.640594, 172.484680, 155.405060, 158.722687
426.430298, 168.085480, 159.158340, 165.435959
439.365173, 168.355225, 156.986023, 163.776093
447.845825, 167.096008, 150.849030, 162.981232
466.211304, 163.893387, 156.881790, 167.174622
476.065216, 164.516800, 155.404053, 166.152039
489.521027, 169.595520, 154.520889, 163.068771
497.164795, 177.686127, 155.522797, 159.678268
503.537231, 180.250549, 144.790665, 157.694931
509.624817, 183.137314, 155.449554, 156.931122
518.880615, 184.354935, 145.988922, 159.162567
525.956787, 186.564362, 153.936066, 158.258163
534.837769, 186.460861, 149.921417, 155.979996
535.763245, 190.014420, 150.901047, 157.146683
547.303223, 183.287094, 154.235352, 164.775192
550.803711, 186.451630, 155.702576, 166.591797
558.874878, 185.407822, 153.882263, 165.551270
562.951111, 192.129456, 153.422501, 164.353485
570.220581, 192.552963, 153.824097, 164.447464
567.774719, 197.771713, 147.509399, 160.281509
574.749084, 199.564499, 149.914917, 159.004684
582.399963, 200.966049, 148.860062, 158.348602
582.392700, 191.879272, 160.503876, 164.318069
595.552734, 195.477692, 149.808441, 163.390244
590.512573, 189.397903, 150.708740, 160.805496
595.327148, 193.749542, 150.021088, 159.395981
605.395996, 189.112625, 145.918732, 159.170654
613.082581, 190.074066, 152.109573, 152.261017
419.318298, 385.723053, 106.331055, 97.180435
631.872131, 179.377014, 152.158401, 152.750259
630.223572, 181.949966, 158.673538, 155.279846
453.954742, 379.131683, 113.754715, 108.544518
633.417908, 188.526932, 152.350952, 159.039978
642.943237, 192.123901, 153.427536, 164.238037
646.185486, 200.008881, 153.916473, 162.012939
651.521851, 205.087891, 159.929184, 161.994171
671.203064, 202.279846, 149.585709, 159.820633
681.978088, 197.487625, 153.833618, 164.339905
693.194702, 200.259140, 156.972672, 158.676086
710.298828, 192.612747, 152.665283, 156.513260
729.916199, 184.248322, 148.931641, 160.939072
736.486389, 179.208374, 152.940369, 161.809464
745.884521, 180.651703, 150.905319, 157.930405
765.047729, 178.587494, 147.083847, 156.956787
779.132996, 179.633209, 146.861313, 158.998047
794.702209, 182.448837, 145.291809, 156.938293
809.163452, 185.887054, 143.785202, 153.285568
821.107422, 189.126663, 141.048325, 153.740204
831.251282, 188.778534, 144.211121, 159.477661
843.781616, 181.929276, 151.503830, 167.120132
856.604187, 189.120850, 142.377945, 157.169525
863.996948, 195.589966, 145.764938, 153.508453
866.502625, 184.672974, 156.063049, 164.143631
875.138489, 190.485657, 150.012085, 162.456192
883.688171, 199.768845, 147.595581, 157.591644
891.142334, 196.180450, 144.590744, 163.050278
889.033081, 204.304184, 144.613739, 155.205780
889.916870, 207.049438, 141.278854, 149.968887
886.881592, 202.979401, 143.698944, 153.071625
886.653381, 205.990051, 141.102066, 153.547592
882.958313, 208.890350, 139.420227, 149.491180
880.684265, 211.418213, 141.248749, 146.061722
883.384644, 201.306915, 139.475616, 152.153931
880.516541, 200.459106, 141.398636, 154.616837
875.048889, 204.618591, 146.198853, 155.234665
872.992615, 198.637054, 145.631226, 158.381775
866.658081, 199.414932, 148.977448, 162.779984
873.185425, 192.646133, 146.020233, 169.651016
866.106018, 194.524567, 147.340164, 162.201828
865.062256, 193.216721, 149.186752, 165.742416
862.045532, 205.101578, 146.341751, 156.224945
860.882874, 191.489075, 148.510757, 167.986511
863.464966, 200.198471, 145.762665, 159.103775
862.268311, 196.727783, 140.275223, 160.443970
860.034485, 198.541199, 142.689896, 159.492096
856.005249, 200.300415, 144.020096, 162.504211
853.992676, 198.733490, 143.172958, 155.571640
846.829834, 191.002243, 144.996384, 163.236313
847.718689, 188.600845, 141.982010, 164.486359
848.401123, 192.735016, 142.153015, 159.821991
841.048645, 183.828964, 140.164597, 159.818237
836.352417, 173.097656, 150.174515, 167.998581
835.156799, 184.882751, 138.789856, 156.555222
830.376770, 179.063354, 145.477554, 168.166260
821.637695, 183.282867, 143.623779, 157.454559
822.635986, 187.519760, 144.075409, 160.981339
816.273560, 186.978165, 137.157669, 163.345505
816.913574, 188.423126, 133.016800, 159.652145
807.166077, 196.900818, 137.738586, 149.386078
803.855347, 189.328522, 128.626572, 151.769791
791.949219, 201.224228, 134.783569, 139.166641
794.542297, 197.826172, 124.793755, 146.803223
780.030029, 209.613266, 126.790558, 133.338898
771.616516, 209.711365, 138.715622, 142.768646
768.242310, 211.422180, 141.092865, 144.331833
775.698425, 220.404953, 124.125320, 127.699081
768.362244, 208.625214, 144.118317, 154.565521
777.778137, 205.341644, 128.142365, 148.166916
774.302979, 195.054596, 146.788605, 157.156464
777.818909, 193.302063, 145.239456, 158.912689
785.034119, 205.672302, 136.873749, 144.728546
784.368713, 193.767792, 144.122284, 155.364426
784.466309, 192.524109, 147.794434, 158.391861
794.059875, 196.192383, 138.344894, 153.323944
800.040710, 196.103119, 135.699631, 154.807449
801.551147, 198.083420, 131.649506, 145.969955
799.573853, 190.620605, 134.596451, 155.520340
801.394592, 190.810883, 138.681030, 152.561874
793.162292, 198.706055, 140.660950, 154.330811
796.150208, 195.876404, 142.586380, 153.111984
795.088257, 188.207123, 148.940659, 160.410965
803.659973, 187.532623, 140.353546, 154.236557
816.083679, 193.935059, 136.617325, 143.925964
819.221313, 165.407959, 128.635391, 147.083237
821.796875, 187.991333, 134.433517, 149.725189
820.934326, 192.310516, 141.553452, 153.974396
819.752136, 193.553528, 142.616623, 151.672043
819.422058, 193.004700, 147.043777, 152.586624
830.660339, 170.894974, 139.148422, 168.871277
833.310669, 191.376373, 147.178360, 158.220810
833.413574, 193.300751, 151.739471, 157.965088
852.929626, 196.489334, 125.198128, 137.942657
856.058655, 189.600159, 131.148529, 152.555679
856.959045, 196.602692, 134.469925, 144.103607
858.431946, 190.647202, 145.691208, 155.940506
877.351807, 188.700317, 130.074844, 150.301117
871.070862, 187.729401, 137.379822, 160.290634
870.944702, 185.108765, 145.066055, 164.389114
877.265808, 191.554092, 146.968994, 157.233536
884.179077, 186.717941, 141.368713, 161.609161
890.322327, 186.738876, 132.064026, 157.241806
890.883240, 200.378128, 132.242828, 135.627640
891.618042, 203.745361, 130.800552, 133.597626
893.048401, 195.794724, 131.874374, 143.204422
883.529663, 201.612823, 134.588257, 137.489670
881.721191, 191.064713, 138.994812, 151.876633
878.512878, 196.029083, 134.869827, 142.436630
878.843567, 193.001160, 140.730392, 154.695541
870.435852, 194.120239, 143.523026, 160.405640
865.896118, 192.305939, 136.025757, 154.472183
852.874268, 188.856247, 141.498627, 164.029373
845.001648, 184.242752, 133.332855, 152.098236
826.415466, 180.245117, 135.080078, 149.787033
811.645630, 185.881119, 136.397797, 147.799149
797.688660, 195.606140, 133.007858, 137.414810
784.606079, 186.243698, 126.463684, 135.090393
771.303711, 180.458435, 131.884201, 143.376297
754.690552, 179.713455, 127.447090, 138.561890
731.486572, 183.484146, 136.298309, 145.469116
712.021057, 173.343414, 136.605850, 148.404678
688.912109, 182.267395, 125.584862, 128.282196
679.957520, 159.961960, 138.284348, 146.042816
643.898254, 188.722595, 139.614288, 142.156998
621.155212, 185.305222, 140.426880, 143.859177
605.483826, 173.820923, 142.931961, 152.827682
589.688232, 170.872986, 131.458969, 144.182678
563.784790, 170.965790, 142.029327, 147.132172
543.549072, 167.223694, 141.371674, 147.489578
523.470154, 175.713974, 142.254517, 135.313278
511.018127, 171.124069, 139.672699, 141.995667
498.444580, 167.415024, 132.335297, 137.401169
487.687958, 168.182587, 129.667099, 142.575439
470.098419, 165.315964, 136.954025, 150.211334
461.030090, 172.021820, 135.474564, 145.105194
449.172943, 181.298721, 145.115616, 153.735184
439.864624, 181.486252, 141.225876, 144.740738
435.396820, 167.725815, 138.513596, 145.489777
429.107025, 164.054520, 140.091660, 146.204926
425.894745, 162.576324, 139.933960, 146.272125
426.191223, 166.413620, 135.486191, 141.707779
423.854889, 186.545395, 130.988159, 133.414886
418.481079, 185.461807, 133.938812, 139.407837
417.446259, 180.504837, 137.457382, 148.017990
423.833679, 177.704742, 128.383179, 135.410767
428.368835, 176.292053, 117.964661, 131.262131
430.982605, 150.397324, 128.829865, 147.536957
434.739136, 164.888885, 133.995544, 149.830704
434.821411, 163.545364, 140.579926, 152.731903
448.221527, 167.157227, 138.636047, 144.200363
441.094666, 168.345795, 153.473907, 163.294586
439.128754, 178.408051, 156.732040, 165.895828
435.665955, 181.654312, 155.640305, 164.538208
438.453217, 178.014313, 146.849594, 160.731155
437.694550, 172.910370, 150.116394, 155.552460
434.065674, 174.078842, 149.095612, 151.376434
436.567169, 169.566422, 154.298706, 153.719406
453.120514, 165.306366, 147.117905, 155.984100
461.643341, 162.755554, 144.294891, 159.521606
462.805878, 170.380157, 150.389053, 161.478485
465.128510, 171.998962, 155.751755, 161.980270
471.932861, 171.434692, 150.326477, 151.980255
476.100616, 172.301819, 144.705688, 147.249069
471.916077, 166.273560, 144.052887, 160.549423
474.428833, 172.639404, 147.199524, 142.621719
466.992706, 169.214874, 150.228256, 149.677582
467.180084, 172.624054, 138.040771, 146.945724
462.921478, 180.124634, 135.863190, 139.514023
456.089600, 189.033066, 138.306122, 145.290924
458.979645, 190.415527, 131.789566, 135.567001
456.591125, 188.764633, 129.396545, 131.465378
458.912720, 171.394135, 139.906204, 143.790207
466.975128, 172.552124, 134.470566, 146.347641
467.955322, 165.853149, 127.163368, 135.028931
468.409302, 168.139771, 136.112823, 145.174377
475.758728, 171.696762, 142.656937, 154.356766
485.438263, 173.755997, 140.405121, 163.713547
484.217255, 174.859406, 137.076920, 159.131027
479.857727, 170.030533, 139.753754, 159.113525
480.811737, 171.408173, 137.776047, 158.590302
476.203125, 166.876068, 137.453476, 145.448486
470.212128, 159.113647, 145.145203, 153.477386
473.151733, 161.296799, 138.195313, 145.485672
475.941101, 160.606049, 134.024002, 149.490311
472.827911, 161.014877, 134.754333, 144.963257
480.359894, 158.936050, 129.650085, 144.361755
474.389679, 162.566544, 123.590324, 136.252853
477.485901, 163.630630, 126.072350, 139.801071
479.371216, 168.458160, 128.693298, 150.843170
479.233673, 157.371475, 134.577789, 151.480576
488.338318, 177.084961, 128.270294, 151.717514
478.486237, 176.107056, 134.915070, 154.672302
484.459930, 186.354935, 136.880936, 148.879807
487.960602, 184.869781, 143.238678, 155.408676
484.070984, 172.172211, 148.170242, 154.939758
495.546936, 173.353958, 148.983597, 161.531799
501.333466, 169.533447, 150.180710, 160.240860
502.707520, 171.133713, 158.335541, 167.187454
505.633179, 175.698074, 150.003662, 170.154114
502.675262, 188.151520, 150.099945, 167.687424
500.537323, 197.374817, 157.238281, 164.603104
502.078827, 196.355820, 153.975449, 158.271011
502.449097, 190.192291, 156.854034, 161.861893
506.869263, 187.390244, 153.348846, 161.048874
509.936951, 185.185791, 160.123352, 160.860611
515.996094, 175.680038, 154.711609, 161.295074
519.287598, 173.713928, 157.389648, 169.715179
519.079407, 186.250381, 159.312164, 174.264755
518.015381, 180.819305, 161.932922, 170.969391
522.805115, 186.108673, 157.136429, 170.824661
524.110413, 191.375748, 157.455368, 163.414703
521.492554, 190.071548, 159.762161, 168.327652
521.620544, 190.207199, 159.566650, 167.991257
521.093323, 189.032532, 160.116821, 167.593903
524.953674, 194.133026, 155.311569, 161.201126
524.971680, 191.720749, 154.886963, 161.310760
527.061951, 192.449631, 153.066772, 159.484833
526.291931, 190.545319, 152.150330, 159.083755
526.159058, 188.372421, 152.069809, 160.035583
524.219360, 185.470108, 152.384842, 157.804459
522.953796, 178.305176, 156.857742, 169.912460
523.681335, 182.665771, 155.650284, 164.166519
523.792786, 181.372604, 153.311798, 162.682373
529.983887, 183.248810, 154.050171, 158.876251
526.944763, 178.834610, 156.389923, 161.062439
526.554443, 169.210709, 156.773697, 165.556091
525.781982, 168.400482, 149.259964, 150.626617
523.370544, 166.894623, 143.594727, 146.683304
518.028137, 165.377075, 142.792526, 153.116135
507.163818, 167.990036, 136.304428, 142.505356
488.726135, 162.104950, 147.948166, 155.905487
482.907806, 166.134827, 137.836807, 145.529205
488.595154, 169.221634, 122.260292, 127.004150
487.051697, 163.493011, 119.456497, 130.613174
475.821198, 158.554413, 141.321426, 157.874908
480.199982, 169.067932, 121.677101, 127.592461
477.657837, 170.131012, 130.208130, 142.549988
480.213989, 181.835052, 123.140900, 132.447372
471.592133, 200.943405, 139.576233, 138.100128
474.127045, 199.715485, 140.641205, 142.611115
474.730438, 191.722488, 137.680206, 142.799683
474.968628, 192.813660, 135.365250, 139.425751
477.133881, 175.349335, 148.852753, 159.669479
483.653900, 173.337738, 133.518661, 148.861450
485.589050, 177.510712, 129.088791, 134.174973
475.738037, 184.131912, 138.194443, 143.047729
480.814758, 165.106400, 136.632950, 153.029007
480.218506, 157.838074, 136.642395, 150.615219
487.225433, 155.688522, 129.540771, 137.161270
493.632751, 157.869095, 120.156906, 132.655396
481.409393, 158.120560, 121.385757, 128.893784
487.084045, 160.533737, 118.995796, 130.061462
494.117584, 160.212753, 126.128105, 144.513748
499.993805, 162.604218, 125.115875, 136.007111
498.103271, 159.492935, 139.797516, 155.789230
506.662567, 158.462296, 148.862244, 161.711502
517.118347, 163.638947, 140.885315, 167.426254
527.835510, 163.091476, 134.687622, 162.269760
526.881470, 169.366669, 133.214706, 150.193512
527.123230, 169.437439, 143.422470, 151.165817
532.599731, 172.282715, 136.683105, 146.756989
543.262146, 193.655060, 124.519989, 130.536301
552.494141, 174.579010, 118.349884, 126.986694
563.836670, 171.879517, 125.018623, 138.365189
572.306213, 160.520325, 133.955414, 150.593002
570.043762, 180.132706, 125.049873, 131.422623
568.993469, 164.430511, 143.408615, 157.299057
570.764038, 166.927200, 144.581863, 151.382690
582.153748, 162.836868, 138.803268, 152.575974
585.036926, 162.979279, 140.754013, 159.656021
578.506897, 162.874359, 153.614105, 158.481842
579.357544, 173.686249, 147.016174, 145.864014
570.618896, 174.329468, 152.844925, 147.686920
567.220764, 164.749298, 155.128281, 157.902374
561.508301, 170.177063, 145.680252, 151.563126
551.447998, 168.795090, 148.583847, 153.205078
543.099670, 168.250717, 143.776443, 155.018265
533.355957, 170.391693, 145.665131, 143.552475
523.166992, 165.992218, 142.095612, 156.303833
513.355530, 167.645325, 143.124710, 161.851273
506.351044, 166.452515, 136.022415, 156.064926
495.588776, 168.352951, 139.535339, 157.182114
486.634857, 157.352798, 130.332001, 145.239090
485.229279, 178.432800, 128.879959, 138.167389
478.073669, 178.173431, 134.250641, 144.099335
473.823395, 194.653793, 151.498032, 166.550064
473.384094, 211.271408, 133.760727, 156.822403
476.727295, 217.577972, 129.155197, 152.012085
478.885986, 213.782806, 133.492798, 158.785187
479.243713, 218.353394, 131.580414, 147.201767
483.963745, 211.084564, 138.804810, 153.101654
485.179382, 194.348877, 143.437790, 152.902298
503.935181, 179.710373, 134.976181, 157.941238
508.305939, 179.362915, 139.770355, 145.446335
516.212769, 174.571045, 138.333435, 154.423035
527.067810, 172.690933, 138.163818, 158.855316
521.367737, 181.695618, 144.423645, 152.722504
521.347229, 191.017334, 143.528381, 148.694992
526.393738, 200.254639, 141.829727, 144.253464
528.757996, 199.502533, 145.519073, 165.642151
524.241394, 204.303223, 152.622757, 176.216064
526.037781, 207.228043, 148.293076, 165.268707
526.172241, 193.355865, 158.180511, 168.417389
531.538879, 186.661316, 146.278183, 149.842819
528.705017, 164.039352, 160.610352, 162.435837
532.226807, 160.968643, 155.304001, 155.355530
528.050842, 161.973999, 156.534958, 153.562958
517.160645, 150.583725, 164.335938, 163.456680
508.904114, 146.209518, 166.169296, 158.551056
520.524414, 156.190979, 155.727463, 152.096481
501.302765, 161.652374, 153.776886, 141.218506
492.100952, 168.029999, 155.356613, 153.075912
475.058472, 168.111511, 174.096451, 163.562225
472.335480, 169.425934, 154.258698, 155.575546
464.648529, 162.265167, 149.416763, 155.709930
456.493256, 165.244812, 141.240295, 141.354797
454.046722, 149.699371, 135.617966, 146.677490
455.097839, 147.533813, 141.905243, 164.644318
452.543884, 166.778259, 118.570213, 122.098793
454.151611, 166.949097, 135.500488, 147.556000
450.941742, 171.746796, 123.381401, 146.666550
451.397156, 181.714737, 133.369171, 140.153275
452.958893, 175.120697, 136.009277, 159.072479
455.081177, 181.070709, 138.231384, 163.564651
459.891968, 187.262619, 136.277267, 167.047256
459.191528, 189.331390, 139.739868, 170.706421
456.829834, 191.091797, 135.367172, 164.236282
454.819580, 186.459717, 148.363739, 170.659653
448.808594, 175.415298, 163.692581, 186.718719
453.150787, 182.813751, 150.251938, 165.679733
451.249573, 183.335175, 147.157120, 167.059097
450.067047, 190.231247, 148.393402, 156.246109
451.287323, 192.400162, 146.344315, 151.708313
450.805542, 192.727951, 144.369339, 152.899216
458.442780, 198.557617, 137.978760, 140.515976
456.020569, 206.337616, 137.508270, 135.008270
456.337738, 200.911682, 141.822067, 140.281998
460.090546, 202.517044, 138.806381, 139.151337
460.419800, 201.835358, 139.195114, 139.335007
463.691437, 201.745117, 136.264862, 138.017181
472.566803, 201.362228, 133.123795, 134.644821
468.012390, 200.505707, 136.681717, 138.026993
464.666901, 199.496979, 139.403000, 142.809265
465.131042, 201.316376, 136.814560, 139.204865
465.317047, 199.771423, 138.598526, 140.382141
468.711914, 207.335464, 129.990387, 128.437225
463.031738, 188.810287, 144.799896, 150.966888
462.963501, 184.528473, 147.985504, 156.171600
460.914124, 185.879410, 146.243652, 151.073181
464.124115, 201.382431, 131.307999, 132.016251
460.622101, 200.391281, 134.813889, 132.712616
457.608490, 198.804169, 139.103149, 137.881531
458.762817, 184.759827, 140.921463, 151.150787
453.808258, 192.910675, 139.323837, 141.332138
452.577301, 193.051025, 139.996368, 141.131927
452.244934, 200.560547, 140.635406, 137.599747
448.671753, 194.011597, 135.837143, 138.057983
451.961823, 192.859894, 137.350647, 143.124161
453.461639, 192.427414, 134.486374, 141.046906
451.606934, 194.728195, 134.532364, 140.144806
450.479187, 193.960464, 136.277405, 141.741592
442.867584, 185.280609, 144.522812, 150.392059
446.327332, 190.473145, 139.278473, 146.469971
439.848206, 191.764572, 142.387909, 145.233704
437.051270, 192.318283, 139.511658, 141.755493
436.713257, 192.614197, 139.354385, 141.276627
436.445099, 193.523972, 138.390015, 140.687943
436.131073, 196.457550, 135.509476, 136.704666
434.046936, 192.865219, 138.497177, 142.666092
433.323853, 194.131958, 137.600952, 140.466049
432.716949, 195.489746, 135.723343, 137.401825
433.208740, 197.272736, 137.767761, 138.006683
429.897797, 191.391281, 140.568970, 145.526855
432.887268, 177.984940, 149.494858, 166.307907
428.536987, 172.834732, 157.352890, 168.695999
433.392639, 172.364151, 147.010345, 158.772079
433.697449, 166.201126, 148.554794, 164.761597
436.655243, 163.803101, 143.208282, 155.554413
434.831940, 165.800812, 140.718353, 155.723175
432.439117, 158.683228, 146.832108, 167.066284
709.668762, 298.849854, 196.195160, 216.712128
428.500946, 167.881302, 142.250397, 157.041397
422.372650, 175.423706, 143.042068, 153.106049
412.030670, 189.952194, 149.844101, 155.519699
409.696991, 211.382385, 146.469757, 142.829941
396.570709, 219.766327, 152.307816, 154.646576
396.882080, 229.275177, 140.963043, 146.614197
398.196594, 229.561188, 143.982971, 157.434769
402.061066, 224.825775, 148.222885, 163.938431
409.335297, 214.304535, 150.725067, 165.791992
426.169678, 197.400208, 139.055267, 163.573547
434.510376, 190.083969, 142.065689, 151.309036
449.721832, 187.273987, 138.609467, 143.228897
444.850128, 177.225113, 152.735626, 154.970779
461.463074, 167.089508, 141.091537, 154.050385
466.411285, 152.713364, 142.246323, 162.150620
477.719940, 168.604294, 136.875931, 142.211136
476.749115, 163.037735, 152.760590, 161.047562
491.198120, 163.487122, 141.973572, 158.150909
504.725800, 166.069397, 136.450409, 151.778061
508.581879, 170.047348, 143.713348, 153.032974
519.622253, 175.148499, 137.866608, 150.171005
526.198303, 187.462692, 143.142288, 144.410843
537.924744, 192.899643, 150.279724, 146.848145
560.781372, 193.012436, 141.694199, 149.668869
574.390442, 200.802521, 141.446838, 150.055222
598.436401, 196.989487, 144.608566, 155.152359
618.723511, 204.636917, 132.566879, 143.448395
634.840027, 207.738937, 135.803024, 145.196426
655.225952, 210.376587, 143.075745, 140.455643
663.478577, 200.218643, 135.046371, 147.992447
689.032349, 205.028122, 142.723099, 149.615417
699.168701, 205.356308, 131.426010, 144.054749
723.058594, 205.769150, 134.503128, 149.432144
736.750610, 209.574692, 144.948990, 151.855148
747.967285, 206.853088, 142.780060, 149.169510
759.222046, 207.774017, 138.665848, 146.201019
770.816406, 208.844284, 131.217712, 143.125839
779.240601, 206.392227, 135.485779, 145.351349
786.467590, 211.905548, 144.427307, 138.375946
793.411865, 193.508179, 146.908508, 155.184448
806.509888, 194.102448, 142.483109, 153.709152
807.357788, 192.014008, 149.700760, 159.445892
816.254089, 192.043732, 145.341782, 155.404099
805.795898, 196.408356, 161.982254, 156.219971
819.361023, 191.521774, 147.976028, 155.592667
820.699463, 187.765503, 153.236816, 161.031769
823.113770, 186.360962, 154.943481, 158.847900
645.500549, 179.905487, 167.985657, 162.411652
646.109924, 187.456543, 161.358551, 156.743958
663.249390, 185.562958, 152.211639, 153.864304
656.460510, 183.426666, 158.899475, 155.449707
673.318481, 195.078079, 143.124710, 145.004715
681.578064, 197.623230, 143.739014, 143.296936
683.645264, 186.785675, 145.326340, 149.861847
699.925049, 197.890320, 130.557343, 139.735229
704.944153, 203.422150, 132.558868, 136.175690
710.099731, 197.856110, 137.244293, 141.377258
716.778198, 197.187790, 138.663589, 144.500015
719.303650, 207.069885, 142.724731, 137.619217
724.517761, 192.945007, 135.470291, 144.696579
727.072388, 197.047745, 130.259506, 138.409866
726.285034, 198.191406, 137.756851, 135.436264
729.751770, 191.423584, 125.685738, 138.984268
732.600220, 192.519470, 127.873199, 136.468887
730.157166, 191.724609, 129.448990, 131.306046
722.351685, 175.375931, 140.836746, 158.489670
715.956482, 171.245712, 140.393997, 158.616104
718.335754, 177.132507, 129.741592, 142.384430
710.289917, 173.602432, 141.617706, 149.202515
702.214111, 164.504883, 125.194160, 141.488922
693.094727, 156.410385, 133.337128, 148.087296
684.858398, 143.057083, 139.163544, 157.441483
675.312073, 148.399612, 123.604759, 132.495438
658.125305, 140.976868, 127.297195, 135.045746
646.698914, 140.123672, 125.204369, 140.538116
628.818542, 134.211319, 130.620346, 139.612076
609.806396, 133.170731, 128.762985, 135.397385
585.798889, 133.391663, 144.973877, 157.125763
573.019287, 119.757111, 141.445206, 157.974762
557.002197, 123.127701, 141.738678, 154.348724
536.991882, 122.901703, 142.878403, 152.441925
517.737976, 119.562347, 140.132324, 148.790192
508.367859, 113.121582, 141.590118, 156.536560
496.385956, 121.260925, 131.302338, 141.054535
472.836365, 123.505142, 142.309341, 148.173523
459.547974, 124.533188, 130.772675, 137.325531
454.572418, 124.639931, 127.769836, 133.012817
432.800537, 127.489014, 137.303467, 134.896744
420.561096, 122.215683, 133.751465, 135.288437
415.055603, 115.487244, 131.090286, 140.402115
400.437134, 109.740494, 136.794205, 148.036865
389.332031, 123.236984, 134.054596, 138.412231
378.393982, 120.517700, 141.841949, 150.946350
379.851807, 127.085281, 137.060577, 154.863220
363.783203, 140.479736, 142.003601, 153.401016
352.863831, 134.469345, 141.225677, 154.649323
353.653412, 133.602081, 140.658218, 159.985123
350.808472, 142.225418, 137.822891, 161.319397
343.280670, 143.485107, 139.305710, 158.749817
335.358551, 152.892517, 140.663727, 157.253479
325.922607, 151.108963, 136.963882, 154.045715
318.270874, 153.833344, 141.674698, 157.976135
308.479156, 152.328400, 129.654114, 147.172760
293.771179, 157.933090, 138.504486, 148.099899
287.157043, 165.647675, 127.520744, 130.696228
273.240234, 134.761765, 142.202728, 163.956131
266.026398, 134.611176, 140.140610, 161.506042
250.717117, 139.723251, 136.421188, 152.137436
243.021393, 126.649071, 140.367523, 162.571671
220.764343, 133.484680, 141.408783, 151.027313
211.893936, 124.799454, 150.641479, 165.640778
194.245865, 136.952820, 141.708786, 145.055206
181.493134, 127.270615, 141.187073, 147.398834
172.847824, 133.719833, 144.630356, 152.267288
161.260101, 136.004395, 142.904190, 146.798050
156.128067, 134.636368, 128.314835, 137.030487
140.822067, 131.857666, 139.236420, 146.466675
131.373627, 127.645531, 143.332855, 152.435379
118.936935, 131.284470, 148.487701, 154.452209
121.174629, 124.716515, 147.199661, 168.751205
103.937904, 140.971741, 138.098663, 145.029404
98.237297, 127.294220, 140.799911, 161.934555
85.014183, 131.817719, 134.525696, 152.228775
75.714096, 133.274841, 138.821548, 159.952347
69.194542, 136.154312, 144.289124, 165.087753
57.631969, 139.827728, 139.955948, 161.501221
47.016563, 145.346725, 141.313202, 160.835358
40.061047, 148.299225, 133.712448, 154.241592
34.848518, 159.040314, 138.172577, 159.887909
295.674835, 555.321777, 94.005333, 78.218773
9.446574, 178.124115, 134.637573, 152.660843
38.902641, 178.248703, 139.801270, 155.058350
46.297470, 179.457367, 144.704147, 153.019547
59.611034, 177.905457, 141.366638, 155.535843
64.929825, 180.302399, 140.856491, 153.244904
74.293251, 175.920959, 141.764206, 159.973129
75.439667, 176.064438, 139.123276, 158.437531
77.524948, 185.001953, 144.295181, 151.003113
81.172798, 188.675888, 141.229584, 149.504974
81.515236, 187.715485, 142.516220, 151.773834
79.730652, 181.082825, 141.524048, 158.646805
79.879105, 192.725708, 143.302658, 146.578094
87.492119, 187.252014, 140.466766, 157.055695
86.088257, 182.929031, 141.144852, 159.163116
83.068596, 183.438904, 143.365356, 162.092209
83.996117, 179.421448, 143.849884, 161.048569
81.808403, 176.464340, 144.176376, 161.317062
85.758713, 172.890381, 141.396057, 158.328796
81.552872, 174.311783, 144.789719, 157.224548
88.415825, 170.718750, 139.728531, 154.719070
82.141174, 182.561844, 138.826675, 144.702621
84.310349, 171.887604, 141.132309, 156.604950
80.845963, 181.513107, 138.905334, 143.262787
75.216415, 169.181641, 148.851440, 159.844101
85.042114, 167.328049, 144.022903, 156.094849
86.574623, 167.418701, 144.481598, 157.197220
88.643753, 168.959473, 141.664032, 154.594986
86.598343, 172.553482, 142.814972, 155.330460
88.558304, 171.454193, 148.705978, 161.791687
89.490913, 161.878036, 158.313156, 171.857040
93.865013, 168.514526, 153.361191, 164.244186
102.612907, 165.811417, 145.254196, 158.591614
101.937355, 173.950806, 146.232437, 150.983444
101.581085, 173.788452, 148.120316, 152.677765
102.681732, 171.744720, 148.317047, 155.214172
105.245171, 172.892685, 148.007797, 157.897110
107.241905, 166.600250, 148.728195, 166.272278
108.500206, 171.330750, 147.417709, 160.295349
109.490288, 170.349426, 149.651825, 162.275391
110.881363, 162.250473, 154.756836, 169.729965
123.001244, 166.758789, 142.959686, 161.075806
118.020920, 163.107224, 139.403122, 151.306152
122.342766, 159.301086, 151.039749, 170.734055
120.229469, 155.754700, 154.257019, 175.183014
122.512108, 158.012146, 153.766357, 174.005112
118.790665, 153.259857, 154.567444, 178.413406
120.802124, 163.279480, 136.825424, 152.817749
121.040359, 158.327209, 135.319000, 155.079269
118.391632, 158.571747, 135.985580, 159.139084
121.180588, 171.384521, 134.975372, 153.318726
114.275604, 185.539825, 139.905716, 148.371338
122.642624, 186.222336, 132.525726, 144.409500
118.189934, 181.841690, 138.539871, 153.060593
122.028702, 190.662430, 131.869064, 145.836609
128.193207, 188.207321, 137.631638, 161.080368
132.916718, 202.824890, 137.038742, 147.111053
140.921265, 205.016159, 135.612259, 159.886337
146.643814, 204.806961, 138.135345, 167.409332
151.129272, 209.894669, 137.789536, 166.932526
149.155533, 220.829544, 140.850800, 155.210983
160.178726, 219.663391, 140.280151, 157.207321
161.085449, 217.407181, 143.100784, 163.168060
168.753693, 213.647629, 138.118195, 160.478653
171.640900, 211.588760, 138.986420, 160.349091
180.129562, 210.694626, 136.018997, 159.600327
183.428513, 207.382111, 139.955887, 167.662491
186.645248, 207.936157, 140.998825, 169.651306
194.042145, 212.967514, 139.984619, 161.630798
192.416473, 205.724365, 137.682785, 165.108902
196.172867, 207.436584, 138.209869, 158.789795
199.072144, 203.638992, 134.774200, 156.597244
202.621780, 207.711075, 137.572617, 158.910370
202.556717, 204.081192, 140.389297, 160.709259
204.029587, 214.598358, 136.998703, 146.757294
205.941116, 196.631821, 146.813950, 171.053223
205.210846, 205.058624, 134.865631, 147.807205
199.749069, 212.735886, 137.919006, 145.821091
202.319763, 212.359589, 139.604095, 147.028809
202.453812, 196.456360, 158.953583, 176.236374
203.906708, 192.937241, 148.369003, 171.825989
206.679581, 202.646072, 143.079285, 158.337097
201.179184, 204.401367, 138.526215, 153.394424
210.032227, 205.632568, 139.158203, 157.651001
203.834869, 202.118149, 149.051926, 165.428711
204.374908, 205.890610, 144.659637, 156.956146
201.613831, 209.222748, 150.882278, 159.365265
185.286148, 207.990677, 146.341446, 161.923691
202.016220, 210.989441, 143.321091, 157.850998
197.538193, 213.502350, 141.908218, 155.716980
198.256454, 214.298492, 141.200729, 153.905838
205.056686, 207.418854, 138.649185, 150.616547
197.185547, 201.830856, 146.486160, 155.641785
196.351166, 200.473206, 142.494278, 153.449478
204.354980, 204.700073, 138.818909, 151.284393
191.970413, 194.623749, 147.846115, 156.895691
194.075623, 205.189102, 147.328613, 155.684982
195.005188, 201.694382, 141.413040, 154.611298
198.264755, 200.122665, 139.119751, 151.589584
198.159668, 198.336365, 141.327560, 154.059875
201.706818, 195.699631, 139.728851, 153.395981
200.888092, 189.065948, 144.567688, 161.271484
200.818634, 183.137726, 145.817917, 162.704742
195.589294, 182.981384, 140.576279, 153.635254
189.403229, 169.565094, 146.865021, 160.168655
189.275574, 173.511765, 135.901123, 151.573853
180.623917, 179.649887, 142.338058, 150.536118
180.727600, 168.400970, 142.545822, 159.216675
183.068588, 168.195435, 139.883408, 158.374619
185.042114, 170.852173, 135.622787, 150.407288
186.514389, 167.910446, 142.762161, 159.043427
188.752975, 167.147797, 140.976868, 163.214966
190.341064, 172.222321, 139.608765, 154.998398
192.871521, 167.523163, 144.690079, 157.466507
199.500656, 168.341400, 144.369385, 161.730972
204.056046, 169.880066, 149.170227, 164.778854
216.226044, 164.440948, 146.406052, 158.824188
222.966003, 164.718735, 144.209427, 158.373291
225.758209, 162.756531, 149.316299, 161.583115
232.026001, 166.545380, 146.323776, 151.771805
238.310593, 152.894043, 148.845551, 163.828735
250.976898, 151.853088, 146.212997, 160.555527
248.235504, 154.553177, 149.904099, 152.654419
249.340103, 140.654724, 158.209229, 167.253616
252.503326, 136.278625, 155.495453, 163.466125
257.570862, 137.046097, 151.854355, 160.532471
265.770752, 133.745132, 145.366699, 156.622467
258.822388, 131.501129, 151.107834, 157.252884
258.966553, 132.076874, 151.513245, 157.646500
257.008392, 129.073135, 153.202225, 159.543549
258.565002, 133.785248, 153.903900, 156.754776
257.260315, 133.005127, 153.955948, 158.249054
257.824921, 134.951569, 152.682114, 157.666718
252.583466, 130.190384, 157.816284, 166.607285
257.170929, 136.134003, 152.440765, 163.487549
248.880661, 137.852661, 155.563858, 163.408463
434.886993, 302.894073, 136.387634, 122.309708
381.318085, 309.218567, 153.218674, 137.467209
347.985901, 316.083130, 174.060089, 172.270920
240.309113, 149.941299, 154.225845, 165.226959
231.254349, 154.060394, 160.071426, 168.394608
229.591782, 163.042435, 155.046066, 166.376419
226.296799, 172.767044, 154.238876, 163.999512
219.300446, 194.216461, 158.902908, 161.337692
217.105362, 207.859344, 154.069733, 158.045898
223.937378, 222.721252, 155.845749, 158.590118
229.771408, 231.201385, 146.356918, 158.922318
237.709518, 242.740234, 148.089310, 161.701355
250.362839, 249.980331, 152.063522, 166.786942
262.722443, 253.134659, 156.166534, 170.430252
284.641937, 253.972626, 157.378784, 169.349045
309.827728, 253.263550, 160.528290, 163.061264
348.637726, 246.442963, 155.199066, 162.572250
382.310760, 239.379715, 151.629898, 156.701736
415.426758, 227.619400, 152.774124, 157.559906
444.903259, 221.322922, 151.841949, 155.442261
484.541229, 208.536316, 153.703415, 156.592773
515.766907, 208.117615, 151.446747, 149.159531
548.834656, 196.958145, 156.234985, 163.549576
578.356506, 196.799698, 159.810547, 161.900085
612.698547, 183.545547, 156.237885, 164.543518
641.818298, 175.841415, 157.557251, 163.070282
665.865601, 169.879456, 159.706589, 162.167953
682.654663, 169.770111, 157.809464, 156.962524
717.266357, 167.010086, 155.587784, 153.359024
733.464050, 163.218903, 159.232025, 154.987289
742.419617, 158.716217, 153.351181, 159.820053
759.912109, 160.746384, 158.465164, 160.458221
768.634521, 156.674896, 150.697845, 159.427261
774.697815, 153.140930, 158.788086, 168.014374
780.621277, 157.648849, 159.962524, 167.600967
781.628418, 156.152740, 162.492676, 176.496689
783.030701, 155.151169, 161.258698, 174.006760
784.164368, 148.945480, 157.497513, 170.778015
782.069641, 149.260956, 155.421005, 161.928329
785.027649, 142.548615, 160.364258, 170.994339
782.547485, 144.834854, 151.579437, 165.728699
777.316589, 150.663742, 154.836746, 159.375931
782.292786, 150.703934, 156.797073, 161.895035
776.723450, 158.927628, 154.486496, 154.393951
776.787659, 150.171936, 153.564835, 165.893570
773.055176, 149.052567, 156.437683, 171.870575
771.625000, 163.461121, 157.816269, 160.665710
767.086426, 162.704193, 151.453171, 161.315231
767.415649, 160.934265, 159.039917, 174.432678
768.191895, 167.243317, 156.246262, 158.251297
771.741150, 167.154510, 151.958282, 167.289322
770.864380, 167.608566, 151.739594, 163.138580
768.335938, 168.592651, 155.008377, 160.936142
769.400330, 169.101303, 155.246796, 157.690918
772.454529, 167.435150, 146.939758, 160.166580
769.106995, 159.944489, 153.216278, 161.874008
768.830994, 159.148834, 153.045776, 157.962677
768.834595, 161.313065, 154.733597, 161.939392
772.827881, 166.348801, 152.756958, 160.312149
770.453674, 160.019043, 156.150177, 167.941467
772.102966, 153.908401, 153.570999, 163.707855
778.011475, 155.183823, 148.542572, 159.419022
776.931274, 149.531311, 151.308823, 162.443253
779.052673, 148.986023, 148.874680, 157.862610
779.299988, 146.589294, 148.106949, 157.047760
781.268677, 145.231232, 151.048660, 161.479507
776.414246, 151.118637, 155.592758, 158.024277
782.480957, 150.491409, 150.924728, 152.982834
778.631897, 148.748398, 154.910721, 157.204819
781.973389, 152.105530, 155.117752, 158.973434
782.333740, 155.826019, 155.403870, 158.323364
781.758789, 162.157013, 153.552490, 155.712936
779.966370, 165.260788, 154.412277, 156.245026
780.814453, 161.325180, 149.950012, 164.049271
776.105896, 169.702148, 159.486511, 158.333542
785.007507, 165.518295, 152.189774, 165.581467
787.269714, 168.198685, 147.122406, 163.340942
780.088257, 171.483780, 153.290131, 161.795105
777.215088, 174.465393, 156.312363, 164.684006
783.187439, 174.324203, 149.460327, 158.751434
784.868286, 172.640564, 150.785995, 161.240387
782.409729, 183.728668, 149.928665, 155.602982
780.545532, 176.968323, 154.792511, 163.284546
780.146545, 175.462219, 156.054413, 167.358276
779.375183, 173.989868, 158.131744, 168.221970
782.727417, 179.846298, 151.480515, 160.450821
782.351318, 179.255402, 151.316574, 159.567993
781.045227, 177.469055, 152.397003, 160.740509
783.942566, 179.386505, 149.214035, 157.619675
784.242126, 179.292435, 148.423050, 156.400787
781.315186, 176.724915, 151.204422, 157.934708
783.751282, 178.425171, 148.791962, 155.554611
780.655090, 168.634811, 148.933411, 159.613113
777.931458, 168.194519, 150.058960, 157.502625
785.429138, 170.217758, 141.512177, 158.646393
781.547852, 166.522400, 148.913742, 161.023209
780.331665, 164.370483, 150.940552, 162.308044
780.109741, 165.372070, 152.273132, 163.768585
781.723145, 161.256668, 151.664932, 164.094147
783.130981, 163.269958, 147.768921, 158.836716
783.681641, 161.687057, 149.832260, 162.533295
778.581787, 164.088196, 153.948792, 162.119019
784.223145, 161.035858, 150.639191, 163.679550
782.528137, 162.818848, 149.120026, 159.649994
784.267700, 160.994720, 148.509186, 160.707245
782.854797, 161.471252, 142.166367, 162.015060
785.737244, 158.332581, 140.688171, 161.857666
779.882507, 159.813217, 145.300888, 155.290161
782.125366, 152.454956, 151.239639, 163.322189
777.835876, 149.709900, 155.953156, 159.793442
781.618774, 150.200195, 154.088928, 156.963150
781.345459, 149.107208, 152.277161, 155.367279
779.409851, 151.086060, 152.159470, 155.445923
778.517395, 163.435364, 157.791443, 160.556778
770.229248, 159.796356, 158.232178, 169.932663
760.508850, 176.249710, 151.701599, 159.926041
754.739990, 188.243652, 160.603104, 163.884720
754.879578, 196.923630, 156.606796, 161.968536
754.935242, 214.726044, 153.798965, 163.863297
747.351868, 228.021835, 157.527756, 164.047409
745.881897, 244.977570, 157.801834, 166.899353
739.973511, 262.466919, 160.397263, 167.995834
745.662720, 271.177368, 156.926544, 168.857346
745.498718, 279.092377, 157.624161, 169.947525
741.839905, 282.732483, 170.916718, 172.953079
751.775452, 283.622070, 153.041565, 168.260834
753.400391, 280.687744, 158.582993, 165.175217
751.235474, 275.451477, 163.573685, 158.985977
763.597839, 262.448425, 156.450409, 159.794861
771.588928, 252.427765, 152.825958, 159.907242
780.561157, 242.412170, 148.843552, 162.156647
784.498962, 231.630203, 151.321167, 165.130875
777.934204, 226.986115, 166.380753, 175.849869
787.798340, 224.844391, 162.235107, 167.092896
794.939392, 213.978729, 157.712112, 180.468872
793.642029, 210.418228, 152.009644, 167.962448
806.163635, 207.322449, 150.774139, 159.451828
807.227295, 202.706207, 153.449341, 163.059753
802.736877, 199.095856, 148.172974, 163.219650
806.315857, 188.461792, 157.353363, 163.441757
802.048218, 181.901886, 158.840240, 166.394012
800.525940, 179.476730, 147.502457, 165.919128
795.907593, 177.229141, 159.206757, 165.187042
793.492065, 167.153702, 156.891647, 160.116882
803.498108, 163.341629, 149.699570, 162.169922
794.722046, 157.510803, 155.636993, 163.219620
796.077759, 155.713776, 149.616333, 163.436615
795.069214, 158.046265, 150.083588, 160.363129
795.735168, 164.013489, 144.443436, 151.713974
792.052673, 155.441238, 146.737381, 161.884033
786.698669, 155.185699, 145.745331, 159.200272
783.701294, 156.365967, 139.667725, 154.064056
782.760193, 161.302231, 142.203232, 158.883621
775.094543, 163.750183, 147.375122, 160.999847
777.353027, 165.317657, 142.801483, 159.026489
779.695190, 166.252838, 142.799026, 161.250977
777.493652, 167.306046, 142.487640, 159.979446
778.579285, 167.711807, 141.711533, 159.582504
776.702454, 172.676544, 140.239502, 148.216507
778.306213, 166.826050, 142.793106, 159.427567
777.720032, 172.332352, 137.628204, 148.379761
778.797791, 171.612396, 144.302353, 157.726791
779.891785, 168.963898, 143.896347, 156.514099
777.431885, 165.045776, 142.162216, 159.236267
781.809937, 169.742935, 140.195084, 149.295181
776.813416, 164.477798, 139.135941, 156.473831
786.970520, 165.505432, 135.810013, 149.356583
780.965942, 164.576447, 137.276184, 147.876740
786.199890, 158.623718, 131.366165, 147.729492
787.315430, 156.689575, 136.172119, 142.151474
793.449768, 145.677490, 135.778076, 154.483032
857.767700, 373.219604, 128.352051, 122.314392
789.461487, 143.403061, 146.126709, 159.019608
798.872620, 138.003204, 146.758423, 164.289368
796.623718, 142.564697, 146.390717, 154.254410
795.247681, 141.337357, 149.783051, 158.524445
804.139160, 150.551147, 134.573196, 150.758957
804.311218, 148.276184, 134.715836, 144.748138
802.315552, 134.088669, 155.319122, 164.194122
837.933899, 177.706467, 124.586334, 146.028931
809.877441, 193.312317, 142.517502, 156.303848
792.375549, 151.732635, 137.918152, 147.055099
792.239807, 154.650024, 146.062820, 150.444366
785.946838, 151.018280, 144.761108, 150.443573
781.599304, 149.859039, 148.130005, 157.445114
769.498718, 151.039429, 148.998108, 155.969147
772.543274, 157.057053, 145.633942, 153.035599
777.562500, 156.806000, 146.934586, 157.580017
773.518921, 164.919998, 145.858368, 163.079315
767.607239, 161.869232, 154.592087, 172.032623
767.680420, 170.137665, 150.175522, 156.961044
768.279724, 164.636139, 147.981949, 162.799133
779.112183, 165.567261, 139.823975, 155.988113
778.644836, 161.394455, 140.840652, 155.564590
782.072937, 152.957382, 136.833496, 155.156052
780.625671, 145.903900, 147.756943, 158.906189
781.830933, 147.419922, 154.392609, 155.204941
784.716919, 142.510895, 148.683777, 158.139160
794.664429, 142.044785, 146.555786, 161.578445
789.516479, 137.386627, 147.459549, 159.645737
785.826111, 136.870132, 153.859451, 162.873856
793.485413, 141.341232, 145.729019, 152.340637
795.462830, 144.728653, 142.482849, 152.699265
801.242920, 151.228119, 145.354446, 155.910965
792.192688, 149.922974, 145.667084, 161.523361
797.358521, 157.414917, 141.698364, 161.824478
795.647217, 158.017166, 143.767365, 157.321320
796.131836, 153.302368, 141.963120, 153.856064
801.370117, 151.903931, 141.854370, 155.519440
801.544617, 150.438980, 144.387802, 147.881927
798.503357, 143.036362, 146.062698, 151.195541
797.772766, 146.390701, 152.666931, 152.345535
797.555603, 139.605331, 147.699173, 151.047531
798.322327, 143.122375, 150.890961, 154.481216
797.899963, 147.142242, 154.003296, 156.586594
801.297546, 147.203033, 153.066330, 161.508698
799.170471, 157.233887, 155.041260, 161.123489
798.087280, 164.386078, 151.184448, 158.509506
802.704468, 163.973434, 142.654037, 159.637650
803.337646, 164.942825, 144.053482, 163.711533
800.697632, 164.976273, 154.130249, 167.999680
800.818787, 158.753815, 149.500656, 166.724487
807.040955, 155.061707, 148.875687, 163.749252
805.388367, 152.225937, 151.575089, 162.999405
809.576172, 148.922180, 144.277161, 158.373749
810.941650, 146.798828, 144.073578, 156.369736
805.089661, 145.110931, 146.978943, 159.815399
810.175964, 143.058289, 146.148895, 159.714813
804.416931, 143.654160, 149.263367, 160.641876
815.340881, 140.965881, 139.425140, 159.331070
810.280701, 146.156403, 142.852386, 157.823288
809.336548, 149.947098, 143.972198, 157.166061
812.308899, 157.843338, 138.905273, 149.472855
816.115295, 162.921890, 138.349503, 152.447495
816.595520, 170.599640, 137.487564, 160.740204
818.101929, 169.070282, 149.533539, 172.325577
818.587341, 174.548065, 146.744431, 168.932648
825.355469, 179.028336, 136.223785, 154.225830
817.889465, 169.272797, 146.969055, 164.547195
819.099609, 168.665314, 138.830994, 153.065781
818.681458, 164.733841, 138.125443, 151.644485
821.147949, 166.994705, 135.929291, 148.121948
818.405457, 156.791718, 139.347458, 155.267761
819.423218, 156.653015, 135.790985, 151.333023
817.366333, 159.149536, 139.686111, 160.099396
818.724731, 154.132843, 142.900269, 165.745697
817.375488, 152.879745, 143.258209, 164.236374
823.918030, 164.208832, 142.397034, 158.578598
818.479919, 166.278412, 145.950363, 149.709946
825.678650, 159.229065, 144.802887, 160.397675
826.713440, 154.044907, 141.738678, 155.063049
831.822266, 155.366852, 142.357666, 146.128784
826.617432, 152.420212, 148.684021, 154.393524
826.791138, 155.877304, 151.723907, 154.884293
829.124329, 165.445648, 153.486771, 157.706192
833.907410, 168.222656, 147.627975, 163.391647
824.459534, 178.619186, 156.319977, 164.141541
829.420715, 177.295898, 153.425140, 170.613403
821.069946, 176.247208, 158.856308, 166.170151
819.898376, 171.533554, 145.337372, 153.597015
819.682190, 160.305466, 153.330704, 161.317764
815.594604, 154.984497, 155.610840, 162.405090
814.950562, 155.733887, 152.850403, 155.310562
813.489746, 153.709900, 152.457489, 153.802582
813.130676, 150.280823, 154.996719, 163.779388
806.391479, 150.430893, 159.069778, 167.986694
807.409729, 153.649109, 157.000961, 163.561417
806.983826, 154.654053, 157.707260, 165.734680
809.665527, 167.302414, 156.655624, 158.277954
812.315186, 166.115875, 150.118057, 161.932907
810.454956, 179.442856, 148.411392, 153.718872
808.824097, 180.785614, 148.255264, 158.550354
804.233337, 192.280334, 144.701309, 158.169006
801.771240, 198.883850, 157.417252, 162.044479
801.116333, 207.000595, 145.492874, 156.411423
799.536255, 201.044312, 148.612457, 155.227188
799.987427, 196.150146, 143.572937, 154.926544
796.760010, 189.936356, 146.941833, 155.366913
797.173462, 187.094345, 151.963394, 160.479523
796.737122, 183.699280, 144.069550, 157.032043
796.088501, 183.802444, 145.033798, 156.468811
797.600891, 182.050156, 145.152069, 159.251770
794.371582, 177.428009, 149.953674, 161.172623
798.530396, 165.649048, 149.292480, 169.478394
795.187012, 171.262726, 150.919693, 157.485977
789.840088, 159.138351, 150.907410, 162.309677
787.030090, 161.546890, 152.281952, 162.890671
792.866211, 158.849472, 145.935867, 154.661026
788.287415, 157.517136, 149.955627, 159.812271
789.881409, 165.853073, 148.654602, 158.409866
792.288696, 168.315552, 145.617752, 161.573792
786.813721, 177.558563, 149.349945, 161.179169
786.844543, 194.053589, 147.995560, 156.368362
784.865356, 202.746017, 150.061157, 161.502411
783.965698, 209.632935, 157.060379, 163.942917
782.505554, 218.316772, 152.088898, 156.717926
781.994507, 214.910065, 146.504379, 157.547226
787.060913, 215.239517, 143.194824, 154.918198
785.715271, 210.107910, 144.454834, 155.447189
783.643372, 204.042770, 148.597961, 162.967209
789.243225, 210.971527, 134.999878, 148.449539
787.140991, 204.055435, 131.580765, 155.408508
779.222961, 201.107285, 136.965424, 157.761093
774.900940, 202.938126, 136.285080, 154.553925
761.796143, 202.681808, 137.033478, 153.352310
761.068359, 202.524902, 141.082977, 156.830368
761.566467, 206.954788, 130.125183, 142.174469
745.300415, 195.532761, 139.384445, 157.280045
738.692993, 193.338974, 138.148880, 156.702988
723.294861, 196.235519, 137.078018, 148.692459
700.315979, 195.365265, 139.113129, 148.160873
690.996277, 196.909485, 129.349319, 133.694427
677.575195, 184.400085, 129.691513, 141.248489
652.517700, 180.314270, 131.194656, 142.204163
637.990845, 176.605255, 133.916473, 147.748871
608.957336, 174.084900, 138.770828, 150.859299
591.430542, 168.177155, 136.418716, 147.989594
571.417114, 162.619141, 135.582809, 146.458084
552.434814, 156.591019, 135.790604, 154.887375
527.378479, 158.655762, 138.976608, 150.628174
513.712769, 158.557892, 134.706329, 155.031693
497.741821, 158.239532, 133.288742, 157.333450
483.438812, 158.543884, 130.675201, 153.039932
468.618439, 153.439896, 139.513947, 164.263596
452.653839, 151.658615, 137.505676, 156.439896
441.494171, 149.908096, 139.621002, 160.477112
434.176239, 149.783203, 130.646057, 153.014557
421.062408, 149.880615, 135.562332, 155.072525
413.137512, 146.901825, 138.238892, 160.806854
407.335022, 151.306976, 140.288208, 159.005661
401.280670, 147.232971, 140.222931, 160.899841
398.278473, 149.561646, 132.967133, 152.970123
396.696533, 148.632324, 132.038910, 150.824524
387.181580, 142.233124, 142.502884, 158.928421
383.729309, 139.537827, 141.330185, 158.318054
382.912933, 143.171783, 138.422745, 153.594299
382.459564, 136.115265, 145.462341, 163.877304
388.972565, 133.470001, 138.340546, 153.374359
396.211029, 134.665421, 143.969498, 159.996674
404.620972, 135.069839, 147.493454, 162.708023
414.176422, 134.252472, 150.108322, 168.654419
430.580475, 131.521545, 144.100327, 156.496002
446.653961, 134.553223, 142.780273, 153.969940
458.149231, 135.227448, 151.828308, 158.687653
475.772552, 132.034058, 150.062607, 165.192352
490.327332, 128.469849, 148.955841, 151.063980
503.129669, 132.134155, 155.352966, 160.079865
521.075500, 136.481476, 155.288055, 164.224808
525.963562, 138.047653, 186.027145, 214.184387
535.723328, 134.338074, 199.498276, 223.483444
571.660278, 149.443314, 144.121841, 154.749603
583.893860, 153.889175, 164.320755, 161.024475
601.829956, 164.943756, 155.305771, 161.179993
611.830505, 173.895355, 152.955307, 159.098175
622.503235, 177.055222, 154.895218, 162.393723
635.921082, 182.887573, 154.284302, 154.381546
647.905457, 190.677231, 151.116333, 152.037079
656.219910, 196.114609, 153.661423, 153.662598
659.465271, 202.310516, 161.416275, 161.422836
672.177490, 202.797913, 152.423019, 166.674255
677.238586, 197.083130, 155.395798, 166.870926
679.336487, 196.099731, 162.438873, 160.047821
689.346497, 190.421265, 157.277176, 162.990158
693.336304, 183.506897, 155.650406, 166.956375
692.012024, 177.886642, 151.766190, 165.780060
688.096802, 175.565826, 157.736496, 167.767883
687.611084, 170.474213, 153.011124, 156.812698
689.966797, 166.679276, 156.427475, 162.426407
681.581360, 163.250580, 159.224899, 168.522644
686.598511, 169.138535, 155.727844, 162.513168
682.930908, 167.960495, 150.993347, 164.386368
681.263489, 166.889801, 157.326004, 164.903549
681.110046, 164.221848, 160.157715, 165.476761
681.427795, 169.721375, 155.815231, 159.250748
676.728210, 171.190704, 161.603912, 169.923035
684.192139, 169.860580, 153.667786, 166.017441
686.424377, 177.701508, 153.973679, 161.447006
683.101013, 178.199799, 153.689087, 160.758957
685.592468, 171.221207, 153.428238, 165.768234
676.256042, 166.279373, 162.934982, 180.320175
684.954773, 165.701523, 148.043686, 171.149002
679.654297, 165.598724, 151.033096, 175.936859
675.231934, 164.152542, 155.848694, 178.033340
674.506531, 169.376205, 160.825775, 161.126602
672.660583, 161.576752, 157.864471, 156.788712
669.165283, 161.824234, 160.901825, 160.699585
670.898804, 155.645493, 151.867310, 161.871460
670.589417, 157.969070, 155.075729, 158.102219
666.588135, 155.316238, 154.306549, 160.705399
668.491699, 159.964645, 159.084015, 162.767838
669.859802, 161.839661, 156.383743, 160.875763
669.560425, 163.109680, 156.194855, 162.548096
675.476929, 166.199921, 151.444656, 156.204788
675.262756, 169.340302, 150.836273, 150.986237
670.789978, 168.960297, 149.365067, 152.741623
664.735779, 165.713776, 150.566467, 158.143799
660.710449, 166.467270, 150.849243, 155.210754
657.932617, 167.231613, 141.460190, 148.505615
648.496826, 164.059998, 144.773590, 151.546387
644.025635, 150.857010, 139.045029, 154.966660
635.250244, 156.669128, 134.788422, 143.897430
622.145813, 162.959488, 139.353821, 147.344864
619.204346, 153.243484, 135.233444, 151.554764
614.085144, 151.681335, 136.664642, 153.220291
622.094116, 142.300735, 129.752502, 157.403152
609.925964, 142.742798, 130.245087, 147.607498
609.682129, 136.380676, 135.663773, 159.227554
619.209595, 135.965973, 138.286560, 154.600189
613.857361, 122.767975, 136.121765, 153.640945
612.337097, 125.357376, 137.057541, 152.296051
599.817078, 136.806961, 131.358658, 143.515915
596.918640, 120.612480, 143.771027, 158.527390
583.302429, 139.581024, 139.932724, 145.809937
580.735779, 139.570389, 137.453857, 154.416977
573.925293, 144.176086, 143.517166, 150.380188
577.199707, 143.209885, 137.854080, 156.966278
577.888550, 143.800934, 138.048706, 157.920807
577.192505, 143.979401, 143.809830, 159.530807
581.808044, 143.445313, 143.888840, 156.955597
585.209900, 144.485092, 139.871353, 162.284683
584.213562, 146.514267, 157.357895, 181.012360
584.847290, 154.876312, 145.584671, 160.356247
580.683655, 155.530762, 140.020874, 155.187195
574.585510, 157.002411, 148.837692, 155.218842
572.768616, 156.387909, 150.714859, 161.111465
573.025085, 157.718506, 145.538986, 157.582321
566.137024, 163.467178, 154.419891, 158.381760
560.447266, 165.012756, 158.186234, 161.129074
562.751282, 161.748169, 150.381805, 157.753540
553.795044, 154.485260, 146.599396, 154.452271
546.583435, 149.816345, 153.435104, 157.661621
549.748291, 142.027573, 140.304276, 157.854630
540.933899, 144.378983, 137.726166, 154.679993
535.479614, 147.994904, 135.761246, 154.884933
527.458008, 164.440857, 138.587982, 141.278397
527.817749, 147.137390, 130.135010, 154.347275
515.907104, 152.738113, 131.834106, 139.143372
521.765381, 152.525146, 126.636826, 152.133514
517.897766, 161.971970, 118.575195, 135.252090
519.392395, 159.489655, 120.890556, 146.442520
511.238434, 160.772552, 145.264465, 160.134033
516.065125, 162.105408, 139.940598, 158.616379
502.885101, 173.067322, 140.771347, 149.646149
512.520081, 169.382431, 144.539078, 164.656693
517.829041, 179.794357, 127.198212, 145.028214
520.726685, 179.235779, 134.444656, 154.887177
533.721619, 192.551880, 135.925888, 146.645996
543.966431, 180.877106, 133.582474, 145.025970
569.720886, 166.411346, 148.179657, 162.546555
591.321472, 163.542145, 141.567749, 157.365875
601.885559, 174.019897, 148.355759, 146.566452
626.340332, 145.798950, 135.782852, 148.793671
644.995361, 137.468414, 144.766464, 155.583084
668.973511, 152.909164, 154.251923, 154.798248
699.274780, 155.413147, 143.806870, 140.416901
727.135010, 148.707108, 149.144913, 146.339539
738.923096, 143.869995, 156.745712, 161.570206
772.023865, 144.398315, 154.868683, 153.608383
792.552307, 146.721298, 156.619766, 152.878754
807.150085, 148.422867, 151.993958, 156.138931
819.288513, 157.890671, 154.371384, 164.488220
834.564819, 170.574295, 153.489410, 159.214035
849.329590, 170.139908, 155.059601, 165.282074
860.763733, 155.292007, 159.421738, 162.546982
881.751160, 154.547913, 160.700333, 160.504608
883.434509, 139.566376, 158.160400, 161.564606
890.817261, 136.416382, 163.439545, 159.459564
898.685242, 134.013397, 160.808380, 158.419296
904.330017, 129.315338, 155.737366, 161.437042
910.767090, 136.807327, 159.689133, 151.857025
904.938782, 143.984390, 158.664963, 162.393341
916.632324, 145.656998, 154.057159, 160.886017
928.559631, 159.939362, 160.634796, 163.419785
923.127136, 159.235535, 161.218369, 161.793228
934.529358, 157.916992, 150.112076, 160.102997
932.103210, 158.705704, 156.835754, 163.459183
942.669434, 154.148956, 149.295822, 161.935196
939.380005, 158.168335, 152.473679, 160.613541
936.890625, 165.552719, 150.336182, 159.065796
938.632446, 165.029236, 152.416153, 161.919479
937.771118, 170.204865, 153.184647, 161.253403
935.264954, 174.670670, 152.720291, 158.317078
929.850891, 173.068512, 150.660538, 162.707581
920.823486, 171.352936, 156.148926, 166.300323
924.565247, 166.324951, 151.097549, 167.094467
915.747070, 158.819336, 161.143524, 175.244537
920.400146, 161.094437, 154.940964, 171.214813
914.287659, 158.970184, 157.258148, 166.690277
914.335205, 155.609909, 155.499634, 168.157013
910.735291, 164.338913, 157.772797, 161.099274
