723.386169, 171.215271, 117.620583, 115.030502
720.580505, 166.535980, 121.386925, 119.824005
717.416931, 166.477966, 119.270782, 116.609238
720.041992, 164.726166, 120.004562, 122.399757
715.705383, 165.002808, 120.014259, 124.067604
718.412964, 169.461365, 118.296326, 120.197906
719.116699, 168.158340, 114.346565, 116.554054
716.334473, 162.919205, 121.647331, 123.741402
719.306763, 162.934662, 123.457069, 121.137451
717.555908, 164.633682, 121.418808, 121.108994
718.285034, 164.242477, 119.028900, 119.000183
716.278259, 159.066620, 123.828812, 120.883179
719.905151, 157.052139, 122.051270, 123.401421
722.255554, 159.979065, 120.468796, 118.027176
721.811646, 159.834717, 120.523987, 119.755554
722.093689, 160.493195, 120.374596, 121.829475
722.528259, 162.155060, 119.500824, 120.275780
724.261292, 164.191467, 117.623734, 118.592392
724.768127, 164.926895, 118.213974, 118.768211
724.983093, 166.592651, 120.732727, 119.947456
725.196106, 165.472092, 120.775002, 121.077469
725.451660, 165.020477, 119.553368, 120.495171
725.341675, 165.946274, 118.528755, 119.120911
727.935547, 167.561722, 116.610458, 116.054314
727.964050, 161.841278, 123.541054, 121.850906
729.022461, 166.593781, 119.396172, 120.121651
729.247986, 163.520096, 122.864113, 123.972031
730.774048, 164.127258, 120.392555, 122.581963
731.843811, 165.022675, 118.029617, 120.857658
729.703796, 163.822845, 120.823082, 123.987122
730.542480, 167.315445, 119.691795, 119.503281
732.080261, 169.576141, 118.454536, 116.614990
732.498230, 170.874817, 117.486626, 116.724648
733.276489, 171.573746, 117.465775, 114.658905
730.607483, 165.953766, 120.496262, 124.188934
735.085144, 170.991241, 119.149559, 115.923340
736.419861, 171.845184, 118.511620, 116.390388
736.461609, 170.480896, 119.200157, 117.377937
737.250916, 170.478607, 119.237831, 117.285561
737.127319, 170.970566, 120.452477, 116.434952
736.237610, 171.060501, 118.848137, 117.189026
737.871399, 171.885971, 118.892555, 114.372513
736.843811, 170.371765, 118.245667, 117.282745
736.791931, 170.750336, 119.480789, 117.346672
737.576294, 171.079880, 118.968040, 117.648933
734.935059, 167.028992, 124.631516, 124.703674
734.968750, 171.261810, 120.047150, 119.552986
735.159729, 174.709320, 120.757927, 116.444023
734.273560, 172.333191, 122.129646, 119.583275
733.095093, 172.053909, 121.523521, 120.370995
730.947754, 170.961319, 119.446259, 120.669434
729.287231, 168.419678, 123.079720, 122.759422
730.243286, 166.913605, 122.970787, 122.318840
729.596802, 165.918640, 122.134689, 122.434692
729.461121, 165.113495, 122.485191, 123.293556
728.315857, 163.663330, 124.768806, 122.504982
729.164673, 164.988449, 122.474480, 123.051384
728.454285, 164.316422, 125.237007, 122.641464
726.160828, 165.255127, 123.247253, 124.171204
726.078430, 164.949448, 123.554985, 123.717308
726.728149, 165.460205, 121.550682, 123.403770
725.695190, 165.306992, 122.144386, 123.851555
725.762390, 166.723969, 121.103333, 122.574287
724.923218, 165.836533, 122.428802, 122.171730
724.283386, 167.138931, 120.972214, 123.331711
726.482178, 169.117889, 119.229202, 119.073570
725.157776, 169.535858, 118.246422, 116.648010
724.051819, 170.281784, 118.920906, 120.244873
721.117615, 167.380295, 118.823814, 124.349182
719.525635, 166.810486, 119.354332, 123.253967
722.191528, 166.101654, 116.458549, 119.583694
718.799377, 163.824722, 118.614571, 123.642120
715.060059, 163.146881, 120.502945, 125.303200
716.451233, 163.704422, 118.201378, 123.386467
717.054688, 163.730057, 117.174995, 123.358932
715.995483, 162.135010, 119.213577, 123.463181
715.018188, 163.231033, 118.944786, 119.199432
713.861206, 161.972794, 120.398666, 119.841522
711.490173, 161.941605, 121.946426, 120.326248
712.536743, 163.873474, 118.103966, 119.892159
708.554565, 161.523193, 119.823479, 123.504150
709.885010, 164.024017, 120.120934, 124.764534
708.382629, 161.821732, 119.816551, 118.843788
706.411194, 162.145874, 119.891525, 118.063057
702.049133, 165.212982, 118.826775, 116.972221
701.077698, 164.763977, 118.603294, 118.196289
703.727600, 165.414246, 117.519394, 115.950745
702.004456, 162.471741, 119.325539, 117.908562
700.781738, 161.978287, 120.781364, 116.318550
699.734802, 162.252655, 119.835197, 121.384346
696.766968, 161.149338, 118.326881, 121.034912
698.616333, 160.880127, 117.559334, 122.372162
694.782166, 159.050873, 119.004265, 123.086273
694.328552, 160.900299, 118.004791, 120.837921
691.991089, 157.669586, 119.019455, 122.773293
690.711182, 158.011826, 120.151047, 121.191254
689.517395, 159.080887, 117.314873, 119.143196
685.026733, 156.490097, 119.259445, 120.773224
677.802002, 153.546112, 123.996346, 121.637291
678.822754, 159.884903, 119.848175, 114.912384
673.518494, 152.909286, 124.938606, 123.721329
670.145874, 154.180862, 117.805565, 115.507050
666.294250, 151.372940, 119.599426, 118.709213
657.124939, 150.157684, 123.162514, 119.732605
651.691650, 145.893875, 124.146301, 120.882866
646.873047, 146.588669, 124.344330, 121.169052
637.832581, 143.812714, 124.944275, 118.195938
630.768738, 145.874481, 123.774055, 119.819145
624.350769, 145.727951, 123.395195, 117.963676
618.376343, 147.222076, 124.377281, 119.912651
615.268799, 148.047409, 119.663124, 120.108955
603.316345, 149.054810, 121.471230, 120.695168
596.016846, 154.701736, 118.401108, 115.192238
586.486511, 151.992889, 121.928276, 119.313454
577.382507, 158.188934, 116.876221, 110.803413
572.239990, 149.161484, 120.438110, 120.126495
563.260437, 150.939667, 122.052902, 118.625664
558.912170, 151.840225, 120.717415, 118.652946
551.480042, 148.626602, 122.018753, 118.927475
547.046570, 150.618118, 119.505737, 117.918022
542.863831, 149.290909, 120.776955, 118.445953
532.481567, 155.355499, 115.099747, 109.396645
531.055908, 148.977661, 123.777267, 120.227715
527.440369, 152.513062, 120.245560, 117.796013
525.513184, 152.004456, 120.703873, 118.326134
522.187134, 153.663055, 120.658943, 119.048531
516.493347, 152.777557, 122.058701, 122.996201
514.826782, 155.487854, 123.326202, 119.798592
513.628906, 162.227692, 118.433929, 113.858826
511.882446, 156.221069, 121.350380, 118.262947
512.087524, 156.603058, 119.948357, 118.208275
515.693542, 158.194107, 115.833397, 119.732605
503.807556, 162.011780, 114.730530, 109.001396
508.319305, 156.598938, 117.602592, 119.936836
505.890594, 163.710663, 115.773003, 110.125473
505.627350, 157.754700, 120.448944, 116.758270
503.556091, 153.410660, 121.830681, 120.968422
503.668945, 153.290695, 121.581398, 120.146225
502.110382, 155.679626, 120.437225, 118.159393
502.330811, 153.937378, 122.034286, 121.320442
500.784271, 152.917114, 122.820923, 121.183647
501.263031, 159.875031, 118.558372, 117.382118
500.973450, 159.343124, 119.713722, 116.853798
501.615173, 158.436584, 119.378998, 118.214249
500.982666, 161.432083, 118.297112, 115.919212
501.309357, 161.586395, 118.764053, 116.082779
501.195923, 162.236877, 118.050850, 116.211349
502.887421, 162.403046, 120.059692, 117.810318
503.442200, 163.272461, 120.293884, 117.162582
504.173737, 161.501923, 123.419296, 120.836166
503.686462, 160.152420, 121.483513, 121.648857
502.963043, 160.332184, 119.401237, 117.966988
503.291656, 157.188324, 122.573151, 117.720940
503.571808, 157.197540, 122.174477, 117.458237
503.556122, 156.191437, 121.206192, 118.536713
505.610565, 156.575989, 119.914742, 119.062271
505.518982, 155.599884, 118.313622, 119.497192
503.343658, 155.579056, 120.423615, 118.157143
502.668701, 155.053894, 120.932396, 118.572784
503.582092, 154.609024, 122.898514, 118.662140
502.132080, 153.435516, 123.276054, 118.973000
502.033234, 153.387909, 123.915695, 118.836777
501.586487, 153.654175, 123.078995, 119.755386
503.203217, 152.742493, 121.110199, 119.027809
498.496063, 150.150330, 128.922012, 126.038010
499.371094, 151.126373, 128.615921, 126.133736
502.876068, 151.773270, 122.755211, 118.584053
502.421082, 151.044220, 124.198471, 118.615562
502.428009, 151.035797, 123.063499, 119.362076
503.699982, 151.817169, 121.550461, 118.072182
505.763184, 151.701080, 121.538422, 117.318459
502.391754, 149.964783, 122.960449, 119.433952
503.357056, 151.261749, 122.916946, 117.929718
502.023468, 150.189209, 124.130959, 119.425163
504.343811, 151.229294, 120.981728, 118.702507
504.248993, 151.169098, 122.161209, 117.982628
502.271973, 148.225311, 126.290031, 119.500534
503.523743, 148.527985, 125.552231, 118.194115
504.020660, 149.525192, 123.426605, 119.055908
504.898499, 148.739258, 124.511482, 116.815361
506.620453, 150.188522, 120.219032, 118.464363
509.223969, 148.598541, 121.084679, 118.475327
507.526611, 146.991394, 122.151794, 115.082466
507.831482, 146.626862, 123.036720, 117.746269
509.172272, 145.183350, 122.834564, 117.097580
507.817474, 145.148560, 125.571320, 119.412025
508.921509, 145.758652, 123.089928, 116.837494
511.852783, 145.901062, 119.957558, 116.781250
510.694885, 146.567886, 121.717300, 117.992371
509.650848, 145.256165, 123.470993, 121.219505
512.275024, 147.378448, 121.904968, 121.128876
511.692505, 148.003845, 120.241714, 121.073906
510.462128, 147.009338, 120.092171, 120.430107
507.353058, 145.788193, 124.377907, 121.890648
512.476929, 146.324860, 118.241318, 121.609924
511.811707, 145.320221, 120.912804, 122.512093
509.487640, 145.787766, 119.263916, 119.106148
508.693787, 144.173706, 122.362610, 118.324333
508.181366, 143.821625, 123.539230, 120.175819
510.731384, 145.009216, 120.825569, 116.303368
508.819489, 145.207001, 122.623367, 117.322037
506.347321, 146.414566, 126.107033, 121.200653
509.552979, 147.414520, 119.552170, 117.547722
507.390350, 148.019562, 122.384537, 118.630440
507.501373, 148.074905, 120.348259, 117.788681
505.076080, 144.471741, 127.133316, 121.769943
505.509949, 146.019897, 126.258591, 120.945702
508.362396, 149.117386, 122.884781, 120.982826
503.131592, 148.231461, 126.198799, 122.490837
502.101410, 147.343643, 126.590324, 121.956055
505.389923, 147.648895, 122.589218, 117.702179
502.795349, 149.070709, 120.054054, 115.209938
501.179077, 148.194733, 122.030975, 117.397362
500.534546, 149.019043, 121.683525, 117.004333
499.178589, 149.404266, 122.855354, 116.934677
494.192657, 150.368362, 124.907166, 118.512833
494.533386, 149.337280, 122.622200, 119.335030
491.983948, 148.684418, 123.527763, 118.953369
488.765015, 149.257599, 124.730530, 119.427856
486.401794, 148.591354, 125.780342, 119.615517
483.432220, 151.078705, 125.004730, 116.622276
486.047424, 151.027924, 121.383400, 116.657753
480.139008, 152.593811, 121.602440, 114.410797
477.959503, 151.122650, 124.081749, 116.175377
475.469574, 151.055878, 124.883850, 117.455040
474.679565, 152.560959, 123.817558, 117.746368
470.621429, 151.434753, 128.738159, 124.331345
471.143646, 155.396057, 125.124130, 118.072960
470.183655, 154.353821, 119.735649, 117.991615
466.821899, 155.606873, 126.357643, 117.759285
465.669159, 156.192261, 126.341354, 118.396561
463.428894, 156.902466, 127.127678, 120.336166
462.408752, 156.660385, 124.740105, 117.930397
458.419678, 155.235825, 129.316742, 126.562706
459.567108, 157.328629, 125.942741, 117.187302
456.837067, 156.613312, 127.134262, 116.422806
459.176971, 156.548828, 121.708572, 113.616547
458.105225, 156.713531, 122.737282, 114.830399
459.552673, 157.459412, 120.002762, 113.006943
458.545288, 156.455734, 123.005562, 116.695686
457.992950, 156.507477, 123.437347, 117.489220
457.600616, 157.247818, 122.390526, 119.238770
457.309998, 156.898605, 122.742104, 118.003204
456.889862, 154.639969, 125.837303, 116.748299
455.778503, 155.428070, 124.519363, 119.608788
456.520355, 157.045685, 122.852676, 117.928696
456.101501, 156.609650, 123.981476, 115.762398
458.926697, 158.972290, 119.940102, 113.494270
457.197968, 157.528534, 123.786942, 117.521263
456.580170, 158.480865, 122.316811, 116.546616
458.763733, 159.541290, 119.928352, 115.115311
460.778137, 160.218842, 118.181526, 114.070480
461.049286, 160.494156, 117.166519, 115.596222
457.155090, 154.177582, 125.917694, 118.349243
458.357025, 155.038605, 123.303268, 116.278885
459.859070, 159.863953, 117.375481, 112.812759
460.343597, 160.349304, 120.580254, 115.221947
461.513092, 160.311874, 118.959473, 114.256241
462.524475, 159.960617, 119.231438, 115.567924
460.715027, 156.834564, 122.180870, 119.246300
460.761719, 157.171982, 121.896271, 118.854141
461.938232, 162.491135, 117.900017, 115.359932
461.863861, 159.820251, 119.712868, 116.210190
462.270874, 161.814056, 119.540993, 115.311478
462.536072, 162.777130, 118.748932, 115.060944
463.823273, 162.936188, 117.557259, 114.364624
463.340668, 164.028625, 118.558304, 114.906754
464.015198, 163.186646, 117.231102, 115.182632
463.426117, 163.313690, 117.723122, 115.285042
462.458160, 163.659225, 118.290878, 115.091927
462.345001, 163.924286, 117.648239, 114.598892
462.946930, 163.658508, 118.558746, 114.059410
462.535614, 163.450241, 118.566498, 115.374702
463.076141, 164.871368, 117.457458, 114.385132
463.795166, 166.568146, 116.895782, 113.499130
462.522278, 166.756531, 116.572212, 113.655411
462.900391, 167.336792, 115.640503, 113.351234
462.875122, 166.647079, 116.051712, 113.963707
462.780823, 167.879028, 115.123947, 112.732086
462.219757, 167.751572, 115.976295, 115.483208
459.637939, 168.211212, 116.494652, 113.421684
459.772705, 166.805359, 116.154701, 115.461884
454.976440, 165.916153, 117.549606, 116.513535
462.360901, 160.812622, 119.658562, 119.553238
460.874054, 160.436539, 119.712616, 119.927437
459.434570, 160.091110, 120.907066, 119.536491
458.482697, 158.092438, 123.328728, 120.102478
456.956848, 156.879639, 122.937393, 117.461723
454.318024, 154.145325, 124.208641, 118.266525
454.110657, 156.177872, 122.079742, 118.331772
454.581512, 155.391190, 125.025055, 118.489899
456.544220, 156.233459, 122.210991, 117.073502
453.888397, 155.938385, 127.530701, 121.535034
453.383759, 156.778748, 130.105804, 124.218147
453.639832, 158.049026, 128.756454, 121.197571
454.054535, 160.775467, 127.285416, 119.519814
454.075256, 161.089783, 124.743347, 121.130142
453.799988, 161.941315, 126.625732, 118.350845
454.777527, 162.679108, 125.392632, 116.577202
455.463959, 162.939301, 125.600273, 115.975899
456.394684, 162.308258, 126.053543, 116.642723
457.537781, 161.888962, 125.447670, 116.498512
458.661957, 161.717926, 125.217537, 116.633095
460.376251, 161.794846, 123.721413, 115.984047
460.635406, 161.044052, 124.122200, 115.417824
459.429199, 160.552948, 126.336250, 116.833496
459.252106, 160.576324, 126.953148, 117.940735
460.599182, 162.970551, 125.102959, 115.834923
461.867096, 164.883911, 123.319336, 113.739326
460.925568, 165.491211, 123.825027, 114.598351
459.391205, 165.616928, 126.033218, 117.803574
460.361908, 167.387451, 124.883163, 118.144066
460.153961, 168.193039, 127.718681, 118.453133
459.632507, 167.973251, 126.291168, 116.361938
459.174103, 166.111862, 125.319420, 117.079956
456.612457, 165.367462, 121.657791, 115.786972
456.077637, 162.907654, 124.757301, 115.804550
455.747101, 162.971603, 125.946617, 120.330322
454.246704, 162.775330, 123.909988, 116.331566
451.807037, 163.991638, 124.046844, 116.092422
447.186768, 163.719101, 129.198105, 116.826218
448.123779, 165.234299, 125.511147, 115.375084
447.948700, 166.657761, 124.676086, 117.039879
448.409088, 168.096954, 123.197510, 115.558662
446.028137, 168.497131, 123.956520, 116.296707
445.591248, 168.223938, 123.568275, 116.977844
444.167267, 168.092072, 124.486595, 114.549881
442.017761, 167.901947, 124.919891, 114.148544
439.424591, 164.880234, 128.677078, 117.576508
441.507507, 167.979782, 122.316841, 113.457802
437.084595, 169.642792, 121.533195, 114.699341
435.631134, 169.698669, 120.806824, 113.715256
436.687592, 169.274506, 122.243874, 113.351326
436.545929, 169.551666, 122.920349, 113.989006
435.614746, 169.254425, 123.172218, 113.725319
435.818237, 168.778625, 122.143730, 113.656029
434.120117, 169.572769, 120.700188, 113.760788
433.229828, 168.695206, 121.675430, 115.342010
434.698608, 170.059540, 121.045776, 113.900787
436.159271, 172.253250, 119.787155, 113.260918
434.812164, 171.283051, 120.509529, 115.278290
434.862091, 171.447464, 120.751373, 115.417084
432.898865, 169.514160, 122.808197, 115.673126
434.505035, 171.763351, 121.393890, 116.259262
434.381409, 172.216827, 122.178574, 116.236946
438.659851, 169.456360, 121.076332, 115.528725
436.948853, 169.840378, 122.824455, 117.263680
435.234528, 171.503128, 121.605057, 118.108002
435.411407, 171.567902, 121.476738, 118.248642
435.112518, 171.708084, 121.439537, 117.923409
434.523529, 171.465363, 121.765717, 118.122353
434.965912, 171.636154, 121.769279, 117.936607
436.822662, 169.114960, 123.996376, 120.445602
437.653168, 168.560852, 124.769714, 121.218750
438.670227, 168.536331, 124.992065, 121.180977
433.893158, 169.842133, 125.718216, 121.947205
436.052734, 170.293335, 124.239990, 120.133972
436.997467, 170.635010, 124.134010, 120.317200
437.512482, 171.512024, 123.648544, 119.235542
437.898285, 169.461563, 126.693939, 124.093689
438.823639, 171.598068, 123.886871, 121.082916
441.183899, 171.959015, 122.059235, 121.696564
441.492035, 170.925095, 125.991638, 126.061592
442.737793, 171.737289, 122.421211, 124.190178
443.219543, 172.676514, 121.919426, 117.704498
440.829987, 169.318405, 123.801025, 115.501717
440.262329, 169.255203, 125.047798, 118.023277
445.998291, 171.785767, 120.713387, 118.503120
442.316193, 168.820099, 124.231323, 118.124054
442.545715, 168.373154, 124.306335, 118.041725
444.705811, 169.966095, 121.155502, 118.446907
445.214508, 169.383575, 120.704407, 118.879684
442.107910, 169.930054, 124.365685, 119.536964
439.830505, 170.438492, 127.023590, 120.480507
443.482697, 169.553192, 123.071877, 120.548874
448.138397, 169.358505, 122.640381, 119.681076
442.015869, 172.906937, 125.518456, 118.974777
444.089996, 173.282440, 123.599655, 118.706856
441.769135, 173.235199, 128.133926, 122.338234
446.121185, 172.053833, 121.937317, 118.446129
444.779541, 170.873260, 127.019775, 120.676903
445.142120, 172.573013, 128.034622, 120.249451
446.575043, 174.626144, 124.699684, 122.690186
446.280640, 175.224640, 123.969597, 121.527412
447.461060, 175.184906, 124.126984, 122.683136
448.244873, 176.436386, 123.011017, 121.831848
446.193939, 176.060974, 124.660713, 123.330429
448.276642, 177.073151, 122.716682, 118.825294
449.075195, 176.607697, 123.617355, 118.588432
447.660278, 175.598022, 125.708199, 119.160789
450.211273, 175.074921, 124.179314, 119.982658
450.403198, 175.903595, 123.342461, 118.420593
452.647095, 175.367477, 121.922859, 116.901070
451.462433, 173.133636, 123.950981, 118.520233
450.073761, 172.292542, 124.823685, 121.490738
453.264252, 175.794525, 120.755318, 118.367928
453.417297, 176.471939, 121.403465, 118.397209
451.660370, 173.749985, 123.648102, 120.712906
454.468292, 175.636505, 122.043076, 118.291420
449.833923, 172.370758, 126.426254, 124.147568
453.049774, 174.529617, 122.656700, 118.933022
455.371216, 174.443146, 121.433739, 120.396927
452.305634, 172.353821, 124.890343, 120.195068
453.757416, 173.549896, 123.772606, 120.090744
452.047241, 173.264862, 121.862434, 118.241066
453.344971, 173.173111, 121.149139, 119.503471
452.042633, 172.131989, 124.574173, 120.066948
453.170807, 172.937424, 123.257431, 119.698013
453.827118, 174.082336, 121.380753, 118.018211
452.748291, 172.436661, 122.762863, 120.381004
452.239380, 173.033630, 122.682243, 117.066498
451.494812, 171.874725, 122.990822, 118.431572
453.083099, 174.760956, 120.823959, 117.367332
450.380920, 169.342529, 122.903496, 116.583359
451.363007, 169.182648, 122.206543, 117.753250
451.002747, 169.644180, 122.828575, 116.971619
449.615662, 170.798676, 123.772446, 117.743126
449.901794, 170.577316, 122.555725, 115.128723
450.209717, 171.255173, 121.775078, 117.047371
449.928406, 172.295929, 120.795609, 115.444801
450.616608, 179.729279, 116.405060, 111.231026
449.775635, 179.754669, 117.592636, 110.539024
450.344757, 179.789963, 118.708389, 111.403313
450.148926, 180.692520, 118.163353, 110.526276
451.631653, 178.607849, 119.834221, 112.717148
449.504364, 181.207245, 117.033012, 109.442383
450.708160, 181.331009, 117.373344, 109.780235
449.691528, 175.197525, 118.491051, 111.567444
450.590302, 181.438492, 117.175278, 109.942238
450.467407, 181.352737, 117.362663, 109.953064
448.596008, 180.204834, 118.656944, 110.916946
447.655640, 171.678421, 123.055153, 117.549881
448.605469, 171.850403, 122.432709, 117.298355
450.540924, 173.183563, 121.768242, 117.649422
450.216064, 174.193771, 121.879318, 117.938461
449.503906, 174.693481, 120.716187, 119.090469
450.572296, 174.951843, 120.191025, 119.186623
449.280823, 173.706512, 121.193649, 118.311272
450.573059, 173.674896, 120.722328, 117.252998
445.258179, 178.054443, 114.562996, 112.663719
445.128235, 177.016632, 116.491531, 115.744629
448.580200, 177.278076, 115.242332, 112.903946
447.700989, 176.612671, 115.774551, 118.394501
454.116791, 169.345001, 125.217125, 125.183472
459.192627, 170.448471, 119.753983, 120.844345
460.053680, 175.777893, 121.297081, 119.429184
463.957001, 170.252533, 121.882660, 119.151367
463.794312, 174.422867, 125.098640, 122.975098
473.113556, 170.372711, 119.594925, 118.465019
477.546692, 169.091187, 120.138100, 119.283340
480.137177, 164.825394, 121.411690, 120.633018
486.666443, 166.881729, 119.681808, 122.619904
492.243347, 165.075775, 119.203209, 126.623283
496.053558, 165.122253, 119.490486, 124.317474
503.434662, 160.829346, 123.122787, 125.158119
509.081482, 161.187515, 120.609612, 123.436401
514.000854, 156.438141, 122.411537, 123.160645
516.614441, 153.476440, 124.981010, 126.285385
522.163757, 151.909286, 123.789932, 128.678528
529.002258, 153.640564, 118.621254, 122.311859
534.475098, 148.120026, 125.782707, 129.145248
540.958252, 148.186661, 124.087326, 126.564049
544.480164, 147.876358, 125.032104, 130.203079
552.970337, 147.839203, 121.831749, 126.624641
560.697449, 150.580048, 118.556419, 122.883934
563.345886, 145.000580, 123.836624, 126.131721
567.768982, 144.156754, 123.581635, 126.957565
572.683350, 144.121338, 126.081924, 126.851807
583.855774, 147.527405, 118.825584, 116.596344
587.692078, 142.513580, 125.474228, 125.691948
597.327759, 145.016769, 119.645866, 119.775589
607.874512, 148.502808, 118.568893, 115.413300
612.663513, 144.093719, 124.764648, 124.967285
626.469788, 150.811172, 115.120033, 116.961807
628.815918, 147.604355, 123.184311, 124.720314
639.052429, 153.101761, 116.881134, 120.226799
644.583984, 154.229767, 118.718025, 120.028671
651.184937, 155.097321, 119.248230, 117.741516
654.012451, 155.644897, 121.315094, 121.655075
660.452332, 156.270676, 119.834312, 121.296432
669.366211, 158.500381, 116.819069, 114.555611
669.190002, 153.780869, 121.884239, 127.209976
673.501038, 157.606903, 120.835426, 120.588249
682.899292, 160.432266, 114.187538, 116.990761
684.916443, 156.629944, 119.658279, 124.660362
688.407715, 157.491577, 120.878334, 124.669670
694.190918, 159.371277, 118.223297, 119.313530
694.757507, 158.199707, 122.611397, 124.953140
703.461243, 163.878052, 116.556145, 117.484741
701.026794, 159.411835, 124.856758, 127.143837
704.873779, 160.279312, 120.586739, 123.728256
711.156128, 161.635513, 116.478966, 124.168556
709.202148, 160.203506, 119.585564, 122.722542
710.674622, 158.659195, 120.356705, 123.508453
711.319702, 164.606628, 115.099495, 115.738174
712.129944, 164.361374, 116.866325, 116.683914
712.231750, 159.942139, 120.017982, 120.816216
710.960632, 158.977310, 120.132149, 119.947670
710.171265, 159.513962, 120.849228, 120.807167
709.772949, 160.052994, 121.613876, 120.722748
708.385376, 162.547455, 119.321129, 120.569916
707.126526, 162.970673, 119.684486, 122.372200
705.966003, 163.391571, 121.614571, 120.966507
705.273193, 162.174042, 122.530495, 125.249657
705.733276, 163.437622, 120.606842, 124.375969
703.392944, 162.555054, 123.448250, 125.499611
702.823364, 163.078644, 122.799408, 124.086739
703.214050, 163.360336, 121.882095, 121.072571
704.020874, 162.564331, 119.378212, 122.286430
703.732239, 161.944305, 118.880333, 123.435577
703.719971, 164.138931, 118.038689, 117.041908
702.565491, 164.256012, 117.963966, 116.223579
703.004517, 163.675781, 113.991776, 116.013252
697.593323, 165.031219, 116.497612, 119.277168
695.400024, 165.157806, 116.766083, 120.041496
693.230591, 164.500824, 119.287102, 120.891663
692.130310, 165.214493, 116.847992, 120.383354
692.413330, 162.402252, 120.383232, 122.566780
690.992249, 162.047150, 121.954742, 123.767799
688.107910, 160.934570, 121.021805, 123.569611
687.028564, 161.010925, 121.540787, 122.837029
688.095276, 162.753525, 118.407471, 118.238441
684.574219, 161.083740, 121.192047, 123.165253
683.512939, 160.961761, 121.274902, 122.972481
683.760498, 160.295822, 119.912254, 123.904541
680.322083, 162.089203, 118.534302, 122.808334
680.805237, 160.930618, 117.720192, 120.995750
680.099060, 165.754074, 117.542641, 115.992111
678.530090, 158.892090, 121.589493, 122.044884
677.750488, 156.953094, 122.283508, 122.826454
678.477112, 159.130814, 118.795906, 120.795601
674.879700, 155.350723, 121.959526, 125.796837
676.939880, 163.132965, 116.486588, 113.786423
673.627625, 156.505981, 119.945274, 123.533348
668.986450, 159.630646, 122.535347, 123.321182
668.524597, 161.533157, 122.201729, 123.585411
666.465271, 163.951416, 120.413658, 124.543358
663.005127, 166.662628, 121.929222, 125.933716
665.406555, 165.531067, 121.050217, 122.290306
666.988464, 166.642975, 117.514412, 122.461685
667.635559, 167.046570, 117.516808, 122.912590
666.875549, 166.777222, 117.550201, 125.036110
664.302185, 165.828949, 117.643196, 126.243729
664.194824, 165.693481, 119.616501, 126.960823
663.981323, 165.900513, 117.050369, 128.010574
662.385254, 167.207184, 117.381973, 120.909096
666.057129, 169.833374, 115.128922, 115.690254
666.047607, 167.673233, 119.004082, 118.324310
665.473999, 167.672729, 118.014687, 122.022141
666.937683, 167.880615, 117.764992, 121.017502
666.856201, 167.415131, 118.227585, 121.828285
667.723755, 166.395020, 118.740143, 121.474243
665.860107, 165.649857, 119.951569, 118.851181
667.965759, 162.980408, 118.235207, 124.151703
666.736023, 161.415100, 123.711365, 125.795479
670.661743, 163.654404, 119.231155, 120.914192
672.146423, 161.639618, 118.095840, 122.974197
672.142212, 160.693329, 118.894447, 124.497406
673.449402, 161.880676, 117.869522, 123.670494
676.953613, 163.917114, 118.455101, 116.388298
678.026733, 164.859299, 117.683144, 115.260025
677.856812, 164.330353, 119.235756, 118.098755
678.532104, 164.388474, 118.573616, 118.164238
676.557556, 161.765045, 121.642540, 122.764175
676.289856, 163.464447, 119.349358, 119.461174
677.546204, 162.307800, 119.346832, 118.933678
677.310547, 165.226654, 117.385818, 119.132332
676.084656, 162.022827, 120.980782, 122.392860
676.638000, 165.945602, 116.684746, 113.245430
675.564270, 161.629486, 118.792755, 118.794037
673.590210, 162.418411, 117.779037, 115.541359
672.252625, 161.172241, 120.352417, 118.585388
671.865234, 159.248322, 121.537827, 120.816048
672.817627, 164.135345, 113.992409, 116.658562
672.112549, 162.135971, 115.956512, 117.859291
671.097412, 164.356903, 111.801666, 115.744003
671.849792, 165.683487, 113.905334, 114.509872
672.041626, 157.415985, 123.268494, 122.807083
672.665466, 158.311951, 122.714470, 120.658493
673.223755, 157.400635, 122.733505, 120.581650
671.112732, 155.900650, 123.319588, 123.680267
670.266174, 161.059906, 118.852234, 118.121216
670.959412, 155.828644, 124.666862, 125.895538
672.452942, 157.878357, 119.385773, 125.029625
672.520630, 156.565643, 124.051598, 124.333015
674.341797, 155.205414, 121.832573, 123.008354
674.456482, 154.549713, 121.806992, 121.596199
677.134338, 154.354401, 120.847084, 120.796608
675.893555, 152.493713, 121.395180, 120.499901
674.822510, 153.032227, 119.625641, 114.958664
677.342285, 152.562119, 122.682594, 122.836601
680.173828, 152.951569, 119.442352, 117.337135
681.895447, 153.481186, 119.262657, 119.003670
682.400757, 152.363632, 121.669701, 119.399994
682.013245, 153.832657, 119.428932, 118.679604
684.033447, 154.292664, 120.141914, 120.243256
685.932861, 155.256546, 118.144226, 116.070679
684.681702, 154.719971, 120.409248, 121.017593
688.713867, 153.807968, 118.476776, 117.423744
687.066467, 149.098038, 125.450470, 124.054070
691.411743, 150.745911, 120.356140, 123.115936
692.200989, 150.671310, 119.916985, 121.579338
690.446899, 151.292831, 119.202110, 121.019585
694.081787, 149.756287, 122.196373, 122.340576
694.393066, 150.695709, 120.716599, 121.952850
695.532959, 153.915115, 118.754318, 118.981987
695.097595, 156.005524, 118.228531, 117.698090
692.844849, 152.402252, 123.770210, 121.191856
690.916016, 150.832291, 121.977234, 119.321640
693.140686, 152.438080, 123.958855, 120.958199
692.417175, 151.610138, 125.137962, 122.973877
693.968079, 157.218246, 117.968185, 119.999855
692.495483, 152.896164, 123.723648, 120.918106
693.362000, 152.520660, 122.969208, 120.563393
691.519470, 153.639755, 124.502975, 122.795547
692.438782, 153.771439, 122.053787, 120.922752
691.975220, 154.566376, 121.513062, 121.981537
692.760010, 154.516846, 121.980072, 123.127007
690.164551, 158.100586, 118.683189, 119.040878
693.408203, 154.693146, 123.733856, 124.052544
692.559875, 156.392792, 122.077164, 120.865288
692.509033, 158.714615, 118.953796, 118.036827
694.638367, 155.695358, 119.995552, 121.539482
692.801331, 156.803299, 121.496307, 118.917793
696.860779, 163.484131, 113.086563, 111.330574
698.667664, 163.405365, 112.582069, 111.969238
697.132019, 162.607758, 112.194260, 110.843857
697.636658, 154.934128, 122.448021, 122.978691
700.374268, 159.836090, 117.502441, 115.025795
699.759399, 156.684326, 121.773598, 120.550415
699.676880, 156.458527, 122.501892, 121.861130
700.626099, 155.595581, 123.205109, 121.691566
703.011963, 159.480957, 119.308464, 115.080246
703.717834, 159.175323, 120.278954, 116.754715
702.406555, 156.533279, 123.174545, 121.888931
701.483643, 156.260834, 124.596291, 122.043434
702.901428, 160.110077, 119.903816, 118.738068
701.955811, 159.347931, 120.823586, 120.124283
702.739441, 160.251816, 120.905930, 118.684441
702.734497, 160.072189, 119.742577, 120.680977
701.760559, 161.878998, 121.481689, 119.724434
701.102783, 158.747635, 122.945770, 123.936531
702.401245, 160.810181, 120.543076, 121.185753
700.879028, 160.883698, 123.167305, 120.655235
700.374512, 161.948410, 124.446838, 120.568367
703.536621, 164.843765, 117.684402, 115.041084
701.506165, 161.381897, 119.133934, 121.797951
700.681152, 160.947632, 120.152687, 122.096573
700.799011, 162.593658, 118.843224, 122.249977
700.710205, 163.346939, 118.665794, 121.848328
699.401794, 163.679901, 119.826065, 122.267387
699.451050, 164.218201, 119.547066, 121.926476
699.879456, 163.246857, 119.549400, 123.077652
700.388000, 163.333847, 119.031990, 122.056915
699.667725, 163.830917, 119.500633, 123.063210
699.989258, 164.451889, 121.074097, 122.030907
698.128967, 163.498322, 122.378273, 123.409721
700.790527, 164.019897, 121.109756, 125.658180
703.098816, 168.908676, 117.589577, 114.689857
700.513977, 163.664276, 122.595268, 120.567810
703.029541, 169.935059, 116.105583, 113.019852
701.453003, 163.351898, 123.134666, 122.748062
699.588501, 160.101685, 123.392990, 128.091354
701.740723, 165.709137, 118.428452, 122.628372
701.379395, 164.153885, 120.321732, 123.497147
701.627869, 164.104172, 121.264565, 122.454399
704.559204, 169.300018, 116.329765, 114.576767
704.224792, 160.161713, 121.984795, 126.473503
703.714478, 160.118668, 125.064369, 127.217003
711.583679, 164.038879, 119.342613, 123.836060
709.724854, 164.835068, 118.893692, 122.833809
710.763306, 163.995773, 119.728462, 122.710419
709.985901, 162.331390, 119.814529, 121.843208
711.607788, 164.708252, 120.097496, 119.801971
711.272949, 161.390320, 118.535057, 121.321220
709.497803, 160.194366, 119.092354, 120.581131
708.505981, 160.254883, 119.466484, 120.993279
697.424133, 161.892670, 118.611671, 118.398476
700.674255, 159.357056, 121.337906, 119.004936
698.920776, 156.032425, 119.630867, 116.957451
690.873840, 157.033966, 119.180183, 115.897842
690.402466, 156.521133, 120.824341, 118.639809
675.117371, 154.879791, 127.766975, 122.731758
673.348938, 154.547150, 123.122818, 117.147919
664.890442, 155.781219, 122.872246, 117.073357
657.781860, 153.328812, 122.960007, 117.280190
645.867249, 155.070206, 126.955444, 121.354843
636.533813, 153.488312, 126.861755, 121.139961
627.997131, 150.426178, 123.300247, 117.310280
619.689392, 148.317215, 121.565422, 116.389374
608.105042, 147.629807, 122.705086, 116.222115
600.177551, 145.573593, 120.546539, 118.034157
590.941467, 145.627594, 120.679550, 115.144020
576.799438, 145.519974, 121.254105, 116.278709
566.188354, 143.886322, 123.434135, 115.215698
553.211243, 142.646347, 120.011047, 114.452408
541.820313, 142.074768, 121.655014, 112.710556
528.676758, 141.870712, 122.868904, 116.414070
518.335754, 142.238876, 123.731590, 119.855087
506.272400, 144.358719, 124.973610, 123.785652
495.641449, 142.299759, 126.171043, 123.567848
486.210052, 143.598358, 123.822540, 118.494583
477.505005, 143.551529, 122.653549, 116.357536
470.654785, 147.290512, 119.347809, 114.541580
459.720306, 148.312683, 122.272766, 115.204391
451.701324, 149.740067, 122.190796, 114.190491
443.416626, 149.617249, 123.606049, 114.096031
432.661865, 145.147705, 125.166061, 115.998680
430.341766, 146.855286, 119.793800, 110.779144
421.434937, 145.635010, 120.411140, 111.223122
417.960876, 146.819885, 119.319427, 110.604813
410.823822, 147.631958, 122.361511, 111.444679
405.506531, 151.268921, 120.280182, 109.638519
399.441803, 151.155350, 122.301750, 113.680878
396.977356, 151.119598, 121.432732, 114.028809
391.827881, 151.471985, 122.019073, 111.131523
389.552429, 151.956161, 121.301674, 111.612152
387.019867, 151.537262, 125.863731, 116.429672
383.926666, 152.065857, 122.950432, 114.380096
385.909790, 154.189972, 120.749802, 111.754951
380.300354, 151.894760, 121.932182, 112.984352
378.853851, 152.406021, 122.638802, 113.908997
378.196198, 153.739960, 122.858856, 114.220642
378.501526, 154.363266, 122.543442, 113.859772
378.367218, 154.621185, 122.642769, 115.938492
378.195862, 153.959595, 124.030716, 115.176353
379.249420, 154.096756, 124.226913, 114.564476
378.686523, 153.769882, 124.637436, 114.990417
381.631866, 155.226059, 124.742470, 113.595673
384.286072, 156.589584, 121.647926, 111.435455
382.486755, 152.850128, 124.919418, 114.056976
388.328705, 155.636749, 126.157753, 116.974922
389.128510, 155.376282, 123.835739, 116.266609
389.000916, 155.526947, 124.364998, 116.601479
391.873138, 154.414413, 120.347946, 115.055916
388.984436, 157.134323, 122.225449, 109.701561
389.972870, 156.076874, 125.371773, 110.458633
393.492249, 157.727814, 123.826195, 111.710968
395.130035, 158.695831, 123.973373, 112.460335
399.530426, 157.965881, 122.855957, 117.178291
399.859833, 157.675400, 122.895462, 120.178185
399.572510, 158.660217, 124.083138, 120.427658
402.247467, 159.538376, 120.594711, 115.808105
401.340210, 159.206512, 122.948418, 116.762314
399.888458, 158.132538, 122.811348, 116.126373
400.419128, 158.011261, 124.184074, 115.478928
399.495239, 156.706177, 126.495590, 117.143707
400.800049, 157.488281, 127.425606, 116.025528
400.462158, 156.999130, 128.408066, 117.353874
403.962280, 157.711121, 125.116219, 115.172249
406.564545, 157.314636, 125.055580, 115.453072
408.517700, 155.575073, 125.858093, 119.878365
406.316742, 156.879395, 127.811798, 117.316803
408.374969, 157.251923, 127.186684, 118.350563
411.080292, 157.244202, 125.045937, 118.570999
415.177338, 158.146057, 121.641785, 116.136360
416.618073, 157.895050, 122.128700, 119.013824
417.442841, 159.050064, 122.957489, 117.504051
422.329132, 164.989243, 121.868103, 116.214951
421.255646, 158.752853, 125.466316, 119.772095
429.038696, 160.228775, 120.192192, 115.612122
429.266449, 161.111038, 120.796898, 115.566254
431.052246, 161.318192, 119.967163, 114.979233
428.740265, 160.051132, 123.145378, 118.580482
427.458801, 159.072922, 125.780533, 120.128746
429.637787, 159.673294, 125.453369, 122.163177
428.965576, 159.806091, 126.124199, 124.109917
437.295868, 160.808197, 121.920052, 124.527428
429.477386, 167.634903, 117.584541, 115.072189
435.418152, 157.567368, 124.450180, 117.328232
436.255310, 154.305344, 125.012070, 121.582054
437.953247, 155.469803, 123.358086, 119.582451
439.804108, 155.171570, 122.698219, 118.304573
441.207977, 152.085938, 124.841766, 121.140808
445.311554, 160.459427, 119.033974, 111.944237
444.330566, 151.277069, 124.774567, 120.199585
445.692352, 153.381912, 123.271957, 118.908272
446.469299, 157.075378, 121.905724, 118.993866
449.250580, 162.417511, 116.563232, 113.874107
449.450256, 161.961029, 118.543503, 116.977295
452.651794, 159.842361, 119.142128, 116.119034
454.708344, 157.794571, 119.669395, 118.072464
457.166077, 159.859558, 120.180443, 120.691582
462.230591, 160.176483, 119.635216, 121.307266
464.736511, 157.924484, 121.803528, 122.956894
471.282990, 161.668427, 117.138519, 118.534851
470.783112, 160.458923, 120.701889, 123.189323
474.105621, 163.983383, 114.786858, 117.065742
474.887665, 163.923050, 117.041710, 119.042625
477.886597, 165.615814, 116.365395, 118.775604
481.495453, 167.371796, 116.186295, 119.717880
482.976288, 173.767548, 111.984612, 114.620926
481.129669, 173.896973, 113.050179, 115.964653
480.062714, 172.676392, 115.136421, 118.581314
480.695709, 169.334335, 115.751427, 116.866257
480.680237, 169.336304, 118.461906, 119.441223
480.515503, 168.947495, 118.461525, 118.943375
482.007660, 168.474655, 118.712639, 119.351906
482.781952, 168.632416, 120.084831, 121.979042
483.826691, 170.154938, 118.740959, 120.789146
484.228180, 172.424072, 115.655182, 115.377853
484.629395, 174.614136, 114.599442, 114.573151
484.185455, 166.738495, 118.767990, 121.233444
482.305420, 165.876572, 121.257195, 123.370262
483.895813, 170.001984, 118.245888, 117.842979
484.743958, 168.279526, 119.002342, 116.560074
488.014465, 167.755066, 117.085373, 120.965767
488.251923, 166.841278, 116.298134, 121.311264
486.120270, 163.262283, 120.074150, 122.175575
485.542511, 163.970825, 119.763657, 122.833176
488.027527, 162.569229, 120.184189, 120.375206
486.715027, 161.573807, 122.520348, 119.969643
489.411377, 162.108368, 119.088951, 122.736336
488.704987, 168.940247, 115.291229, 114.005966
497.599304, 160.664612, 118.459259, 121.787590
491.816589, 161.396973, 118.529831, 118.873856
491.594147, 164.031708, 116.751213, 113.981522
492.242767, 162.038727, 115.329407, 114.486916
493.847992, 162.158920, 114.577110, 115.262634
496.226166, 156.358032, 120.175903, 120.950943
501.331329, 156.870438, 119.788918, 124.035583
500.752533, 158.308899, 119.835007, 123.128471
500.851471, 163.033630, 116.852089, 116.284622
501.116608, 157.190033, 123.124107, 124.746124
501.760010, 153.832153, 122.906013, 121.455246
503.377625, 153.790375, 121.608299, 120.371628
505.498657, 151.846298, 123.112801, 120.797279
501.918701, 160.706665, 116.661049, 112.691933
502.285034, 157.946869, 119.257614, 115.177757
501.836273, 157.069580, 120.425728, 115.463455
504.432281, 155.775330, 119.154976, 116.793541
504.627655, 155.915573, 119.668953, 115.479370
506.534180, 156.063202, 119.092918, 115.948708
508.009460, 156.860657, 114.937157, 114.432632
509.912323, 151.149933, 123.273376, 119.731094
514.309204, 150.811096, 122.681015, 119.450226
518.073120, 150.451660, 121.367081, 118.891350
519.310608, 149.811249, 124.627609, 120.336311
520.425049, 150.138351, 126.052055, 121.073921
524.447571, 158.181671, 116.768921, 116.436920
526.025513, 158.357742, 116.587395, 115.778625
524.789673, 157.105530, 116.490303, 116.237305
525.277832, 157.292343, 116.783791, 116.415878
526.898376, 153.471466, 118.839691, 119.842407
526.559875, 154.680191, 115.964577, 120.142738
526.711121, 155.044037, 115.621315, 119.132126
525.729797, 155.212860, 116.080765, 119.711861
525.638550, 154.424362, 116.194298, 120.052368
524.052063, 158.543488, 116.845154, 116.610680
521.216919, 158.563416, 114.942986, 115.525215
523.237549, 159.109436, 116.097961, 116.523590
520.972412, 154.474869, 119.969971, 122.375420
520.414551, 154.296097, 119.794495, 121.512711
518.338562, 154.873657, 120.440506, 120.935768
518.682983, 155.850174, 119.600433, 121.347847
521.125183, 156.256104, 121.195763, 120.446510
518.701660, 155.888885, 119.827637, 120.656609
520.617554, 154.373047, 121.523399, 122.314316
517.687500, 159.105484, 116.535919, 118.022804
519.729614, 156.393494, 120.855278, 121.619835
520.716431, 156.489197, 119.315834, 120.352539
517.361511, 155.284729, 121.755577, 122.540855
517.450928, 157.649445, 118.825455, 119.131981
517.279968, 153.650375, 125.114899, 122.708443
519.075012, 157.618515, 120.093651, 117.289932
520.114990, 157.974716, 118.557991, 121.836708
520.808655, 155.671677, 121.851028, 122.202919
521.095764, 160.440689, 119.062111, 120.476273
519.980347, 161.106903, 119.833305, 123.567459
521.951904, 158.369812, 119.481041, 124.732056
520.482605, 158.523758, 121.724701, 122.828857
521.508545, 160.981934, 119.945457, 120.419167
519.994751, 163.380554, 119.732689, 118.988686
522.847229, 159.959885, 120.328224, 123.163040
522.631775, 157.602753, 123.686668, 123.438530
520.317627, 163.806992, 116.214905, 115.963158
521.309937, 162.153061, 117.510696, 118.023026
523.888306, 155.002502, 122.654999, 124.668381
525.659851, 157.356613, 119.659096, 120.553658
524.752625, 153.124741, 123.377495, 123.179565
524.597595, 152.231781, 125.409584, 125.349716
528.660339, 151.772430, 123.671608, 124.080696
532.689575, 152.899933, 120.963776, 120.289276
538.724243, 153.075806, 117.431305, 114.607101
543.551208, 151.997040, 117.150612, 115.354553
545.273193, 145.898712, 121.465744, 119.968666
549.578613, 148.653839, 121.537445, 120.605148
554.429749, 149.943054, 120.542198, 121.315331
560.488586, 151.360077, 120.548744, 120.805336
567.858887, 142.840942, 119.848999, 121.671257
572.153259, 143.282593, 120.678352, 121.851585
580.058533, 146.669815, 116.292084, 118.911728
583.952515, 143.717255, 121.052673, 118.662918
583.604126, 144.803482, 127.218811, 126.933067
591.804993, 153.095245, 123.535889, 119.057030
596.262878, 148.614838, 121.439598, 120.985573
601.282166, 149.119034, 117.913750, 117.254646
600.884644, 144.189819, 122.084404, 123.526733
608.071106, 141.367813, 121.143471, 122.290596
615.066101, 139.397125, 121.136032, 121.084999
621.053711, 141.269394, 116.387474, 116.816612
625.297119, 143.395096, 117.895287, 116.772346
628.805725, 141.179718, 119.670876, 119.254440
632.915100, 140.626282, 118.608459, 119.541740
641.442871, 141.328506, 117.776459, 117.184250
647.180847, 138.311569, 119.510902, 118.549782
655.077637, 140.985168, 118.577461, 116.057289
661.468384, 139.282745, 120.087288, 117.574211
669.063416, 140.785812, 117.275742, 116.936302
674.597107, 141.519836, 117.520210, 118.633575
679.529480, 140.260590, 122.690025, 119.219604
685.992798, 141.905685, 118.437965, 120.481758
690.807922, 141.876541, 122.002937, 118.619972
696.969604, 142.073029, 121.057213, 116.708153
703.271057, 145.187912, 118.595604, 114.570816
705.438599, 142.667725, 117.825668, 118.194633
708.221191, 146.044876, 118.188141, 118.971794
709.417847, 145.961151, 121.821037, 125.938828
714.200256, 143.200851, 122.026886, 126.237869
716.904602, 151.437195, 124.208298, 123.702560
719.651672, 144.392273, 122.314697, 126.968369
722.608032, 144.820190, 122.441216, 128.236954
724.779297, 144.870224, 123.180725, 126.628143
728.172913, 149.861649, 121.350258, 121.960922
729.163940, 151.192200, 120.866302, 121.879662
730.101440, 152.246307, 119.734070, 120.052956
729.234497, 151.752258, 122.765259, 124.891693
732.162537, 151.493622, 118.178375, 118.806442
732.026245, 151.030182, 118.142082, 118.735016
733.206543, 150.720581, 119.028214, 117.723801
733.167175, 150.086990, 118.713554, 116.390099
730.844238, 149.028412, 119.155357, 115.857979
729.186890, 147.499237, 119.695763, 118.317261
718.786499, 150.243622, 117.962456, 113.480476
720.886536, 155.086411, 115.981461, 111.847420
716.835266, 154.332504, 116.770241, 113.372368
718.769470, 150.557999, 121.016319, 119.908997
714.298889, 151.655319, 121.716698, 121.733597
718.590881, 154.790466, 118.189590, 117.901161
712.194580, 150.706024, 123.779411, 122.465599
707.064575, 151.139832, 123.874107, 127.008949
708.299622, 158.706085, 115.818970, 114.649063
705.711487, 157.111725, 114.925911, 115.817345
704.290710, 152.690262, 119.529175, 121.378807
695.981079, 158.049408, 114.803047, 115.859261
699.567017, 153.938660, 120.672745, 121.292587
693.756287, 159.377518, 114.101662, 115.593590
694.093201, 155.014343, 118.454407, 119.309708
690.499939, 156.101410, 120.906876, 120.880165
683.740173, 158.386551, 120.115265, 116.666107
683.654419, 158.472397, 118.443001, 116.324135
682.065735, 159.031769, 116.845222, 115.349182
684.352966, 155.633789, 118.545639, 117.020607
686.939880, 154.211090, 117.459473, 117.985298
683.966492, 156.158630, 118.153801, 115.107811
685.544739, 154.500137, 114.988098, 111.292511
686.824158, 153.926392, 113.156624, 109.702057
680.550049, 152.219208, 118.500717, 116.445602
673.979980, 151.468277, 121.957451, 115.962959
673.914917, 153.824417, 113.000183, 114.410179
666.288147, 156.897873, 119.029221, 119.121635
659.750793, 157.353378, 118.087204, 122.430992
655.649780, 161.469925, 118.796097, 121.571365
646.747192, 161.574402, 121.529007, 121.896164
645.993835, 163.394730, 117.340897, 119.273041
639.691772, 161.317047, 122.456963, 123.199348
639.129211, 158.606827, 124.827087, 123.428642
644.247986, 162.678680, 122.012390, 122.755875
644.801514, 163.149811, 119.386780, 119.144279
649.980896, 164.057495, 119.063812, 119.820030
651.947876, 164.106384, 121.014496, 123.230820
657.576172, 162.134399, 118.307228, 121.676804
659.456482, 164.570404, 117.303215, 115.330910
656.838928, 165.959137, 117.835365, 117.198761
661.412720, 162.659332, 116.956047, 118.317116
664.653198, 161.919189, 116.941750, 120.189651
662.723022, 167.734665, 111.319420, 110.388191
661.479431, 166.428741, 117.501877, 116.175644
663.154602, 166.604919, 118.397263, 116.029236
661.972412, 165.862808, 120.721642, 120.702087
669.905029, 164.434219, 119.806717, 119.735397
673.141357, 166.605942, 121.626411, 118.407745
677.697266, 162.070374, 120.961571, 120.019745
681.561768, 162.705826, 118.475204, 121.921928
686.977600, 165.052887, 116.655762, 116.308189
689.267944, 167.615448, 114.925224, 115.454926
689.928528, 163.096252, 119.795128, 120.902641
692.952454, 168.583313, 115.393738, 115.556992
692.499512, 162.171097, 121.178688, 122.965401
692.623352, 168.408707, 116.943451, 115.989441
694.496399, 165.394196, 118.158340, 118.280357
691.563171, 163.520935, 117.802414, 121.072166
695.977722, 165.076996, 117.426643, 117.925758
695.983826, 163.092331, 118.477974, 116.127365
698.651062, 168.957458, 115.637955, 109.151268
698.672791, 163.871201, 121.229912, 116.731781
702.196411, 163.000595, 118.018532, 112.248116
704.818665, 159.174545, 116.977097, 117.489670
703.865417, 161.254868, 117.739914, 116.203590
707.837769, 159.853241, 118.376091, 120.814407
707.035339, 160.687286, 119.171677, 119.455727
705.262268, 162.736252, 120.644897, 118.598709
704.054260, 158.906448, 121.714684, 122.390778
709.014465, 162.323105, 117.357025, 117.655014
704.809631, 157.819962, 123.333389, 123.358841
706.870544, 160.176788, 121.284729, 120.116867
706.568298, 164.631531, 121.197334, 123.319832
710.810669, 163.916931, 115.443954, 116.628845
711.540100, 163.654999, 116.479027, 117.378494
714.710327, 164.849670, 115.605690, 118.939598
713.297913, 164.852371, 117.257408, 119.164330
714.976074, 163.237793, 117.542511, 119.803833
714.251587, 162.201614, 118.436707, 120.855095
715.905212, 162.795349, 117.026367, 118.346664
714.575928, 162.769226, 119.290634, 119.408699
712.762817, 160.070328, 122.590729, 120.789024
716.211975, 164.185852, 118.423912, 119.900620
714.645325, 162.661026, 119.934746, 122.143982
715.486145, 166.759003, 115.361664, 116.293594
715.381836, 166.807220, 116.439774, 115.473022
714.779907, 162.760849, 117.899193, 120.518875
711.744873, 161.575577, 119.593567, 123.446266
712.324036, 161.393982, 120.285065, 124.026405
712.108765, 161.707642, 119.667473, 123.762192
711.332703, 160.928070, 120.676147, 124.792801
711.451477, 161.131958, 120.602867, 123.727089
711.774719, 160.809433, 120.737328, 124.346664
713.110657, 161.188965, 119.810310, 122.612595
714.393311, 162.033386, 119.105019, 121.619820
715.853760, 162.465668, 118.380310, 119.707672
716.575562, 166.312149, 116.975204, 113.629395
717.301331, 166.248566, 116.656075, 113.013817
716.932129, 167.128052, 116.803696, 114.043259
715.955994, 163.888550, 119.190895, 115.396233
716.461792, 163.526154, 119.687889, 117.079315
716.841064, 164.339737, 119.286598, 116.913902
716.825134, 162.589523, 120.114006, 119.521919
717.090820, 162.984192, 120.559586, 118.475838
719.176514, 163.119202, 119.770554, 118.295380
718.797668, 162.661133, 121.909813, 119.682060
716.798279, 161.332764, 121.634285, 125.641243
718.731689, 163.874939, 120.295906, 118.081856
720.137207, 162.890350, 121.273323, 122.916107
721.510315, 165.705338, 118.837555, 119.369186
721.180054, 168.943146, 116.287170, 116.701538
722.707581, 168.199615, 116.174141, 116.052658
721.507324, 168.892242, 115.191490, 116.463799
721.394592, 169.616272, 115.208122, 115.199593
720.866333, 168.962265, 113.927444, 120.431923
719.956543, 166.260956, 117.303528, 122.391487
720.433411, 166.595978, 118.517166, 122.087120
717.529541, 163.649384, 120.634308, 124.908211
716.358582, 161.441315, 120.798317, 129.200699
716.476257, 165.867249, 118.976921, 119.583847
714.900696, 164.447418, 118.970306, 120.876900
716.047485, 164.737122, 119.954720, 125.734314
717.373352, 165.521194, 119.819260, 124.772484
714.622498, 163.999191, 122.013779, 124.290268
714.704285, 163.982101, 121.747322, 121.013969
714.818665, 165.377167, 120.073555, 121.403801
715.831177, 165.879456, 120.308441, 119.197464
719.757874, 174.057159, 116.230026, 113.524147
719.217407, 174.582581, 117.325203, 113.799133
717.750671, 170.538452, 120.163460, 117.257637
717.101990, 170.429428, 118.776817, 114.782867
718.960449, 174.530930, 115.709152, 113.907021
718.874512, 174.863556, 116.827644, 114.818077
717.711121, 169.300034, 119.570068, 122.366119
719.499390, 172.863922, 117.188354, 113.930626
718.653076, 173.537338, 118.039070, 114.350464
721.121582, 172.964691, 116.192726, 113.047287
719.383118, 173.429230, 118.070572, 114.572945
718.880310, 172.094055, 119.829399, 116.333771
718.963989, 172.225861, 119.677055, 116.224365
718.689209, 171.006302, 120.149345, 117.122688
719.546997, 170.028885, 120.566765, 118.589554
719.927429, 170.175873, 121.465179, 120.074059
719.896729, 169.935135, 120.547302, 118.825905
718.762451, 169.901337, 120.842545, 118.624352
718.633789, 171.039612, 119.710007, 117.334160
719.561035, 173.123535, 118.597374, 115.774612
718.948425, 172.779404, 118.587097, 116.310333
718.311584, 171.602203, 119.408958, 117.441986
718.532898, 171.858459, 118.720299, 117.469261
716.447815, 170.607162, 119.236069, 117.971954
715.887512, 171.079544, 119.905510, 116.517601
718.393555, 174.176971, 118.569839, 118.858009
715.234863, 171.831329, 118.260223, 118.873039
715.759399, 172.165588, 118.127594, 118.622253
714.022766, 171.771881, 119.135262, 120.049500
714.619812, 172.313675, 118.752495, 119.850616
714.345032, 171.897690, 118.418808, 119.469559
714.067627, 172.431046, 118.005547, 115.850273
712.962158, 177.126617, 111.323639, 107.501091
711.801208, 177.323502, 111.320549, 106.272942
712.855103, 178.667450, 115.322922, 109.256004
712.808533, 177.685974, 114.343925, 108.823280
711.071350, 172.740372, 117.169640, 113.487953
710.204712, 174.180115, 116.374245, 110.502289
711.512512, 172.599823, 116.742897, 111.295692
711.543823, 172.059174, 117.239708, 112.901527
711.630798, 173.625977, 116.673714, 111.722549
709.345154, 171.487671, 118.250458, 114.527328
708.453613, 164.899521, 119.430504, 120.781242
708.990173, 167.293823, 119.028717, 121.668442
708.530151, 169.233337, 117.763351, 118.723381
709.409180, 171.389893, 116.609703, 113.539825
709.145935, 170.883179, 115.839005, 115.368141
707.608582, 170.807632, 117.318779, 114.459877
707.562073, 171.942566, 117.726242, 114.011848
704.238770, 172.379486, 121.222038, 115.626381
706.094482, 172.851044, 118.001076, 114.146095
706.219910, 173.425980, 116.868721, 112.608124
702.741760, 170.062759, 122.386650, 118.702980
702.361816, 169.701614, 121.626602, 119.349457
705.437195, 174.892578, 117.918793, 115.210579
705.926941, 173.862137, 119.190323, 116.562935
706.138306, 173.745071, 118.847443, 116.294083
708.171082, 173.362213, 117.345993, 117.482857
703.763489, 173.545929, 118.745750, 114.332344
704.370239, 171.516312, 121.187256, 119.489830
702.562439, 169.466248, 124.090477, 120.247597
711.691162, 173.206009, 115.645638, 116.134262
707.260742, 172.999985, 118.868362, 115.248047
706.241333, 172.275879, 119.558411, 115.409668
707.827087, 172.807831, 117.859436, 115.212540
703.802185, 168.923950, 123.811989, 119.545433
706.750793, 173.253571, 119.764061, 115.361046
705.758179, 172.442368, 121.877052, 116.783890
710.304688, 172.493027, 117.590523, 115.330101
708.610352, 172.449432, 118.562088, 116.847519
708.282166, 172.483521, 120.106506, 116.725250
707.848999, 171.826263, 118.437965, 117.083992
707.702759, 172.516068, 119.974884, 115.633934
707.893311, 172.365204, 120.316124, 116.454414
701.157043, 175.769821, 117.333015, 118.399208
706.881226, 171.949814, 121.153610, 117.231094
709.214539, 171.731613, 118.618477, 116.857727
709.319336, 171.350082, 116.141685, 116.275955
705.220215, 171.641968, 120.737450, 117.117706
705.588135, 170.125626, 117.337616, 116.572128
704.051819, 171.036530, 118.023315, 116.671425
701.806702, 169.501099, 118.659119, 119.130676
699.052856, 170.854462, 120.290611, 118.235619
696.636047, 171.854874, 120.502563, 119.296669
697.455322, 171.003799, 116.618835, 118.785980
693.942383, 170.104645, 119.211685, 120.389816
695.856445, 170.986328, 117.174805, 117.544846
689.941833, 169.184448, 120.585609, 119.685570
686.198364, 165.628738, 124.484016, 120.347702
687.105042, 167.708939, 120.868256, 119.846596
684.893066, 170.339081, 118.568321, 118.960274
687.574097, 170.733948, 117.129883, 117.338974
683.530273, 169.147034, 119.895622, 118.444000
682.201233, 168.196228, 118.876114, 119.448227
671.453735, 157.631744, 137.407104, 139.933304
679.843445, 167.167206, 119.902115, 118.614761
678.862732, 168.352295, 119.718384, 119.067070
677.544556, 166.905151, 120.665688, 119.590775
672.848267, 164.076035, 123.857727, 121.139099
670.101074, 160.174301, 125.853149, 118.126160
669.948853, 159.394653, 123.155708, 114.438286
667.985779, 154.358337, 124.361153, 116.968147
666.156799, 156.612640, 122.929832, 114.070953
662.150269, 157.444748, 122.242111, 112.557159
661.517090, 155.306900, 123.725670, 115.516487
662.023926, 151.146088, 125.423187, 118.743271
657.703552, 151.742218, 126.501045, 119.028236
653.523254, 152.746460, 123.592094, 114.326538
649.544800, 152.056686, 124.482185, 114.646202
644.455811, 150.333023, 127.260963, 116.516159
642.384460, 150.529175, 122.703072, 112.611504
632.825317, 150.535614, 126.450951, 113.826797
629.343079, 153.479767, 122.319298, 112.438393
624.754578, 150.216476, 127.932930, 119.406273
618.649353, 152.860138, 125.969772, 115.762299
612.467773, 152.486755, 122.906830, 115.055611
606.911194, 151.393738, 123.840530, 114.846329
602.278503, 150.479370, 124.312950, 114.152100
594.238708, 148.882721, 128.661102, 118.313698
589.751831, 149.333038, 126.628571, 114.364243
586.403015, 147.992615, 126.523476, 116.488060
581.432312, 148.784271, 125.946960, 116.132202
575.926086, 149.784927, 126.280144, 115.916641
568.039124, 148.423431, 128.263718, 115.357346
566.802307, 148.951965, 122.539566, 115.190819
560.801453, 149.218445, 127.328949, 115.367020
562.056519, 150.290817, 121.588234, 114.936974
555.169556, 150.492889, 126.982666, 115.690460
552.723206, 148.735519, 127.142891, 117.530212
550.125305, 148.912796, 125.030533, 115.089531
549.398743, 148.592300, 122.211998, 113.992493
543.248657, 145.307556, 126.471748, 115.092911
541.366089, 146.470566, 124.297195, 114.528946
537.612610, 145.605865, 124.752800, 113.720688
540.536133, 150.084396, 115.678780, 111.759575
539.328491, 151.822662, 115.194069, 111.150543
536.583618, 149.231339, 121.630066, 113.267128
535.461182, 150.374115, 121.607132, 110.622238
533.831665, 150.276794, 125.091148, 114.317886
536.152954, 150.872284, 121.867416, 115.343918
534.063965, 153.264847, 122.090645, 114.573135
534.591125, 152.377365, 125.096062, 117.377625
529.646790, 154.811539, 124.985611, 116.928452
530.739136, 156.303162, 123.014259, 114.276794
528.695313, 155.868027, 124.359390, 115.449608
528.835876, 156.306396, 125.277077, 116.542557
527.903076, 157.062500, 124.989517, 117.119850
527.948181, 156.335754, 124.234947, 116.762161
527.713318, 156.898254, 124.743790, 117.709404
528.154724, 155.334534, 125.489098, 118.881226
528.147888, 157.474747, 124.441544, 115.500732
528.126099, 157.276291, 124.253220, 119.550041
531.701904, 159.605194, 119.925049, 116.609856
528.567322, 163.301239, 120.110413, 113.141846
527.308350, 166.183807, 120.264900, 114.162407
525.657410, 165.566254, 120.083321, 111.641380
523.434631, 167.822189, 115.469093, 109.388329
519.556396, 160.277283, 124.359200, 117.984993
518.723694, 161.287567, 123.016716, 118.249695
518.601196, 163.094513, 124.155624, 116.482368
516.383301, 160.699951, 122.249420, 121.466705
515.859009, 162.900742, 124.264313, 120.412285
513.800049, 162.959610, 119.717751, 116.364632
509.167023, 162.849411, 124.137352, 117.646973
508.156708, 164.098648, 124.468353, 118.902840
504.661835, 163.878372, 124.728256, 119.003288
503.499084, 166.685333, 122.006279, 116.459747
500.997589, 167.557434, 123.681061, 118.934822
496.643646, 171.240845, 123.490150, 118.892113
496.241425, 170.568130, 123.524956, 119.129570
496.245392, 171.706223, 119.970596, 117.277138
491.623322, 172.647919, 121.701736, 117.362503
486.878723, 172.377289, 123.571770, 118.813522
483.008606, 172.563232, 123.772575, 119.696877
480.634735, 173.807587, 120.979744, 119.495216
475.382996, 172.176697, 120.825127, 120.818840
469.202393, 173.675995, 123.809563, 119.160805
468.114685, 174.824005, 119.404709, 115.720886
467.855286, 172.988495, 120.605011, 119.921745
464.990509, 174.669785, 122.189659, 121.888779
461.220367, 179.413712, 120.341484, 122.617752
459.489838, 181.429810, 122.470200, 122.941696
458.515045, 181.599823, 120.664803, 119.678993
455.003632, 185.180161, 119.717316, 113.075432
453.781250, 185.307587, 120.720757, 114.778641
452.761688, 185.359207, 121.038406, 115.615974
449.838745, 186.354523, 117.378883, 115.527321
446.710602, 183.779572, 121.760330, 120.752220
447.551849, 182.644714, 122.710220, 117.844131
446.150726, 182.036575, 124.184105, 118.301445
445.333954, 180.703308, 124.156662, 120.560349
443.910187, 178.314941, 125.762199, 123.550522
444.112183, 177.120361, 125.065750, 121.545639
443.123718, 174.696014, 126.834915, 122.747482
442.945374, 173.562073, 124.510475, 119.242477
445.633148, 172.885956, 122.261963, 118.256577
440.761322, 166.709930, 131.955338, 127.002266
446.610168, 168.239410, 122.351181, 118.540604
446.785248, 163.606537, 124.813950, 122.185402
448.475677, 166.234406, 122.350456, 121.235023
451.161285, 166.446014, 120.048004, 121.041626
450.418945, 165.883392, 121.720482, 122.644272
449.611389, 164.097565, 124.481087, 123.426987
450.025818, 162.464417, 123.192848, 121.132805
452.964203, 161.759125, 119.966095, 119.140755
451.873993, 159.831192, 122.014374, 119.915665
453.723816, 160.985077, 119.381958, 116.453499
451.736145, 159.511948, 122.237038, 117.052895
451.231934, 157.759811, 124.287216, 118.724564
449.040192, 157.779678, 123.611275, 118.903313
450.375092, 160.375610, 119.783279, 117.832253
449.734863, 158.026230, 124.971619, 120.328239
450.576050, 157.245407, 121.137138, 120.717758
451.365631, 158.018875, 120.449387, 121.077454
450.283783, 155.219009, 123.582451, 122.693825
455.938477, 158.331329, 115.926552, 118.445694
450.977875, 158.750748, 119.298698, 116.590195
453.191040, 161.358154, 115.577652, 111.737305
460.146545, 150.444168, 126.281403, 125.775749
463.388000, 159.598709, 119.057884, 119.229767
472.047150, 152.709488, 125.226295, 125.598442
476.407623, 153.660095, 125.059204, 125.377678
480.582123, 155.676880, 123.199471, 121.122360
483.557098, 153.007034, 123.452057, 123.291435
483.983459, 153.151566, 122.324333, 123.067963
488.497681, 152.799789, 119.835732, 120.383858
492.218872, 151.014313, 121.835625, 120.107689
498.766266, 150.607483, 121.493126, 122.254570
507.738739, 155.819763, 120.006546, 117.845406
512.040039, 156.789612, 118.922234, 120.265350
516.751282, 156.304306, 120.337677, 122.429039
517.958435, 154.647873, 124.613426, 127.067696
520.350220, 154.738205, 121.194626, 126.525734
526.479858, 157.847488, 121.917313, 125.621429
533.780823, 162.516830, 119.640068, 123.356201
538.763000, 163.413254, 119.471146, 122.175613
546.407288, 167.943176, 118.540543, 117.803589
551.728149, 166.849792, 117.087547, 118.235687
559.016052, 160.680145, 116.212700, 122.645218
562.829529, 162.802887, 119.850761, 121.732056
571.222351, 164.944336, 119.956673, 119.574341
578.716492, 166.660202, 115.934273, 117.388901
585.478882, 165.502548, 118.743988, 119.370346
588.937317, 166.126373, 118.805107, 118.863533
598.382263, 162.641113, 120.889740, 120.362671
603.749451, 164.881882, 118.397202, 121.145042
611.122192, 171.515427, 116.179428, 112.875473
615.723022, 170.468887, 118.549294, 117.461678
619.524597, 169.083542, 118.860489, 122.107536
624.309753, 170.214264, 117.970451, 123.998840
628.718140, 169.304810, 118.039322, 118.439857
632.389771, 170.664200, 116.942818, 122.002983
637.174194, 168.874573, 116.420868, 115.840492
636.969177, 171.877640, 118.505951, 119.750870
639.935242, 171.864166, 118.497192, 120.048615
641.576599, 172.713959, 121.299347, 121.802811
645.282837, 172.962524, 119.239723, 119.212898
647.325012, 172.475296, 119.349106, 120.394897
648.037659, 171.252563, 119.190895, 121.043098
651.242065, 171.492233, 118.636810, 120.409897
651.835754, 175.531982, 114.700790, 116.186371
651.577148, 172.032211, 119.767342, 115.711716
653.509216, 174.682022, 115.322098, 114.782051
653.322815, 171.976593, 115.258522, 116.547264
650.286865, 171.621017, 116.365677, 113.269234
647.331055, 166.264999, 118.515335, 118.269707
648.101074, 166.306992, 120.461357, 121.742317
644.928101, 162.741165, 126.339561, 122.193520
647.146790, 164.565033, 121.020477, 119.211838
647.813293, 168.261612, 118.796783, 115.232674
646.234131, 167.277328, 118.297142, 116.506004
644.918762, 164.601639, 122.330704, 120.538544
646.199036, 166.833603, 116.088699, 120.941322
644.004395, 165.784485, 116.723366, 120.515327
639.098816, 166.540070, 121.391586, 120.594612
641.341248, 166.417755, 115.426376, 120.566917
634.305603, 167.993210, 118.805794, 117.751984
632.839417, 164.416092, 123.788422, 118.657753
632.993103, 163.244263, 121.411057, 119.888901
631.977844, 163.279709, 119.454453, 123.606026
629.944641, 166.546768, 120.406731, 120.400581
628.330383, 164.310425, 116.454834, 121.601219
628.071350, 167.828812, 114.063225, 120.739166
623.669312, 166.340622, 120.436279, 121.439590
616.831543, 161.086243, 125.846153, 120.445145
616.149170, 166.921692, 118.979446, 115.278488
614.097046, 163.208572, 118.631584, 115.324181
610.749573, 154.055542, 125.447197, 120.269676
610.758850, 155.903534, 118.002083, 120.169167
607.169983, 152.728561, 121.646828, 120.283646
601.312500, 151.446533, 121.372620, 120.985474
601.942017, 150.468170, 117.456322, 114.112839
598.082581, 150.884735, 115.600655, 113.081406
591.323242, 149.382919, 119.968330, 115.153374
589.708069, 147.693848, 119.852585, 111.795258
587.874512, 146.494537, 120.623787, 114.177208
586.822693, 147.103806, 120.317574, 114.950470
591.189697, 148.956329, 115.407288, 114.392876
586.517578, 149.220779, 120.421852, 112.308884
585.539612, 149.602188, 119.317848, 111.348763
583.342285, 146.143723, 118.831566, 110.770889
579.519409, 144.595032, 121.134270, 113.208855
579.746094, 143.865280, 116.202744, 109.293030
572.361572, 142.659302, 120.502251, 110.414162
569.748779, 142.975632, 120.364204, 113.811661
565.368042, 144.142700, 121.292099, 116.825699
562.589355, 147.313858, 117.369057, 111.930031
558.534851, 146.572235, 119.652542, 112.932625
552.537659, 144.443069, 121.630127, 113.971725
550.294373, 143.902740, 120.889610, 114.777771
543.250366, 143.704361, 122.315582, 115.769585
540.084106, 145.637314, 121.121414, 114.357010
536.425293, 145.269592, 119.698036, 112.510300
529.700684, 146.697601, 122.873001, 110.809685
528.167847, 143.281158, 118.115685, 110.073921
523.866638, 143.716949, 117.678864, 110.221428
514.350830, 141.644089, 125.555695, 118.159439
509.727051, 139.982483, 126.371033, 121.284744
506.374359, 141.883377, 120.100365, 115.918701
499.360748, 140.633545, 122.675659, 115.692490
498.648865, 144.401703, 116.656517, 110.284256
492.215942, 143.771851, 119.869377, 114.582977
484.697723, 142.585602, 122.189346, 115.457848
481.537720, 146.592850, 115.726692, 110.180061
471.830658, 146.534073, 120.919601, 112.155655
469.131439, 149.517822, 119.408737, 112.689957
461.308716, 149.762070, 121.560318, 114.698044
462.455719, 152.120178, 115.576454, 111.339241
456.775818, 150.811081, 116.283646, 111.551506
451.407318, 150.626541, 119.150223, 115.915451
446.546692, 150.594803, 121.999161, 116.670364
441.832214, 155.316071, 126.207809, 118.186745
441.541290, 154.738846, 119.052597, 114.191750
433.538300, 153.867340, 129.992432, 124.552170
433.322876, 156.073761, 124.612106, 115.021805
436.741730, 157.713440, 115.904343, 111.161095
433.272461, 154.341003, 119.031868, 117.911461
430.186493, 155.090851, 122.378838, 120.156723
429.882935, 155.335754, 119.827919, 120.670235
429.439911, 155.218872, 122.844612, 116.768196
427.383759, 154.373367, 119.660385, 115.611687
431.375427, 157.468323, 117.593994, 109.512558
427.477142, 154.466400, 122.025749, 117.792999
428.018799, 153.406403, 120.507950, 113.224968
429.249786, 155.288437, 119.799789, 112.679359
430.286102, 153.502716, 120.867310, 116.354980
429.729095, 154.687897, 118.658676, 115.840500
433.785736, 153.361938, 116.466927, 112.583359
429.243500, 152.177979, 122.870132, 115.221298
434.752350, 152.977722, 116.214020, 115.067474
430.797424, 155.334000, 122.974121, 122.204269
431.993530, 157.720978, 120.313957, 118.892639
427.715637, 156.164001, 126.077927, 129.342377
426.930420, 156.376266, 125.586975, 128.799316
430.727539, 156.810608, 121.709427, 123.886246
430.892517, 156.453796, 121.545830, 123.366051
430.051056, 156.487427, 120.863434, 122.214508
430.180298, 157.155090, 117.951210, 120.656685
427.690216, 155.876007, 122.835793, 121.189682
430.764374, 156.385468, 119.995995, 118.814331
427.544830, 155.111053, 121.393890, 120.461235
429.317291, 154.379822, 118.121544, 120.896988
431.254669, 155.252075, 118.300072, 123.076515
432.307953, 155.980606, 121.719376, 119.850548
435.517883, 158.412338, 120.693604, 120.840309
436.339142, 158.697098, 123.214592, 121.190796
440.551331, 161.160233, 120.051346, 119.000183
437.099121, 166.914810, 116.755119, 115.138390
441.029694, 158.850037, 122.361069, 122.575554
444.414551, 159.479462, 119.523727, 117.009163
447.496124, 159.721542, 117.727188, 117.011078
443.861176, 162.481476, 113.800934, 111.123550
449.447449, 155.929214, 121.759956, 120.561554
450.250854, 153.837204, 123.216888, 121.486206
450.850311, 161.362320, 115.335114, 113.426857
450.563873, 157.601715, 123.145882, 125.790321
453.002441, 164.258102, 116.454010, 114.103012
457.871216, 157.372406, 123.055405, 122.207954
460.833130, 155.893951, 124.117409, 125.167091
463.866913, 159.868240, 114.903984, 116.175194
467.968689, 153.881531, 122.671852, 126.529968
476.933105, 154.706314, 119.705719, 123.591103
475.814880, 156.888641, 118.549644, 120.274185
480.173950, 156.422562, 119.974823, 118.628853
485.184082, 153.000183, 122.965240, 126.279732
491.358337, 152.371552, 121.053589, 122.117752
495.748962, 151.761139, 121.506668, 125.330200
498.144562, 150.252441, 122.638237, 123.778137
503.576996, 148.719055, 123.732094, 124.104706
509.764343, 148.965240, 122.230896, 123.972122
511.952423, 151.699615, 117.808090, 114.614128
512.479187, 143.608521, 125.554436, 129.144714
514.336121, 142.160263, 127.028534, 130.991257
519.476440, 150.063705, 120.155647, 125.990250
522.552795, 143.732162, 124.862686, 126.571312
525.315857, 139.797028, 126.377991, 132.266434
532.841614, 139.745010, 124.692314, 123.109001
535.524414, 139.646866, 123.053452, 123.546356
543.264038, 144.253510, 118.779778, 114.972183
546.232971, 139.252472, 122.030724, 120.848526
553.378052, 145.842850, 118.940063, 114.649658
559.113831, 146.261475, 118.475769, 114.522583
559.917908, 140.557571, 123.997032, 121.269966
563.217041, 145.803833, 116.115417, 108.821159
567.403137, 143.710419, 122.950310, 120.329781
573.955322, 149.300293, 118.396378, 117.114777
577.523132, 153.657532, 120.719429, 119.100830
581.524109, 150.281723, 124.238350, 127.997368
584.119202, 153.620178, 120.694038, 124.330078
587.308777, 159.437637, 118.184616, 121.998627
586.339966, 158.977493, 115.254303, 119.060158
589.448425, 154.147614, 122.887680, 125.676460
592.457458, 158.535477, 118.962997, 119.909302
592.867310, 159.072342, 119.436241, 119.034904
594.062805, 155.402634, 122.564011, 123.348694
596.804016, 160.470703, 120.372330, 121.370483
599.153137, 161.681488, 119.811821, 119.653900
603.778076, 159.467850, 119.008675, 120.001671
600.500549, 157.812866, 121.821922, 122.580284
600.783142, 162.825684, 115.537895, 114.904602
605.456543, 157.950516, 121.234764, 125.541008
603.800049, 162.441116, 116.771378, 118.877556
606.823059, 161.323624, 119.885857, 123.045425
609.005310, 160.565643, 119.922333, 122.526901
611.649048, 158.126495, 121.101570, 121.993912
612.318237, 158.439423, 121.200111, 122.214188
611.634827, 157.589233, 122.078232, 125.116631
612.024658, 158.471771, 123.963203, 127.698235
615.925476, 160.918671, 118.760681, 116.876877
614.235718, 159.482132, 121.801949, 120.695595
615.015991, 160.950500, 119.005592, 117.349281
612.147339, 156.832474, 123.229424, 125.423233
610.096375, 160.983841, 124.332230, 125.790634
610.705566, 158.353912, 122.570122, 126.404045
608.810730, 157.830444, 124.391335, 126.968277
609.054749, 157.048187, 124.032005, 127.842346
609.330139, 158.473633, 122.604462, 126.549507
612.851624, 159.184601, 119.369202, 119.037018
612.212708, 159.005417, 119.793617, 119.127853
607.020020, 157.791840, 122.931534, 127.780823
607.766296, 159.283417, 121.160477, 126.486420
612.203857, 159.431030, 121.610474, 124.107254
610.430786, 161.644592, 119.998825, 123.832016
609.739624, 160.390808, 121.446091, 125.784981
611.234741, 161.445923, 122.074890, 121.937149
608.769714, 160.017380, 121.812973, 121.452049
608.486328, 161.289719, 118.221222, 116.794312
609.778198, 160.639984, 123.374153, 121.714386
608.936035, 161.052338, 119.665771, 117.380852
606.666992, 165.337372, 119.652542, 116.156464
607.685669, 163.757355, 118.471039, 117.683266
606.506042, 164.111481, 116.867020, 117.440727
605.069885, 165.555176, 115.998978, 115.534309
604.860168, 162.733307, 118.059738, 118.693123
600.468811, 167.635010, 116.712906, 113.192207
598.943298, 168.157166, 116.837280, 113.396149
593.863770, 166.708176, 116.478775, 117.612556
592.887451, 164.704102, 117.495132, 115.911255
593.518921, 162.192474, 120.201645, 123.315613
588.249329, 164.166229, 116.224602, 116.017342
586.667358, 162.682953, 116.837219, 119.440063
584.865540, 159.798340, 119.415131, 121.447510
580.889160, 155.153778, 125.282181, 128.430725
582.640137, 157.509705, 121.467636, 126.809082
580.663818, 154.504639, 126.370491, 127.393875
580.490295, 159.533386, 119.481163, 126.405128
576.453796, 155.026352, 124.491074, 130.477936
572.575439, 163.129074, 117.983116, 118.467216
575.527039, 157.083740, 122.743332, 124.693481
577.458618, 153.919830, 119.377266, 116.002388
571.249512, 151.258011, 125.033493, 117.250443
570.347839, 152.828186, 120.697571, 114.548508
569.281006, 152.899796, 121.877747, 114.644455
572.926514, 151.647690, 118.983604, 109.365265
574.697388, 150.649261, 120.432312, 111.174408
577.397217, 150.122223, 123.655602, 112.908829
581.648010, 149.508759, 120.733040, 111.541168
582.850586, 149.524857, 120.890747, 112.570267
584.162964, 153.242310, 120.791199, 108.393532
585.036499, 151.124023, 120.625931, 110.127472
583.012695, 150.502289, 124.940056, 111.400223
576.828064, 155.329117, 119.842194, 110.574387
574.480042, 151.185745, 123.290100, 109.930862
570.268616, 151.620224, 123.497330, 113.740082
564.701050, 149.869720, 123.450394, 113.420914
560.903320, 151.691498, 122.761475, 116.409294
557.363647, 151.462067, 123.800262, 115.052429
553.220886, 151.051910, 127.070183, 116.669182
545.893188, 149.503067, 129.668762, 121.205872
545.857483, 149.853119, 125.395592, 117.452248
541.134094, 148.994629, 125.359367, 117.495819
534.450439, 148.821014, 126.500984, 118.896584
534.387939, 149.613434, 121.436890, 115.957024
525.789185, 148.111725, 126.373329, 117.190895
523.730164, 149.604828, 120.367920, 117.052628
519.801758, 147.982086, 122.867455, 115.897552
520.016113, 150.013153, 120.162895, 113.940147
517.297485, 146.613190, 124.764519, 122.767914
515.394409, 147.789444, 126.686096, 124.175385
516.452332, 149.348587, 122.962341, 116.064011
518.630188, 150.257660, 122.642082, 118.172203
516.984619, 152.709717, 122.125679, 117.713394
518.088257, 154.726898, 122.431198, 121.218277
509.243286, 152.636597, 131.055099, 125.307625
519.790100, 156.499313, 121.186371, 121.607651
516.838318, 157.193726, 125.155037, 123.648415
516.568787, 158.570358, 123.455238, 119.663040
517.475525, 158.834808, 122.562752, 118.343208
517.752014, 158.499603, 124.376274, 118.502541
520.227417, 157.511841, 122.840042, 117.720863
517.598633, 155.884781, 127.575813, 116.173920
518.170044, 155.906509, 122.454071, 118.131737
517.182373, 155.947952, 123.232452, 116.932251
514.492126, 154.969360, 124.138489, 117.474960
513.020447, 156.054474, 123.391479, 118.605850
511.195801, 155.104126, 124.944527, 121.813324
509.644714, 156.335449, 123.293785, 120.368668
509.961670, 154.035141, 125.398743, 120.389084
508.317657, 152.915527, 125.531754, 121.991051
506.968964, 153.133636, 126.603333, 123.088852
504.449005, 153.940399, 127.912613, 122.357758
502.879578, 151.939621, 127.582680, 121.378036
501.844574, 150.762650, 126.371185, 118.620201
496.348602, 151.664963, 127.636925, 121.216599
497.407806, 150.064423, 126.901009, 121.696663
500.534393, 148.761398, 126.480255, 122.342133
502.758850, 149.752686, 123.830132, 117.140663
500.832611, 147.084274, 127.887726, 114.697166
500.866089, 147.289749, 129.164337, 115.843246
505.614410, 149.620377, 124.086754, 116.915848
504.199310, 149.118286, 131.880981, 125.392342
508.142120, 155.771057, 124.894409, 117.954727
508.726929, 156.824478, 125.390930, 118.277168
508.514740, 159.963654, 123.218147, 115.147362
505.495361, 160.535248, 126.337448, 120.506310
504.154938, 161.468918, 125.685143, 119.678726
508.094727, 163.415604, 120.542885, 117.685577
503.800659, 162.245438, 125.172867, 120.455315
506.789459, 163.386963, 122.243942, 118.554382
502.650269, 160.430206, 121.903580, 122.454872
501.079651, 162.223938, 123.077293, 120.832199
501.307709, 160.946213, 122.872963, 120.470993
502.004395, 157.830811, 122.317467, 119.026527
500.600525, 157.526672, 123.211815, 122.321251
498.429291, 157.791718, 124.485367, 120.298630
498.100983, 158.214630, 122.705307, 120.213097
499.067841, 159.286270, 121.110199, 122.130051
499.714508, 157.419418, 121.967339, 121.871750
496.561920, 155.378235, 123.802818, 120.508087
498.386993, 157.211502, 123.478081, 120.738937
496.336487, 153.567749, 125.659966, 121.125816
501.611816, 157.002045, 121.659615, 119.765724
498.766266, 155.988068, 125.110489, 123.647064
499.159210, 154.381378, 125.639809, 119.462486
498.915985, 155.028610, 124.770981, 119.084473
500.472382, 154.845566, 123.446106, 118.234756
500.851929, 155.338104, 123.227570, 118.262474
504.264740, 156.746582, 123.500572, 117.102379
508.301971, 155.856201, 123.832840, 120.579262
511.300018, 162.142502, 118.556229, 114.527626
511.428864, 163.448471, 118.212273, 114.131989
510.702759, 164.077301, 119.407730, 116.461639
508.582672, 158.185089, 123.942406, 120.881256
512.153564, 163.874588, 119.366112, 119.173325
511.330627, 161.103958, 123.524864, 120.029655
511.824585, 161.720245, 122.358490, 119.087112
512.069031, 161.517456, 122.562943, 118.100304
515.653809, 161.954117, 122.116226, 119.087509
517.818237, 162.117538, 122.480339, 118.919258
518.333374, 161.026886, 124.124809, 120.741814
520.457275, 165.713974, 122.647560, 118.024277
522.815613, 165.334808, 121.470222, 118.858635
523.416992, 166.980408, 120.328476, 119.031662
523.472229, 168.505829, 121.286118, 119.868385
519.725220, 167.535583, 125.690147, 121.866554
522.681335, 168.394882, 119.933296, 119.959991
519.833618, 167.747299, 123.993889, 121.425728
521.026428, 170.972839, 121.403053, 122.323044
519.403687, 170.178543, 121.258766, 119.591431
518.773071, 169.230774, 121.837234, 120.366600
519.032593, 169.757156, 121.425797, 119.036598
514.081909, 167.656677, 126.328598, 121.291466
518.854126, 170.533569, 122.769287, 118.768524
519.305969, 170.506607, 119.845024, 119.990601
516.014893, 167.755737, 124.093750, 120.817337
519.824341, 172.000122, 119.092606, 118.995094
518.682007, 173.062958, 120.191437, 119.329491
517.472046, 171.202438, 123.999367, 122.489525
518.020508, 169.551163, 118.966965, 115.740974
519.367065, 167.010986, 120.353172, 116.375725
525.602966, 159.714218, 118.134209, 119.324173
526.445435, 156.858383, 122.272858, 122.791222
526.667664, 155.356522, 123.674759, 125.909988
530.378052, 164.225143, 116.693504, 113.628326
535.971436, 158.577225, 118.984734, 119.544228
529.773682, 161.209259, 120.570549, 112.423866
531.004700, 161.985580, 119.521927, 113.890923
533.078552, 160.363739, 118.847069, 116.907280
535.528076, 161.750000, 117.057236, 113.313530
536.289063, 154.413727, 124.531517, 124.244133
536.565430, 153.910034, 124.162743, 125.122826
536.546570, 154.192978, 124.254669, 125.723213
537.510742, 154.416885, 123.857605, 125.270538
538.602356, 153.888397, 122.842567, 123.509018
538.707764, 153.959534, 124.346283, 124.943138
542.620850, 150.333984, 124.109688, 125.464371
550.594604, 163.232986, 118.798233, 120.103928
551.538818, 158.482895, 119.678818, 121.395706
548.574036, 149.302200, 125.427032, 131.877014
550.459045, 147.423126, 126.245613, 133.964966
558.731201, 153.038986, 119.693878, 121.251457
560.168213, 145.919739, 126.107506, 127.378677
566.991272, 151.165405, 120.734489, 120.140785
568.695068, 148.420975, 123.601730, 120.782761
574.476990, 146.973526, 123.368416, 123.171211
578.879578, 148.484665, 120.120743, 119.621162
587.328064, 149.957703, 117.027435, 113.613380
584.405518, 150.665527, 113.993668, 111.021744
588.378052, 149.331360, 113.253532, 110.647461
593.429138, 151.273926, 110.065521, 108.629860
601.736450, 144.756760, 120.240837, 120.173523
607.401367, 145.091354, 122.032051, 121.243919
610.228455, 146.511658, 120.044762, 121.574059
615.096008, 145.185104, 119.143578, 118.699112
615.740906, 150.340668, 116.159393, 113.533676
623.861389, 144.468414, 121.882973, 119.321770
626.984314, 149.070587, 118.050224, 116.726868
632.089294, 151.481064, 119.025375, 116.178841
636.932983, 153.093384, 115.610039, 113.939842
642.719910, 151.427917, 119.787437, 116.437286
647.846558, 154.543274, 116.110687, 114.131325
653.496704, 150.422348, 121.510857, 117.211235
659.678528, 155.611588, 117.532814, 116.788963
663.394836, 156.390717, 116.864059, 114.796799
672.779541, 155.745956, 117.450523, 115.940536
677.402588, 158.917053, 114.090446, 111.285225
681.570923, 156.043945, 119.461945, 119.259514
685.987793, 161.830353, 117.751762, 117.044846
689.652222, 154.722458, 122.939529, 121.611053
693.967102, 159.680008, 120.468102, 118.901627
699.258545, 160.428558, 120.133911, 118.050087
702.668091, 162.783218, 116.565033, 114.105423
704.473206, 163.120331, 119.680580, 115.384453
709.621094, 163.673065, 118.545830, 113.699371
712.195129, 166.459747, 116.759529, 112.943703
717.096802, 162.564499, 116.449036, 112.945480
714.745300, 164.718475, 117.781372, 112.571922
722.047058, 164.601135, 117.156975, 111.656456
722.440002, 165.863251, 116.915222, 112.591400
724.880615, 167.421646, 115.574692, 110.832298
728.813599, 165.117981, 114.739540, 112.691917
729.784729, 163.281036, 116.840996, 114.982491
731.949829, 165.554657, 114.700920, 111.665176
735.450500, 161.686920, 120.530098, 115.413429
734.569336, 161.019272, 121.607635, 123.250031
738.897278, 161.617264, 121.275276, 120.942543
740.996033, 163.767395, 121.024887, 122.520592
741.266724, 159.704254, 123.156593, 126.328194
744.331726, 160.910492, 121.270485, 124.546776
745.246521, 154.182526, 126.560143, 129.889633
750.744202, 156.381226, 122.026001, 125.187828
749.864990, 165.761536, 116.020782, 110.431053
754.294983, 159.865250, 120.165543, 119.859711
753.823669, 161.491165, 120.906815, 123.232788
756.204346, 161.411514, 122.215523, 125.691711
757.706543, 161.610001, 124.208046, 124.283745
758.707458, 170.951416, 114.223389, 117.268929
760.716064, 165.262024, 122.756058, 124.022469
762.785645, 163.243805, 121.815308, 124.569344
760.984497, 164.021820, 122.382996, 123.848198
763.279053, 165.856873, 121.578529, 122.092148
763.511230, 168.352631, 119.436111, 123.276581
761.772522, 170.215134, 120.709290, 121.645706
761.264038, 178.542877, 119.225548, 117.977089
