501.495392, 179.694916, 202.007416, 197.950943
514.120972, 176.179688, 194.343582, 198.184937
518.724976, 169.619568, 205.601349, 209.621429
529.695129, 170.609558, 191.667999, 197.766403
528.941772, 170.719345, 192.215027, 198.317093
546.261719, 171.761993, 179.241028, 184.018982
561.290710, 166.210663, 182.423553, 190.598663
563.517944, 167.898163, 185.928543, 183.681320
583.060486, 159.743729, 187.394653, 197.037064
583.409546, 160.107544, 187.981430, 196.130905
593.180786, 161.940262, 187.929138, 196.330093
607.185913, 164.301941, 183.548477, 196.028412
613.776978, 167.309509, 188.095154, 195.230377
616.530945, 164.284836, 189.219574, 199.742126
616.364868, 164.247406, 189.076614, 199.864059
625.401062, 172.676559, 183.678513, 195.467758
627.113403, 173.005249, 181.289490, 193.159607
619.092957, 168.190414, 194.534683, 209.355103
619.489624, 171.331604, 191.761887, 208.600586
619.548401, 171.413849, 191.548676, 208.431274
619.582458, 170.343109, 195.523880, 207.972046
617.964539, 174.968491, 189.994171, 199.884399
615.338684, 173.444916, 193.310394, 208.516403
610.617004, 171.803879, 191.789490, 201.151505
611.556824, 172.054672, 191.376404, 200.087891
606.438843, 165.058716, 193.383362, 209.574860
606.352112, 158.628967, 188.643814, 200.874634
602.781189, 155.836548, 184.688644, 197.404190
592.996765, 151.099579, 187.732620, 193.944321
592.917603, 151.107117, 187.852448, 194.049622
595.182251, 149.525192, 182.877014, 190.013519
591.614868, 144.338989, 180.563034, 185.923950
585.268555, 143.644012, 181.256287, 180.606476
582.300232, 141.481384, 181.914841, 175.020416
582.067688, 141.306656, 181.976578, 175.638687
579.153931, 142.167435, 179.272659, 170.862686
575.246155, 142.373474, 180.266083, 172.286865
579.975708, 144.573242, 174.443008, 173.477203
572.362732, 144.219604, 178.089523, 173.209534
573.454468, 144.468964, 177.280136, 172.640060
573.007324, 143.844666, 175.973007, 162.291855
567.553650, 139.630188, 179.520844, 165.334366
573.419495, 140.231354, 171.570663, 157.950912
570.173950, 138.867554, 173.151566, 156.217621
570.122681, 138.956528, 173.037140, 156.162399
560.837219, 141.649139, 173.179230, 158.643890
568.554260, 148.009399, 164.766830, 149.328705
554.428467, 139.675842, 176.449020, 158.694794
559.818848, 140.726044, 171.623657, 157.271530
560.202026, 141.232544, 171.049728, 157.704010
554.433655, 139.614166, 176.934738, 159.505417
553.230774, 138.693634, 179.850555, 163.074158
558.948059, 139.610413, 179.429413, 163.932495
567.473694, 142.410233, 174.313278, 167.752289
562.233398, 142.611343, 175.636353, 164.468109
568.582947, 141.926743, 175.233749, 165.509308
570.088806, 140.416656, 175.795074, 166.019806
576.064392, 139.868835, 171.628571, 161.779099
577.855225, 137.530945, 172.850769, 161.569778
576.972961, 136.744843, 173.585052, 162.617584
577.635986, 136.478683, 172.143707, 161.107117
575.985779, 135.723618, 176.597458, 164.262466
576.436401, 135.741592, 178.075851, 162.234573
574.004639, 136.424286, 178.888824, 161.491165
574.172668, 136.821991, 178.776855, 161.522247
576.181213, 136.375824, 179.435532, 166.392090
575.944092, 141.811493, 178.135254, 163.977783
576.528748, 144.392960, 178.083084, 161.898453
573.909363, 146.943832, 181.457657, 164.116470
576.099060, 146.876678, 178.921387, 164.732147
573.597839, 148.466339, 182.335785, 166.883102
571.648743, 151.822418, 184.603333, 165.352570
570.448792, 152.626038, 186.260147, 168.099808
570.499573, 151.463715, 180.930237, 168.637619
570.515381, 151.541473, 181.099213, 168.650238
567.216309, 151.499954, 180.510925, 170.970276
564.365173, 149.895599, 180.203384, 171.835938
563.118225, 148.682495, 180.490829, 174.892258
565.311035, 147.836060, 180.026337, 175.974014
565.563293, 148.230957, 178.348984, 175.085312
569.283691, 148.662018, 182.200378, 175.945496
559.617615, 146.274246, 182.414474, 181.585358
557.284790, 150.774536, 184.989426, 184.746384
555.436035, 150.972351, 186.291901, 183.326767
555.802185, 150.516846, 185.574509, 183.745911
557.052917, 147.373703, 181.375809, 177.550171
561.490601, 149.124817, 180.209000, 169.844559
563.348999, 152.009064, 180.050339, 164.763611
565.460388, 152.763794, 182.485229, 168.696014
565.521057, 152.707321, 182.431366, 168.824768
565.054077, 153.253845, 187.435349, 171.110657
566.800720, 153.279587, 186.092865, 171.141220
568.477234, 153.057037, 180.429840, 166.909836
571.560608, 157.534119, 179.126602, 167.896973
574.479248, 156.836594, 179.033920, 168.977051
570.460938, 150.218689, 179.360291, 165.386230
568.742310, 146.992233, 179.746277, 165.753830
571.262390, 147.627701, 175.825562, 163.992050
567.938782, 144.161026, 179.189926, 162.064850
569.178589, 144.820450, 177.470978, 161.418640
570.279846, 145.533691, 176.448013, 167.464096
573.075195, 143.292816, 173.938766, 164.589310
569.185791, 141.811859, 177.283478, 172.765488
573.489685, 145.248138, 171.605515, 166.496552
572.066284, 145.915817, 174.501984, 168.145798
570.704224, 143.973907, 178.071121, 175.308075
581.975769, 156.761475, 167.708359, 160.025299
571.032043, 148.131653, 181.324661, 183.919159
572.506958, 146.637100, 181.630676, 178.860016
572.703491, 146.654846, 181.835266, 179.142502
574.440308, 148.503677, 183.475769, 182.271133
573.989746, 150.365936, 185.533752, 185.887604
574.461243, 152.010376, 183.270172, 185.360016
573.766357, 152.255112, 184.905258, 189.006882
573.658752, 152.145569, 185.408432, 189.345093
571.890442, 149.483246, 189.424210, 190.761185
578.533752, 153.973145, 180.753876, 176.492050
578.069153, 156.109802, 180.800308, 173.081848
574.839478, 150.599701, 187.220306, 189.769165
574.933289, 150.593781, 187.015793, 189.555481
574.202820, 151.156250, 187.422806, 194.481201
578.458313, 161.365417, 181.305756, 179.361099
577.905396, 165.482193, 182.281403, 186.127716
583.347473, 162.044754, 176.864044, 185.422409
582.515076, 163.522293, 176.915207, 183.132507
582.549561, 162.629425, 177.120987, 185.296982
581.937805, 163.184616, 176.291061, 180.911224
581.066895, 160.977615, 178.776474, 184.063370
578.199219, 165.609589, 181.289993, 181.698837
578.367126, 165.767654, 181.087997, 181.197296
579.657471, 164.667145, 177.057159, 183.335815
574.364075, 165.151276, 184.941544, 188.917374
577.036804, 167.005234, 183.185242, 184.337051
580.478821, 165.251892, 181.019318, 186.667114
580.685059, 166.281830, 181.357727, 185.466797
571.654175, 152.409760, 189.300095, 191.711899
572.770264, 149.547668, 186.101242, 187.650055
572.010132, 146.164658, 185.482391, 181.655197
576.595215, 144.265076, 179.618500, 168.190506
576.603760, 143.703033, 180.456360, 169.143219
576.175476, 141.840424, 177.742294, 164.355576
582.718384, 141.091217, 171.426956, 170.240463
582.644043, 143.256348, 171.028183, 159.622787
582.116272, 146.743774, 171.699707, 162.072250
580.325623, 143.779510, 174.292496, 164.669586
576.963379, 143.879761, 174.491470, 166.022232
577.824768, 146.823517, 174.305283, 167.880890
586.745728, 155.770111, 169.469391, 156.112000
582.763794, 150.514282, 172.930038, 162.742859
582.645081, 150.493286, 172.883789, 162.883942
582.068359, 152.205490, 170.551971, 160.312317
581.974304, 156.690308, 171.232895, 157.179443
576.951843, 146.540070, 177.892624, 171.129486
574.950195, 146.568298, 178.056503, 174.145798
574.856567, 146.824188, 178.140106, 173.818115
579.465393, 154.346130, 173.614166, 164.354706
575.209290, 149.728897, 182.168564, 177.798828
576.010071, 153.019775, 182.638092, 179.275467
579.247681, 155.477005, 180.189468, 178.706894
579.323181, 155.352524, 180.269104, 178.927444
582.281982, 155.021194, 180.929474, 180.893097
585.605103, 154.865585, 180.511749, 177.463028
588.364197, 154.230804, 183.957764, 183.675186
601.671814, 162.972687, 180.038696, 177.213486
601.693237, 162.943176, 180.132507, 177.266373
598.245972, 161.608551, 181.922836, 184.942413
596.262024, 159.134705, 187.963287, 192.256714
603.458618, 171.701981, 182.254059, 182.445496
597.932922, 164.514282, 188.697113, 195.122772
597.991028, 166.929810, 187.905884, 192.899399
594.076050, 166.163330, 192.174072, 201.496765
599.228699, 173.709106, 188.543060, 198.720230
600.976929, 188.440002, 179.994263, 181.906250
596.590820, 175.054962, 187.984512, 200.744186
596.733093, 174.821381, 187.940720, 201.180466
593.508606, 171.480057, 184.391876, 204.859116
594.029236, 178.545395, 184.700668, 197.246414
591.329834, 170.685577, 183.726089, 202.947525
592.561340, 175.566147, 183.897400, 197.867294
588.258423, 173.737106, 188.227905, 200.306549
592.754211, 173.484161, 182.019119, 191.948776
582.896851, 170.197311, 187.912369, 199.306595
583.619202, 170.028320, 187.313049, 200.047256
587.130676, 169.886536, 187.008102, 197.203751
594.160400, 177.045486, 178.507004, 189.964447
585.990051, 169.413086, 185.796555, 204.409119
590.426392, 177.543610, 182.215057, 193.731659
589.438416, 182.140167, 185.837250, 194.616745
591.035461, 187.974335, 185.425003, 194.366013
591.031189, 187.925385, 185.330429, 194.374268
585.672791, 182.972855, 195.109863, 210.090012
588.448914, 192.733887, 193.135422, 204.292664
588.866699, 193.908463, 191.728867, 201.267700
582.845520, 185.727295, 197.855194, 210.751205
583.990540, 186.704865, 196.011612, 208.642807
584.985657, 182.986664, 194.319824, 203.794785
583.782349, 171.711700, 197.486664, 214.799332
587.326355, 174.352249, 184.031860, 197.394470
583.916565, 165.820160, 189.364731, 196.651993
583.039429, 166.642822, 189.836838, 195.864197
591.349243, 167.118500, 182.491592, 182.858276
588.581482, 167.403427, 181.839035, 181.569977
578.585266, 165.624039, 185.017853, 181.396744
566.632935, 163.111572, 185.906235, 178.550079
566.486694, 162.843735, 186.062500, 178.504410
561.743408, 163.830032, 184.271469, 176.940887
556.945984, 162.220261, 191.230743, 179.620270
554.346680, 161.857971, 185.476669, 175.582733
550.522034, 161.051285, 188.438980, 179.044983
550.585571, 161.100403, 187.988983, 177.818863
543.205505, 159.316605, 193.685471, 179.065918
538.643005, 158.438477, 197.217758, 178.435455
536.596985, 161.029800, 194.063583, 174.872284
532.159119, 163.020065, 195.327560, 177.262238
531.341125, 162.628860, 196.935791, 178.067841
534.790466, 169.108429, 183.400223, 169.512390
533.593994, 170.746353, 181.124359, 167.995575
535.013611, 166.643631, 182.046143, 173.898132
541.260132, 169.967606, 173.735580, 166.077728
538.196655, 169.143890, 176.798950, 168.278824
536.501831, 169.661865, 175.520737, 166.412979
531.429626, 166.209671, 177.371994, 164.950394
530.562927, 163.570007, 179.371826, 162.224945
523.553284, 161.342651, 191.550995, 171.822433
524.810547, 162.194122, 190.834610, 173.187088
525.610535, 164.434814, 190.973297, 174.544067
531.200317, 162.199341, 187.297241, 167.630508
530.183289, 158.469574, 199.123260, 178.531586
536.789185, 162.927078, 185.217270, 172.839569
536.078125, 163.444702, 186.634598, 172.968262
538.975098, 161.539627, 191.623016, 179.564026
550.297546, 164.660645, 189.803513, 184.293671
554.471069, 172.535965, 184.263153, 179.878860
553.342590, 167.550873, 186.932556, 193.074081
554.492371, 168.511505, 187.236694, 192.887650
556.055298, 170.262421, 190.684662, 196.336349
568.700684, 179.324646, 182.545288, 187.351257
565.959534, 177.154724, 187.376373, 188.334061
569.744446, 173.602585, 186.207230, 194.786316
570.270691, 172.903656, 186.065338, 196.163498
571.696716, 170.729172, 186.919647, 198.416138
568.531372, 170.919327, 191.291672, 201.697449
568.980225, 172.431671, 189.408524, 197.004852
568.616150, 172.299820, 188.400101, 196.512787
567.615723, 171.054916, 189.637238, 197.621948
569.651306, 171.012527, 187.971527, 197.594162
573.922363, 169.903381, 183.601959, 189.407776
573.707520, 163.935135, 186.730118, 187.638428
574.563232, 161.838287, 189.029800, 190.407974
574.961121, 161.764389, 189.708313, 190.587631
577.989441, 159.054245, 184.856995, 186.533844
580.043457, 157.065033, 184.403717, 186.697067
579.842468, 167.062134, 182.308182, 180.603592
581.267090, 156.324127, 185.877136, 194.443024
581.607361, 155.413544, 186.860168, 197.027069
584.210876, 152.854141, 186.254349, 189.280167
587.888794, 151.715454, 180.601334, 185.091003
585.614746, 151.391190, 181.162659, 181.969620
592.616638, 153.475815, 179.725983, 181.973145
592.112854, 153.202133, 181.083405, 182.736206
593.161499, 148.845581, 175.298386, 177.649536
595.790039, 151.198380, 177.099686, 177.150085
590.823669, 147.327606, 185.121994, 179.640900
589.371277, 147.021820, 185.325256, 184.462357
588.999634, 146.834366, 185.643372, 184.430527
589.227295, 144.340591, 186.109497, 186.638046
588.991638, 147.062698, 184.632248, 183.030899
590.198853, 145.586166, 183.803894, 182.489334
590.957825, 145.256622, 180.004105, 178.386520
590.671265, 145.198257, 180.047516, 178.255005
595.721130, 155.010010, 170.094803, 162.835953
587.797302, 144.611526, 176.844193, 183.559586
579.139893, 144.637054, 183.365250, 189.322220
576.103882, 152.060562, 177.555481, 176.380569
574.623352, 151.005173, 179.704758, 180.281433
573.831726, 145.180939, 185.041412, 182.724380
568.783997, 144.615219, 186.507324, 190.269852
570.543457, 150.790298, 185.837494, 187.927475
569.044189, 149.574097, 182.455688, 186.859375
569.314941, 151.749069, 178.979553, 180.639114
569.289307, 148.955200, 187.451920, 188.628098
571.644165, 159.666748, 183.837357, 181.643768
573.366272, 151.783005, 182.748032, 186.887817
580.473938, 160.185120, 184.114395, 185.710709
581.222473, 160.353363, 182.936050, 185.786179
575.576599, 153.615158, 186.169479, 193.947174
585.022095, 158.061691, 182.879150, 195.663757
590.567932, 164.696793, 179.075256, 185.111572
585.682861, 161.854919, 182.588440, 192.843216
598.100952, 170.359451, 178.101547, 183.870407
594.918213, 167.555206, 183.039948, 184.942123
589.551880, 167.680161, 194.962875, 205.560791
604.885803, 175.409485, 180.944916, 181.561905
603.683289, 172.909271, 185.320526, 196.821915
603.986755, 172.908646, 185.176056, 197.987595
589.910034, 173.080109, 191.529083, 201.042465
584.856506, 175.563156, 196.872604, 205.660797
579.558838, 177.462921, 189.703140, 201.091003
579.626587, 182.710922, 190.130829, 203.677246
580.100830, 183.077209, 190.289352, 202.648209
577.662781, 194.484650, 181.905380, 188.626541
569.627502, 180.357605, 189.760605, 202.099136
559.387451, 193.759399, 186.851410, 186.134933
554.335754, 190.446716, 188.241837, 181.522446
554.431946, 190.398773, 188.119537, 181.574844
561.490845, 177.614532, 189.214279, 197.219177
562.944275, 181.078033, 190.146149, 191.638229
558.186951, 175.619186, 195.215210, 200.875916
559.538574, 177.458862, 187.707977, 197.991821
559.352905, 177.550507, 188.148834, 198.431183
555.053528, 188.461914, 180.688156, 183.044693
561.139771, 180.315781, 184.726883, 196.015625
557.773376, 173.500931, 189.237396, 195.151123
556.396606, 170.095154, 187.817291, 190.529907
556.484497, 170.181564, 188.145813, 190.829636
547.708557, 173.586868, 193.073746, 187.395309
552.348816, 174.510056, 183.152161, 178.901611
549.931641, 172.963287, 182.751999, 180.274109
547.317078, 167.916382, 185.763840, 184.512802
546.661316, 167.734314, 186.210754, 184.665344
544.811218, 163.802460, 183.427948, 177.215073
546.137634, 163.093765, 179.761963, 175.248367
552.345398, 161.816254, 176.182617, 168.502228
543.906677, 158.360489, 186.859283, 173.687119
543.142029, 158.363708, 187.395844, 173.692062
541.784729, 157.759552, 186.341675, 170.129578
541.304443, 157.915405, 186.645370, 170.115356
540.968994, 159.638885, 182.545151, 170.311554
538.837891, 156.070740, 187.327484, 178.362335
538.957031, 156.051880, 187.093796, 178.154984
539.554321, 163.009766, 189.194687, 186.865067
538.176514, 163.844055, 185.309692, 185.577454
537.341309, 167.309875, 187.614609, 189.112976
537.616028, 165.854828, 190.091385, 190.121384
537.003296, 165.205994, 190.274490, 190.890656
538.684387, 166.377182, 188.828735, 190.032501
539.710205, 166.478989, 187.696518, 186.797806
543.730713, 172.075470, 187.134811, 183.185593
541.867676, 170.540649, 190.157867, 186.264282
541.965637, 170.371857, 191.160934, 186.918488
547.635193, 174.864899, 189.533157, 180.542801
552.413940, 174.798599, 194.391281, 186.694199
572.278015, 177.973419, 182.580002, 178.945328
581.757813, 184.584534, 182.108261, 183.236313
581.914490, 184.565918, 181.947845, 183.182587
578.276978, 181.900986, 191.736938, 197.083145
574.470093, 183.507233, 189.845734, 194.918732
571.429199, 183.111603, 201.229126, 203.960327
571.458984, 189.766922, 197.283279, 198.669327
571.760864, 189.344574, 196.080856, 198.931747
577.951050, 194.695267, 191.608215, 198.390259
564.194885, 193.636810, 196.272903, 207.097122
563.287109, 196.454163, 192.522003, 194.472107
569.426453, 205.630676, 194.821808, 187.041565
571.003174, 206.781403, 192.622238, 185.818558
563.582825, 208.270599, 181.762482, 174.275024
557.489197, 203.258484, 184.208969, 174.978287
541.354065, 187.940582, 197.922729, 187.658569
538.543396, 182.379410, 193.878525, 182.572021
538.053040, 181.338715, 194.401047, 182.944794
545.226379, 177.047974, 182.788742, 176.480850
538.838196, 168.768448, 184.786682, 185.866058
543.148865, 168.446976, 180.016388, 177.151596
540.841309, 162.800171, 181.234619, 175.368240
540.841858, 163.543060, 181.804199, 175.592255
542.194458, 159.219498, 180.773163, 179.547684
542.267456, 154.053604, 181.905518, 179.603622
542.108337, 151.210220, 187.961960, 185.835129
547.737732, 155.026978, 177.214111, 181.662125
548.515686, 156.911453, 175.506058, 178.386841
549.918091, 159.794220, 175.233170, 167.107941
553.218140, 159.312088, 174.089478, 163.945877
558.129944, 153.066895, 175.225876, 161.780731
562.363037, 151.524704, 171.310455, 158.771072
562.021484, 150.289001, 171.110275, 157.574173
565.354065, 152.752335, 171.831955, 159.731033
567.441528, 150.598816, 174.013306, 168.894623
568.122864, 153.779663, 177.101761, 171.628464
569.193298, 150.551514, 183.683807, 177.801849
573.117676, 151.815521, 177.331604, 172.040314
571.834290, 149.810730, 179.603500, 180.706161
574.671143, 151.481522, 180.242889, 185.130020
577.390991, 151.640396, 184.337509, 190.612289
587.156189, 159.172577, 180.900620, 185.996353
588.421021, 157.916977, 179.879532, 185.576752
585.890686, 158.238419, 182.923447, 190.545639
589.978516, 171.432831, 183.145172, 183.869659
594.290283, 166.938232, 182.662918, 196.810562
599.339600, 184.606354, 180.460083, 182.834488
599.219910, 184.588776, 180.354156, 182.844803
597.923889, 171.496964, 188.023636, 205.064896
600.657776, 186.557739, 183.144287, 188.588913
597.180603, 176.422501, 190.944626, 204.842957
597.720703, 180.586975, 192.487854, 204.800446
598.013794, 181.638458, 189.636353, 204.859634
598.278809, 184.474686, 188.850922, 203.908112
600.776550, 185.063934, 185.886780, 197.318756
595.365356, 176.259064, 192.949051, 213.258942
593.623962, 178.433380, 187.812637, 201.796082
593.923462, 179.272278, 187.645355, 201.160355
595.696167, 170.563217, 186.453018, 209.470535
596.058716, 172.262268, 190.473907, 209.005951
600.091736, 177.235443, 183.638702, 195.747574
590.179626, 166.292847, 191.510681, 210.116608
589.779053, 165.749207, 191.627991, 211.029129
589.107117, 163.512451, 188.537140, 207.392334
585.392822, 160.114258, 187.893463, 201.669037
589.982788, 160.143433, 185.998352, 199.327866
586.874878, 154.990768, 187.673828, 201.436249
585.806274, 155.483322, 187.582977, 199.340622
585.525208, 154.378433, 187.082260, 198.657761
585.687927, 155.521729, 186.152664, 196.059616
591.526245, 171.166229, 182.848282, 182.215164
577.763916, 167.849213, 192.769867, 202.992279
578.658081, 168.111206, 191.667877, 203.175522
583.184021, 178.925049, 190.975632, 198.765839
580.786011, 181.351593, 190.295349, 203.195465
578.655396, 194.433228, 190.158554, 189.465393
577.766052, 182.553772, 195.664520, 203.521378
577.605469, 183.309753, 197.440231, 203.000122
576.874573, 199.832474, 188.460785, 193.344345
575.760376, 198.977188, 189.776291, 199.369324
575.950684, 195.488953, 186.889465, 195.444565
572.138733, 193.571014, 187.982239, 196.875076
572.072571, 195.737946, 188.702972, 194.592499
568.661072, 185.713409, 186.339981, 196.588364
567.436340, 183.138062, 193.151123, 204.423264
565.545105, 180.552551, 185.988846, 192.965561
576.072205, 185.239990, 179.677917, 184.604446
576.451721, 185.521179, 179.792023, 182.358154
566.415710, 182.690979, 190.921631, 191.789429
576.290100, 195.929840, 185.730713, 182.385208
564.420227, 189.471329, 190.748550, 190.966934
571.624268, 188.418884, 182.541809, 185.230042
568.608398, 185.561157, 185.932449, 186.190125
573.036377, 186.781479, 191.299988, 194.416565
567.371887, 179.512192, 198.897568, 206.383743
577.267090, 192.223984, 182.927979, 181.448868
567.687134, 180.127151, 185.817719, 194.587830
567.808228, 180.014679, 185.659515, 194.742737
573.051331, 183.446533, 178.121521, 183.118530
564.680359, 177.997528, 187.134995, 186.786484
563.969727, 180.912048, 179.638153, 180.554352
555.970703, 182.365540, 185.070389, 182.280457
556.045776, 182.706558, 184.364288, 181.690552
548.135803, 176.237640, 186.678955, 182.857208
542.828796, 174.578064, 189.244461, 182.907898
549.533020, 180.832245, 180.880646, 178.556961
544.254822, 177.738586, 181.977722, 178.676041
544.215393, 177.615326, 181.949371, 178.847092
545.204529, 179.312073, 180.214737, 175.294556
543.224915, 179.040085, 181.658081, 175.997681
536.467529, 176.364075, 182.224701, 175.207184
533.508118, 166.434769, 192.306137, 184.782959
534.733093, 166.933762, 192.228577, 183.082199
534.390442, 167.781738, 191.392914, 183.087738
543.933716, 168.623291, 184.969833, 185.032471
552.761841, 182.844421, 184.030411, 181.944290
557.809265, 170.601471, 188.276047, 190.359268
557.637207, 170.483810, 188.456436, 190.542221
563.413879, 169.538696, 188.968292, 193.418747
571.228821, 167.528702, 187.495453, 195.123901
579.221313, 166.336334, 184.529236, 191.013794
585.898193, 166.757431, 186.564346, 192.415588
587.382874, 166.605865, 184.888748, 192.635193
593.605591, 167.466797, 182.512390, 194.399048
596.319458, 165.201157, 187.760147, 198.332703
603.045532, 167.239746, 185.251862, 197.608154
612.561951, 169.645798, 181.233994, 189.155441
613.872131, 170.201950, 180.962875, 188.210175
608.261658, 181.459503, 180.034409, 181.950165
611.126953, 180.003510, 181.173813, 186.056976
614.095276, 172.085266, 185.635056, 195.217529
610.253296, 171.474548, 184.331650, 198.041962
610.218201, 171.970459, 184.579193, 197.712570
604.907471, 170.992752, 188.811798, 201.670105
606.702209, 172.090485, 186.210373, 199.135040
602.613159, 175.574127, 187.436035, 195.529449
599.892212, 171.583130, 188.134476, 201.948990
599.808105, 171.509659, 188.167114, 201.996979
599.464478, 170.799545, 186.357437, 201.907776
599.880981, 171.727249, 188.035355, 201.597916
601.382874, 172.073029, 187.951569, 202.441849
603.012878, 172.471725, 190.709610, 203.491196
604.392273, 173.320618, 189.793625, 202.988083
605.385132, 171.004974, 188.777771, 198.906204
601.983765, 170.920425, 188.465820, 196.688278
606.721008, 176.757660, 184.388229, 193.600815
581.500488, 174.371521, 191.288834, 197.546295
584.291260, 169.397690, 188.189026, 201.296463
562.953125, 171.254044, 190.002243, 194.818390
540.828491, 179.110931, 194.019028, 189.321777
530.180420, 193.493637, 187.869339, 177.250031
503.983429, 190.457199, 211.374741, 194.416504
505.572998, 189.168411, 209.967728, 193.880997
499.622009, 193.590668, 208.335922, 188.792084
502.635925, 193.716858, 209.456619, 192.320007
510.755310, 185.884232, 203.090851, 191.751099
510.933838, 186.174896, 205.705246, 198.477692
513.864136, 185.845062, 202.059616, 192.425430
513.600342, 185.933350, 204.182251, 189.725235
510.225800, 183.484436, 204.871002, 198.939270
502.419037, 199.993942, 207.026245, 189.607101
493.830383, 197.737366, 202.767715, 194.309433
494.913788, 197.994171, 201.228149, 193.581406
481.485596, 196.297226, 211.545486, 198.755432
476.369507, 195.112061, 217.093933, 203.246704
458.064301, 188.287811, 221.438965, 203.852158
462.004425, 195.174774, 210.763412, 193.185135
462.086853, 195.289597, 211.196457, 193.534775
463.378967, 198.355881, 206.095413, 192.547485
460.905640, 199.723846, 217.034119, 193.484100
461.271423, 202.446640, 209.130280, 191.862732
460.108459, 206.092056, 205.622604, 188.296509
461.139038, 206.948380, 205.158218, 187.277908
458.269104, 210.306519, 206.498215, 189.208862
449.467560, 202.743347, 211.555161, 194.915100
441.699341, 197.340775, 215.798172, 199.186127
453.142090, 209.355804, 208.330444, 184.300522
453.836365, 208.791672, 208.542816, 183.990326
453.303650, 194.284592, 215.285049, 195.944412
472.049255, 202.691772, 209.202896, 199.363434
479.992371, 208.022461, 208.935303, 190.892929
485.142273, 192.494263, 216.935608, 203.003494
485.745483, 192.631027, 215.773163, 202.133621
494.019470, 195.152222, 208.072403, 195.971222
510.318787, 194.163696, 211.143433, 195.319885
520.156372, 194.402435, 203.881577, 196.036606
532.345581, 192.084793, 204.070221, 196.235565
532.432190, 195.054535, 203.100677, 194.604919
542.067688, 186.396637, 201.379974, 202.365494
550.104004, 195.159317, 204.556641, 197.499420
560.766479, 196.531525, 196.957794, 196.356400
570.212769, 195.798767, 195.251511, 196.778397
569.169312, 194.501007, 195.496796, 197.550186
575.980530, 191.605103, 197.927139, 197.013229
582.737976, 182.471222, 199.324509, 212.112991
590.856506, 184.959274, 199.094345, 211.628891
597.779175, 188.692078, 203.450180, 213.708710
598.591736, 188.450287, 202.705688, 212.681259
605.174622, 191.337036, 198.964417, 203.610687
608.629517, 194.221100, 190.717865, 196.878754
608.444336, 199.572815, 194.245224, 189.831390
603.502441, 195.180801, 197.134201, 189.333633
603.598511, 195.868637, 196.684723, 189.215973
597.918152, 189.713654, 189.477142, 186.274963
586.037537, 195.970230, 199.186020, 189.732224
578.771545, 193.016800, 200.122604, 199.275726
565.656799, 191.932312, 202.066483, 201.108292
565.516968, 191.865173, 201.856049, 200.288559
553.544800, 194.722626, 202.912659, 198.626785
537.999878, 190.469711, 208.405838, 207.846466
526.605164, 195.032928, 205.762833, 200.718048
513.129333, 188.898682, 205.914307, 196.483353
513.633179, 189.056274, 205.581940, 196.182693
509.335175, 214.904465, 190.736954, 180.541336
495.185913, 216.542160, 203.940109, 189.270203
483.507935, 217.222153, 197.316391, 182.935898
478.700165, 219.063156, 181.285461, 167.982452
468.079865, 194.914978, 201.828949, 196.408218
452.728546, 192.251709, 203.421127, 196.157150
443.645996, 203.283630, 213.055466, 192.421768
443.115723, 204.668488, 207.106262, 193.615402
438.143982, 208.890488, 208.483017, 190.882156
438.188293, 208.838547, 208.695847, 191.020111
441.482300, 221.959641, 187.359650, 172.731354
429.298340, 208.437408, 207.125031, 182.865662
434.147461, 210.463257, 201.309021, 180.677872
434.224182, 198.457489, 197.289551, 180.819107
434.222839, 198.557373, 197.125198, 180.660294
436.697693, 188.633972, 209.968170, 189.555634
446.294739, 194.474701, 204.150436, 187.966736
455.968353, 195.210693, 203.987747, 186.333389
472.823242, 189.486267, 197.346909, 183.171402
472.721649, 189.347610, 197.272385, 183.295715
489.171082, 181.767944, 194.292892, 178.068466
510.514954, 173.121307, 187.007004, 173.213486
526.642212, 162.755829, 187.347702, 175.467758
546.803162, 155.414597, 182.837067, 174.159042
546.787964, 155.396088, 182.613007, 174.048325
565.113770, 149.527649, 175.489304, 172.162048
569.361145, 140.946259, 186.068100, 182.159637
580.677490, 138.861862, 184.546753, 179.873657
593.377441, 140.948883, 179.791077, 172.593460
593.432556, 141.242615, 179.804367, 174.013779
595.294861, 138.882446, 183.841522, 173.184128
601.614136, 136.046295, 186.547012, 179.581772
602.646362, 135.364990, 191.018280, 182.975143
603.024597, 138.333130, 186.113464, 181.111176
602.718323, 139.473770, 186.377090, 181.180405
600.354858, 142.444153, 185.184937, 182.982285
597.900879, 143.850220, 185.530151, 181.048065
596.413879, 145.016846, 182.742172, 177.633438
592.569031, 148.906677, 184.771179, 184.590515
592.103943, 148.014572, 185.111481, 185.493469
588.039917, 145.271835, 189.041580, 187.125336
586.314575, 150.026459, 184.012009, 184.237823
583.145752, 149.101379, 181.004013, 182.662399
582.713928, 146.066391, 183.851349, 185.683212
582.698669, 146.128723, 183.782486, 185.580200
578.263611, 148.210510, 182.679047, 175.573318
577.231567, 147.954620, 181.827515, 177.945648
578.614807, 160.180115, 177.520126, 171.765366
575.521240, 150.588745, 183.822113, 185.640518
575.490845, 149.932068, 183.894379, 186.056381
576.493958, 151.406769, 182.971832, 183.240845
579.141724, 152.668854, 182.671921, 188.480331
573.497986, 152.416306, 188.526428, 192.958557
578.167419, 153.731567, 185.348755, 190.666763
578.137451, 153.760391, 185.409943, 190.635376
590.001587, 157.952667, 178.430511, 183.836349
582.948792, 154.210892, 183.518356, 189.328979
582.466248, 154.325027, 187.055038, 189.217804
590.977905, 155.749847, 182.967239, 187.655777
592.268005, 156.003052, 181.934113, 189.694183
586.659363, 149.995270, 189.221085, 194.982849
589.872742, 150.529877, 188.283356, 192.104797
590.490356, 150.389313, 189.250946, 192.511017
596.624023, 155.085327, 186.407837, 191.031326
592.029663, 151.817444, 189.191467, 193.376907
593.374939, 151.022095, 189.104828, 192.821609
592.244751, 150.634415, 190.045715, 194.349472
597.300964, 154.329285, 180.438339, 191.221085
589.675415, 154.289215, 190.294403, 197.368927
591.388123, 155.347595, 189.225113, 195.086014
589.164551, 154.346222, 189.214966, 196.667816
586.744324, 152.514008, 191.147186, 198.998734
595.780518, 155.029022, 182.816025, 190.831879
596.735046, 153.873322, 184.815277, 192.344879
595.790405, 153.093201, 186.767609, 192.615692
599.959106, 154.363373, 187.300949, 193.052689
608.685425, 157.408020, 185.734421, 192.031738
613.211609, 158.928665, 186.601959, 188.423767
619.733887, 161.194977, 184.495468, 188.421707
619.893372, 161.222626, 184.478073, 188.346359
623.550049, 163.883453, 188.617859, 194.482300
630.333496, 167.853989, 186.697723, 191.060211
632.228882, 163.776688, 182.288406, 193.180374
634.365112, 168.581268, 191.110138, 192.346680
639.411072, 164.189682, 182.644897, 193.626373
634.171204, 160.870880, 188.376724, 196.833267
641.610168, 161.493362, 187.846649, 188.028519
645.997864, 159.733856, 191.012985, 188.242691
648.327454, 162.622803, 193.672379, 194.858932
647.852417, 162.808167, 193.804062, 194.421783
651.695251, 165.717575, 194.046753, 191.714676
651.115967, 157.306656, 195.121399, 195.912109
653.549927, 166.271683, 195.551788, 194.504044
651.089539, 166.652283, 195.781204, 193.610153
650.902893, 167.087448, 196.114944, 193.155502
648.146973, 164.385193, 197.058655, 196.469040
645.952881, 165.005310, 195.831863, 197.280991
646.024597, 164.950287, 193.023270, 193.479889
640.914673, 159.768097, 196.902222, 205.358566
640.646118, 160.000946, 196.718430, 205.905594
641.004761, 165.795319, 197.200180, 198.217499
636.849792, 160.844910, 195.076157, 200.570511
639.102539, 170.655655, 190.998306, 193.417542
637.223145, 170.690231, 189.484070, 193.264816
635.609924, 167.935822, 189.859848, 200.459015
642.687622, 169.848892, 185.305603, 194.817612
636.970703, 165.759583, 188.106995, 190.519836
633.171753, 158.788361, 188.893631, 199.162979
632.281006, 158.742615, 191.804535, 206.130615
632.008850, 158.425247, 191.952423, 206.488922
621.136475, 154.904999, 193.584106, 204.583817
625.791992, 158.142929, 188.139893, 192.804947
622.296936, 151.750458, 187.900269, 198.617676
621.014648, 150.507111, 187.083023, 195.124466
621.379944, 150.082153, 187.116287, 194.534866
617.522156, 148.151810, 186.323471, 195.722046
614.281738, 145.128876, 187.194916, 193.296646
613.868774, 147.962250, 187.581589, 192.212830
614.084839, 146.666702, 182.880859, 192.280197
615.492310, 149.542404, 182.353622, 191.186630
614.725769, 153.673828, 175.620667, 187.639130
612.695313, 154.160934, 183.025330, 191.803192
609.651245, 157.794693, 183.767929, 193.819366
605.761597, 159.222641, 186.371231, 195.937683
605.780396, 159.185715, 186.418793, 196.054642
602.360596, 159.858521, 190.874756, 202.731613
604.306213, 162.319977, 184.855042, 199.504181
600.319519, 158.991379, 187.564697, 201.217331
596.171997, 155.263290, 186.062241, 198.264709
596.952209, 155.252930, 187.501633, 200.483994
592.343872, 154.414307, 186.444061, 193.775467
592.804993, 151.907410, 182.239319, 188.089081
595.261841, 146.672165, 182.535522, 185.703461
599.516785, 148.007324, 182.116653, 181.978088
601.195557, 148.492310, 180.691818, 182.300766
594.273926, 143.923157, 183.366318, 185.339478
603.177612, 147.772537, 180.386673, 180.325821
598.202637, 145.033875, 179.468979, 180.695938
594.161682, 142.482986, 185.413971, 184.659470
594.085266, 142.586670, 185.326645, 184.690231
599.641357, 149.795868, 182.790695, 186.134293
589.152527, 145.299622, 188.178635, 194.770905
597.686401, 154.053879, 183.613434, 189.084000
591.049500, 153.231262, 185.846634, 188.500809
591.298889, 152.518661, 186.230728, 189.116730
588.696106, 152.194016, 188.172714, 192.032303
587.435547, 158.227524, 184.544983, 193.984055
585.632202, 159.827637, 188.212341, 198.297714
589.387817, 164.149567, 182.515549, 193.247589
586.728455, 162.698288, 185.756607, 196.194153
586.269104, 167.469330, 186.014114, 195.449036
584.518066, 167.171570, 185.749741, 197.338120
585.893066, 170.408615, 186.075348, 202.511002
578.904541, 170.114746, 189.400269, 205.401733
579.415588, 169.687836, 189.578018, 205.724075
585.319214, 181.458282, 183.753616, 188.909683
579.715027, 176.644485, 185.562042, 198.113266
578.248840, 177.966629, 185.080170, 198.370499
576.500916, 180.026016, 190.540878, 201.113251
576.258606, 179.751907, 189.975021, 201.125748
568.559326, 178.271851, 192.317474, 206.108139
565.447693, 180.725555, 192.028976, 205.591614
557.006775, 175.074524, 199.274979, 210.111237
563.025757, 185.352097, 193.367172, 195.476807
561.836243, 184.271988, 195.947479, 196.812012
555.408997, 180.889191, 193.688065, 199.195679
552.677673, 180.011093, 200.089279, 197.391586
544.181213, 180.095032, 202.559143, 201.634613
550.443237, 185.658844, 196.661911, 197.140945
550.755676, 184.093658, 196.884827, 198.970444
541.171082, 185.806732, 197.790802, 187.420685
541.290161, 184.515472, 196.966675, 183.461548
546.462708, 182.389679, 194.344833, 185.138336
541.050659, 179.904724, 194.664413, 182.362350
540.913574, 179.864594, 194.858475, 182.109711
536.983459, 173.691467, 199.298538, 183.081497
540.075378, 171.692017, 193.416565, 182.113297
538.387329, 168.482330, 192.993225, 183.931290
534.495605, 162.417908, 194.287186, 181.154037
533.601379, 162.161652, 194.953171, 181.108612
536.541748, 163.789124, 188.792694, 171.556259
530.080505, 159.198441, 191.075928, 174.572617
531.498047, 161.741089, 193.413284, 183.858810
530.843201, 170.487488, 183.419876, 175.451569
526.577637, 164.934875, 190.541824, 179.591812
518.398743, 161.573471, 190.940216, 180.423630
511.867554, 166.126434, 195.085297, 173.372467
505.125854, 161.890030, 203.459686, 180.484406
501.625458, 164.674011, 204.031693, 180.140930
502.899384, 163.823776, 203.438461, 180.169449
502.796509, 162.491791, 204.103333, 182.221497
503.429565, 164.307785, 204.797134, 179.821716
503.684357, 161.819534, 210.600128, 186.678253
508.613342, 164.444153, 199.287262, 182.023529
508.435577, 164.802979, 200.009979, 181.445770
507.115662, 173.973267, 198.835541, 174.278671
500.395874, 171.327026, 199.437912, 177.043579
505.883301, 181.021454, 193.803085, 172.735504
496.631958, 180.569366, 200.074219, 181.885803
499.707123, 179.911148, 199.973495, 183.598541
493.312866, 195.764694, 191.889374, 170.645233
490.423401, 178.787109, 198.963699, 186.599228
504.963959, 187.713699, 189.135269, 177.791901
497.094482, 183.913010, 200.008255, 179.079208
497.089081, 183.899841, 199.900345, 178.951065
501.079468, 174.839584, 196.093216, 185.191437
507.439484, 174.150146, 197.764175, 181.701385
507.278473, 169.731171, 202.287582, 186.484802
508.701141, 172.866882, 200.560852, 179.933304
508.526062, 172.863800, 200.915039, 180.098541
511.875610, 176.545334, 200.277542, 178.728745
512.240173, 178.000381, 202.306107, 180.454956
513.339600, 176.167267, 202.231567, 182.796051
513.096313, 172.896423, 203.048447, 184.318787
513.249329, 172.933212, 203.052231, 184.183273
512.458069, 175.394836, 202.769958, 180.448730
517.578918, 175.866989, 193.269577, 169.993164
508.083282, 162.908936, 201.843628, 183.208664
509.599060, 165.797363, 199.607620, 185.308243
517.347046, 171.903656, 190.877151, 178.192505
513.754822, 172.545532, 198.455322, 179.532745
512.277649, 173.216522, 200.338852, 179.273834
506.077789, 168.704773, 202.938339, 182.933273
509.122253, 176.780014, 195.404922, 179.486649
508.141296, 177.665131, 193.665497, 177.268417
505.476746, 176.279846, 198.093109, 182.314758
502.512512, 177.621582, 192.263474, 181.263153
496.981293, 189.057281, 198.695923, 175.928558
492.820374, 184.428406, 200.349533, 186.405655
492.917175, 184.330139, 200.221054, 187.158386
475.816040, 174.678528, 221.601151, 204.843445
484.575165, 185.384445, 205.504227, 198.197189
494.218262, 196.071030, 199.795822, 190.513580
495.986359, 196.051483, 200.857300, 191.501297
495.607208, 196.731445, 201.673111, 190.861771
497.031799, 192.230911, 206.034988, 194.541504
498.928711, 193.639755, 204.769592, 187.110275
512.484131, 199.969421, 197.136032, 180.728027
509.857391, 186.258957, 213.118103, 194.644058
509.898743, 186.106125, 212.466415, 194.149887
522.029053, 197.973618, 204.077347, 188.529739
534.579712, 203.267868, 200.304260, 183.853088
527.526917, 198.189102, 214.949829, 199.132416
537.734009, 219.060806, 198.203674, 182.018555
531.666321, 206.998138, 206.943771, 193.163956
527.467041, 193.786224, 216.598145, 203.230804
524.866943, 206.024384, 230.003738, 214.563751
519.287781, 197.882416, 215.782333, 206.415558
517.630554, 200.980865, 217.283783, 208.529724
517.907166, 201.822418, 217.700943, 210.740112
522.150024, 210.438873, 210.784958, 203.407242
504.557800, 197.001511, 228.317047, 219.855957
502.893463, 199.324554, 217.551743, 209.879807
496.620880, 202.230560, 215.300644, 208.668182
496.629211, 202.346802, 215.217941, 208.460999
496.985443, 201.700638, 212.217606, 205.347046
497.795227, 193.901398, 224.892517, 212.657700
501.561768, 194.761383, 220.245972, 209.118286
517.444153, 202.821701, 198.088181, 184.894608
517.475830, 202.804703, 197.928848, 184.720825
512.893921, 184.814804, 205.574127, 191.117554
522.512878, 193.701584, 192.684998, 178.605377
525.544312, 185.560959, 192.908234, 181.785461
535.700928, 181.413422, 186.414886, 175.471634
535.553345, 181.280457, 186.444000, 175.846146
537.527039, 173.946365, 190.420609, 181.886749
539.983582, 172.064240, 189.543488, 178.160858
544.232727, 165.732437, 187.671188, 178.433182
547.145325, 161.163666, 190.921692, 173.648331
547.858521, 161.086334, 190.825790, 175.277084
551.235962, 155.951706, 190.333847, 176.134628
560.086060, 157.542877, 180.317993, 168.984970
565.696594, 153.738922, 176.135681, 162.968613
566.030701, 149.406036, 170.742767, 160.130692
566.002686, 149.366592, 170.734009, 160.096146
564.987854, 143.076050, 169.901489, 159.347031
568.607239, 145.252380, 163.020676, 144.230896
569.084595, 142.088303, 162.816223, 144.870163
567.267639, 137.875916, 163.156448, 146.126877
567.107910, 138.126801, 164.189011, 147.052902
564.281372, 134.857330, 165.047791, 146.917053
570.388672, 140.163727, 158.007111, 138.695572
571.012512, 141.627243, 157.915436, 132.525513
568.411743, 142.610992, 159.926605, 143.710983
568.294617, 142.521378, 160.328583, 144.003723
568.997803, 141.898560, 160.397461, 145.812622
568.028198, 142.030487, 166.568390, 148.233917
567.725403, 144.923660, 165.834732, 153.118164
568.132568, 146.895050, 170.213257, 155.845963
559.557983, 142.719269, 177.481827, 164.098801
564.374023, 140.062469, 178.088257, 167.575500
572.184570, 149.910156, 164.754868, 147.637970
565.637695, 142.628204, 176.314941, 166.629227
567.508789, 146.353912, 173.714340, 164.056870
567.735352, 146.294159, 173.570618, 163.955765
568.428162, 144.372849, 172.268280, 160.071686
567.373413, 144.611160, 173.645416, 157.486816
569.197205, 146.489700, 172.967957, 150.008865
570.185913, 141.085968, 175.045792, 154.152344
569.967285, 141.172363, 175.193924, 154.286301
573.480957, 142.200638, 168.436157, 150.780457
574.212524, 141.923248, 168.630524, 152.308090
578.932922, 142.859970, 166.591324, 152.869980
575.785461, 140.870010, 169.178238, 154.928116
574.569031, 141.210144, 170.128189, 155.278641
580.453186, 150.028931, 165.937119, 147.178345
583.363342, 149.459320, 165.275742, 152.209030
580.700500, 152.842499, 165.086090, 151.126846
576.092102, 149.998230, 175.670059, 164.683701
576.131958, 150.132568, 175.659164, 164.570938
585.527344, 160.826904, 166.965012, 158.550980
581.166382, 160.522934, 175.348724, 161.672424
587.564880, 162.397522, 174.886703, 162.500381
584.931946, 151.871094, 182.162766, 176.156967
584.730713, 151.596008, 182.711746, 176.398117
586.513611, 151.849777, 182.145508, 180.570267
590.113403, 155.453690, 183.070694, 184.711990
592.161926, 162.952560, 180.772278, 178.254059
590.882446, 159.619827, 185.076508, 187.018784
590.958069, 160.035812, 185.178635, 186.639481
598.842224, 160.330551, 176.613968, 182.164948
600.993408, 160.652756, 180.712540, 178.917709
594.961853, 159.900116, 187.434219, 188.971802
604.687134, 160.107422, 180.337341, 182.498367
598.543640, 158.890228, 185.515732, 189.508713
605.020630, 160.123474, 184.939407, 189.293152
611.916626, 160.096680, 182.870956, 190.622635
612.536438, 159.191406, 181.588028, 186.729645
609.180603, 160.889297, 187.307129, 193.025558
608.835815, 160.582336, 187.287476, 193.562332
614.155579, 163.350586, 184.746536, 193.069580
607.189209, 161.054382, 186.826706, 196.314590
606.789124, 160.383469, 187.771042, 197.804306
613.607666, 169.621094, 181.470642, 182.610382
609.370422, 162.775238, 185.193008, 194.286819
605.733948, 162.995544, 186.498383, 191.733414
608.092285, 162.164673, 187.954712, 198.095627
607.984070, 161.139282, 185.274475, 197.027847
606.722351, 169.238159, 184.309723, 189.058838
604.705750, 167.394897, 186.458740, 192.103638
603.880249, 166.774139, 186.565033, 195.982620
602.497192, 167.370041, 186.089523, 197.459488
593.574463, 166.589005, 189.337387, 196.303970
597.011047, 173.948151, 179.408997, 185.163147
596.567993, 174.087631, 179.403198, 186.212280
601.565063, 171.187958, 183.265137, 190.386047
597.658813, 173.972855, 183.327759, 189.549973
596.634766, 175.319504, 184.962845, 188.882187
591.028809, 175.483459, 189.290131, 195.940964
593.256348, 175.610306, 187.388214, 195.004898
593.538208, 179.135620, 187.444107, 193.740677
592.446899, 190.330414, 180.620056, 181.271561
594.385864, 179.864929, 183.929474, 200.678024
593.477051, 183.441742, 185.317947, 202.289108
593.422791, 183.414978, 185.326706, 202.415344
592.041687, 185.815018, 186.568253, 202.088760
597.424988, 189.175720, 186.222290, 196.807999
597.689697, 190.357315, 184.668533, 195.211334
597.822510, 190.145523, 184.735580, 194.839462
598.800659, 190.896896, 183.880829, 194.336609
590.936890, 184.334686, 192.630615, 205.145447
592.808472, 193.003021, 182.252365, 187.201172
592.313538, 189.327057, 183.535751, 187.221191
417.469391, 364.414246, 51.403046, 45.657146
417.423126, 364.515350, 51.642345, 45.875664
596.342102, 189.921341, 179.446869, 181.015625
593.223328, 174.928116, 188.677582, 201.509964
597.791992, 184.411270, 181.937897, 191.147202
601.309875, 179.869354, 184.269394, 195.187561
601.469604, 179.838120, 184.266815, 195.176041
599.330627, 173.891052, 187.800278, 199.730789
601.122192, 173.965637, 185.259293, 195.844971
602.150330, 174.085800, 178.222275, 189.003128
599.466309, 172.959076, 189.138290, 197.080978
599.747742, 172.608963, 188.364944, 196.952271
604.526428, 173.791443, 183.598251, 192.033890
603.768677, 169.645721, 184.264664, 200.554459
608.318848, 171.785873, 187.113510, 196.181015
610.456970, 172.826187, 187.874313, 197.072632
610.643921, 172.291794, 188.380707, 198.425446
609.607971, 173.243774, 189.520355, 200.524811
612.395996, 183.506119, 186.793442, 196.054031
610.195984, 191.436890, 185.988724, 197.511261
605.100220, 199.306671, 188.776123, 195.440887
604.992798, 199.373230, 189.171249, 195.939316
592.318115, 185.511536, 199.337982, 215.199341
589.363037, 185.268173, 201.935364, 215.311447
598.644287, 203.669312, 186.731812, 188.793442
584.128052, 186.321899, 202.160675, 213.527435
584.786743, 186.132492, 201.303345, 213.371796
593.657410, 200.507843, 184.764618, 186.204178
589.604614, 200.658035, 184.926559, 184.398849
569.049316, 178.034943, 203.435928, 213.935715
567.285095, 174.405258, 200.794449, 216.118454
566.787292, 176.143341, 201.986282, 215.960159
573.935242, 189.299240, 187.653351, 198.652679
579.422058, 190.959183, 184.231339, 189.065781
585.316040, 195.939316, 180.120346, 185.334030
585.038574, 194.041870, 182.918411, 188.662262
585.143372, 194.021149, 182.664230, 189.159302
590.567810, 195.342407, 178.771622, 184.490738
589.832642, 189.261810, 181.000793, 194.385284
589.247742, 187.970444, 179.536087, 185.618225
592.311829, 185.950226, 180.105606, 184.545654
591.984558, 186.117630, 180.133331, 183.600372
594.820129, 183.901398, 179.605453, 184.261368
592.731873, 180.572250, 179.766815, 184.832184
589.694397, 170.069977, 182.991425, 189.943726
590.469299, 168.796387, 185.869507, 186.825638
590.605713, 168.562225, 185.957901, 187.773331
592.224121, 168.484146, 185.024780, 186.272293
595.028076, 180.213684, 177.889099, 173.497345
594.348206, 169.023254, 184.514175, 187.375488
594.437378, 170.574356, 182.968048, 186.165115
594.358643, 171.218307, 182.847153, 185.896362
602.189392, 178.841553, 176.929749, 182.367508
595.298340, 175.893784, 184.315826, 190.380936
595.275269, 188.299622, 185.757477, 184.231750
596.479431, 182.271454, 186.626846, 193.946640
596.800537, 182.010269, 186.799362, 194.056335
597.733032, 187.190643, 179.400497, 181.354431
596.088928, 181.513550, 183.573227, 191.404678
589.251953, 182.546127, 183.716446, 185.265244
581.227844, 167.724030, 188.390030, 195.970840
581.180908, 167.813477, 188.439041, 195.885269
575.766113, 170.499786, 187.508179, 196.996185
568.895020, 176.808838, 185.835114, 195.314438
563.143494, 185.693268, 188.695984, 188.139206
558.119507, 189.420746, 194.237976, 192.356064
557.737061, 189.505646, 194.862061, 192.153549
554.152039, 191.076584, 204.393768, 197.317047
565.279724, 206.661957, 188.218460, 172.199661
535.684021, 187.909103, 215.390808, 194.990311
535.034912, 198.863525, 210.475159, 192.386292
535.656189, 199.625488, 211.750412, 193.521698
536.669922, 193.270782, 206.904572, 186.506226
559.781738, 218.395508, 181.933868, 161.705261
532.562561, 197.000671, 200.641022, 185.176285
525.328186, 192.881317, 205.308487, 186.109207
525.781982, 193.384933, 204.977142, 185.942001
540.077087, 205.088242, 196.008972, 179.103409
530.364563, 202.043640, 207.341644, 186.022476
537.792603, 200.549774, 198.478577, 185.424362
537.109192, 199.811584, 199.537216, 188.666870
537.154236, 199.955170, 199.465195, 188.541428
539.906616, 197.294464, 195.350174, 183.490417
540.875671, 195.403854, 192.591614, 180.659317
538.473572, 178.527374, 192.001251, 185.393875
536.229980, 174.469421, 193.191071, 181.772888
536.285095, 175.052612, 191.598328, 180.950363
542.504089, 170.642609, 186.422577, 177.892136
538.249207, 160.404785, 194.547791, 187.289246
540.381470, 162.464294, 188.261490, 177.427475
542.437134, 160.893005, 186.169174, 178.430466
542.079285, 161.172501, 186.561325, 178.746887
543.461243, 161.800323, 186.954483, 177.794968
545.576660, 160.303909, 190.616806, 179.687592
544.417053, 160.033264, 191.638016, 180.308365
544.898621, 166.634720, 187.405426, 174.445465
544.688538, 166.654663, 187.633636, 174.410919
542.872620, 165.063431, 191.142654, 178.299454
543.814026, 169.981354, 185.790619, 176.998947
540.055298, 170.980331, 190.589966, 181.252411
543.495544, 176.070313, 185.275742, 180.438919
540.654236, 174.802826, 187.956543, 182.841003
544.693909, 181.363220, 180.507339, 176.151764
531.787537, 176.097076, 191.458191, 187.215820
523.496277, 177.242096, 195.663193, 187.028900
519.779663, 180.406784, 191.993683, 180.694244
520.170410, 181.166016, 190.767639, 180.152786
523.173828, 182.418274, 190.504150, 182.580429
513.394653, 183.535950, 199.165848, 185.722763
566.596863, 373.173920, 110.576508, 100.521866
565.630371, 376.039001, 103.331818, 94.833916
565.533813, 376.110016, 104.920464, 94.889030
496.311768, 181.165894, 210.824692, 193.220459
563.233948, 391.939484, 91.567734, 86.172325
508.457275, 205.931000, 193.170090, 181.896683
507.199158, 207.611725, 196.684113, 184.990479
508.002136, 207.589249, 195.631744, 185.322495
510.482697, 208.722275, 191.797424, 182.916367
504.738586, 205.075348, 195.640762, 187.034851
508.463501, 203.712082, 199.216232, 186.602280
511.369598, 201.339508, 198.710434, 187.550125
510.811798, 200.764130, 198.744522, 188.640915
514.972412, 202.081757, 196.391617, 186.067764
513.148376, 201.198074, 200.361404, 193.531250
521.663574, 202.130676, 197.006561, 193.939667
525.220642, 193.506088, 196.818542, 184.772095
525.421509, 194.246658, 195.438324, 183.241364
535.893372, 200.051041, 194.950211, 198.327515
548.150085, 206.842850, 187.711639, 188.026886
544.735352, 194.788803, 192.193298, 195.762665
559.927063, 196.644928, 189.052414, 189.490067
559.945068, 197.051239, 189.601456, 189.217789
570.751953, 195.971985, 184.213257, 191.553497
573.857544, 187.156403, 188.096283, 200.669952
580.957336, 192.756973, 190.720200, 194.418732
588.904968, 197.442627, 180.773163, 185.378387
588.912964, 197.284668, 180.930542, 185.457703
594.484131, 192.167496, 184.293213, 191.691589
602.417297, 189.946655, 179.303589, 188.148499
603.642212, 186.924377, 181.397049, 190.904938
604.883423, 188.139648, 182.449448, 191.865280
604.695740, 187.177490, 180.993118, 191.359009
600.586121, 185.842102, 184.238083, 192.947739
604.951599, 185.027618, 180.441238, 192.817810
605.190491, 184.160339, 180.345032, 181.432281
606.309814, 180.591980, 180.667816, 185.347046
606.240784, 180.579330, 180.758987, 185.482651
601.419983, 167.757675, 185.833786, 196.180679
599.075256, 161.979309, 186.278290, 197.107758
600.589844, 173.723389, 183.437393, 181.186905
594.983276, 163.510544, 183.822052, 199.946182
595.143677, 163.213791, 183.943329, 201.202072
598.040710, 171.204468, 186.079010, 196.635422
590.378357, 170.007050, 190.421799, 203.773758
589.006470, 178.980865, 188.136169, 195.749557
587.899597, 181.117737, 187.365662, 195.481186
587.857910, 181.128494, 187.393265, 195.467194
591.018250, 192.528168, 183.619980, 189.275116
584.356201, 188.376816, 186.322525, 191.124924
588.489746, 185.692993, 185.247635, 197.136002
581.822327, 189.362793, 184.984207, 196.995773
589.388733, 195.242401, 178.635345, 188.368530
577.416260, 188.297379, 187.344620, 197.335999
576.488159, 186.943146, 182.927917, 187.836990
573.039978, 184.601532, 180.359650, 191.127151
563.217041, 182.845016, 188.415482, 192.247787
563.267639, 183.391739, 187.904373, 191.389603
556.789063, 185.718719, 188.633667, 189.071533
551.272949, 184.969650, 200.043594, 195.194641
546.926270, 188.855087, 197.689606, 193.802277
541.668335, 185.519913, 198.092529, 196.910843
541.661865, 185.783752, 198.009491, 196.762527
544.795166, 186.792938, 188.969437, 189.902283
541.073181, 186.965515, 192.575241, 190.749832
540.994690, 191.275970, 191.148773, 186.581100
544.300659, 188.115601, 188.461594, 186.670609
544.305786, 188.179596, 188.132889, 186.250244
541.896667, 190.890106, 189.210754, 180.243103
544.871582, 192.986084, 181.506561, 173.698395
545.494812, 185.781006, 191.700073, 188.754135
547.642029, 180.039032, 186.176666, 188.199753
547.632568, 180.022369, 186.284088, 188.344604
548.795776, 189.307556, 185.794907, 180.132568
562.492310, 185.656006, 187.490234, 186.363724
565.786011, 189.461380, 183.972382, 185.292892
573.351929, 183.773956, 183.738373, 194.216263
567.012634, 185.789841, 187.523621, 194.030411
569.146729, 182.863297, 189.666794, 194.280350
574.102600, 178.221970, 183.435822, 191.073318
574.469238, 173.963699, 182.192703, 188.032471
578.043396, 173.986420, 184.940155, 185.796280
578.282959, 173.407654, 184.406433, 186.064896
574.163696, 170.850830, 187.672195, 188.207870
574.376770, 165.031845, 191.206223, 194.044876
574.882935, 173.109818, 186.672211, 186.107498
581.417480, 175.196884, 186.480103, 189.442673
582.120544, 175.876678, 185.476852, 189.315521
581.117676, 175.891327, 186.041580, 194.232010
590.941162, 180.108948, 184.821335, 189.394913
594.222412, 182.359283, 183.357437, 194.597916
594.881409, 179.919403, 184.144012, 200.178070
593.611694, 179.009262, 185.910141, 202.044647
595.352905, 178.858398, 186.926514, 203.299255
597.640808, 181.229019, 186.001190, 196.082367
600.237732, 175.018250, 186.432907, 203.203461
601.424011, 175.754333, 182.632675, 199.219498
603.997131, 178.031433, 183.747894, 196.698532
600.784729, 173.860352, 184.009750, 199.974777
605.377075, 177.092667, 181.482681, 194.949188
605.415588, 175.117447, 182.985443, 194.760818
606.277527, 174.931824, 182.683640, 191.593796
605.834961, 175.258118, 183.553009, 190.955902
607.418762, 172.114334, 184.957550, 196.710632
597.254211, 176.426483, 184.672577, 196.483017
592.263794, 177.434479, 188.621826, 203.824387
587.792358, 193.710617, 186.275269, 192.115829
587.832581, 193.241882, 185.322556, 190.906464
585.188049, 180.385818, 186.581238, 208.369797
575.958984, 185.253296, 190.895355, 200.980820
578.842407, 184.419159, 186.111206, 200.000702
577.924805, 181.780884, 191.557175, 204.915176
573.059753, 177.063553, 188.356125, 207.402832
575.403320, 187.893341, 188.151352, 196.054901
571.563660, 188.136154, 194.339111, 198.505249
576.868347, 176.569000, 183.398834, 198.950516
576.564575, 178.080917, 184.890884, 191.841583
572.451477, 175.939484, 186.151337, 197.213333
576.836975, 178.724106, 183.647583, 188.991470
570.729797, 173.142395, 188.400360, 193.951782
571.292236, 172.325195, 186.385086, 195.635300
572.829102, 181.185486, 184.703384, 188.639389
572.917480, 181.400970, 184.421051, 188.406174
569.966309, 171.920685, 190.848297, 197.032104
571.826965, 177.092804, 181.212189, 183.719818
568.862854, 172.589783, 187.782196, 195.639404
562.589111, 174.630798, 190.158310, 188.920547
562.507019, 174.518921, 189.404938, 188.407303
566.089539, 171.300354, 189.143387, 197.597900
559.004150, 175.112244, 193.211411, 196.117920
564.838989, 160.540527, 206.278473, 214.004807
554.096130, 183.081009, 182.105057, 186.750702
554.300354, 183.193069, 181.844894, 186.568130
554.653748, 153.711365, 227.793274, 227.075729
565.745728, 140.013977, 179.460541, 174.301758
585.185791, 159.420181, 166.018204, 178.286209
569.466309, 174.916046, 185.526947, 189.514725
565.673279, 172.769043, 189.010773, 193.560638
561.804199, 166.138916, 184.897385, 196.436172
567.491516, 175.649750, 187.521103, 196.049332
564.712708, 175.491974, 183.630447, 192.849197
552.497253, 188.140198, 182.438736, 180.247574
552.502625, 188.039047, 182.647354, 180.283722
555.190857, 175.654007, 188.702408, 197.651443
550.627441, 174.192978, 188.554153, 200.575974
544.889099, 186.762863, 187.800537, 185.728012
545.872131, 187.787689, 180.024002, 181.390320
546.955994, 189.046997, 178.891403, 179.802689
545.461853, 188.462219, 179.197998, 178.625183
540.424011, 191.168655, 184.236252, 180.025909
536.201660, 186.917343, 187.561295, 188.859055
533.661560, 186.082123, 185.677460, 186.795441
533.587769, 187.314667, 186.541855, 185.421341
532.514709, 179.070129, 192.055176, 200.529617
530.416382, 180.047562, 192.230087, 193.618011
524.131409, 178.219009, 190.985580, 188.679123
511.890747, 166.885590, 190.800964, 194.701218
512.213440, 167.335831, 190.986969, 195.463959
501.455688, 171.205688, 189.270477, 191.843948
495.937744, 165.936630, 200.343826, 185.643417
511.613556, 172.187225, 182.354553, 196.226547
507.650604, 172.485016, 188.552582, 188.149841
506.267181, 170.997253, 189.637939, 188.912201
516.077148, 171.832413, 190.834869, 184.817856
522.869385, 165.638123, 190.561295, 186.062256
535.429993, 162.785477, 190.446060, 189.976013
539.157166, 160.646530, 194.100433, 190.484818
541.972595, 164.867218, 185.520706, 187.217758
549.520630, 160.157303, 187.532700, 181.761475
564.604614, 152.575592, 181.560486, 180.860168
569.136353, 146.906662, 183.971054, 173.140427
575.998962, 137.078445, 179.726303, 167.948166
575.001770, 136.613373, 180.184357, 170.632492
579.352417, 131.246307, 180.659744, 168.773956
591.630798, 130.119995, 170.151382, 165.551559
586.841553, 127.863281, 174.168625, 167.927231
595.255737, 138.419403, 166.872330, 153.779495
594.377502, 136.743988, 169.118637, 155.987946
592.966614, 133.962616, 168.393875, 159.476044
588.280701, 132.449066, 176.992447, 163.793884
584.276001, 129.691330, 183.190277, 170.658218
603.319031, 140.205704, 168.398911, 158.292328
601.255554, 139.944153, 170.220749, 159.947052
609.649048, 151.556442, 162.911545, 150.626068
603.447388, 159.052200, 167.526459, 162.494598
607.619019, 160.360474, 162.860886, 161.406723
599.002197, 150.477737, 177.248322, 173.096786
598.518311, 153.322891, 174.415482, 169.923782
597.216614, 148.844940, 179.247330, 171.913925
598.464294, 150.031982, 176.838013, 168.021439
598.426697, 148.417969, 177.049149, 169.451416
597.859741, 146.229797, 179.435028, 174.377365
598.242126, 146.250061, 177.966278, 172.712616
595.566956, 145.874054, 178.617706, 170.050476
598.796326, 146.382431, 175.425354, 166.278763
600.730286, 143.819000, 173.708862, 164.343750
599.881042, 142.583801, 174.405212, 162.168518
599.855347, 142.544632, 174.510178, 162.245163
599.522461, 141.846191, 173.682770, 161.393387
599.757935, 142.286194, 177.339859, 160.844849
596.961914, 141.072556, 178.796005, 166.102005
594.221008, 140.412186, 179.592163, 171.113144
595.665100, 139.807434, 178.992401, 168.510757
595.692383, 141.354675, 178.958374, 169.945129
597.821838, 144.032608, 176.626511, 167.362778
597.822266, 150.458328, 174.185944, 160.056656
598.608398, 143.992859, 176.497345, 164.330307
598.790283, 141.341415, 170.989243, 158.260864
604.043823, 146.098938, 168.644958, 156.146744
599.503601, 143.782074, 174.837433, 162.179779
597.674805, 145.149857, 180.117203, 169.746445
597.208008, 141.655945, 181.780701, 175.764435
597.251221, 142.164749, 181.370209, 176.022903
597.407898, 140.220459, 181.898895, 177.964340
596.761108, 140.822388, 182.685089, 179.125687
601.074768, 144.109085, 181.085236, 182.257523
596.866943, 145.520874, 182.089310, 179.619980
596.590881, 145.538803, 182.219849, 179.644592
598.932678, 150.175964, 176.569855, 168.048691
602.039673, 153.338120, 176.758759, 169.692169
597.960083, 149.852737, 178.151520, 173.097916
593.672302, 151.713211, 179.390732, 184.249298
594.162354, 151.939758, 179.123703, 184.662506
595.695740, 154.623138, 178.904068, 173.016174
595.296448, 156.652802, 176.689133, 171.091812
586.832336, 152.110367, 184.617950, 182.683426
588.005493, 149.899612, 181.274811, 179.646866
587.823364, 149.997955, 181.406876, 179.650620
585.907959, 156.714661, 176.820877, 175.534149
588.798157, 159.133636, 174.624405, 168.398758
591.074707, 159.334457, 175.371414, 170.022110
591.172729, 157.448334, 176.729202, 172.252670
591.877747, 157.322937, 175.874207, 170.309814
585.864746, 145.261902, 183.945923, 186.354950
593.149048, 146.403290, 176.138016, 186.299194
596.079163, 147.714874, 177.053558, 178.075043
603.765137, 151.023911, 172.883789, 172.665100
595.784851, 142.250549, 182.134094, 184.763916
608.458252, 154.923981, 173.131775, 168.138657
604.564880, 147.097290, 181.011765, 176.543335
615.139954, 151.817825, 174.981018, 174.424667
609.801270, 150.072189, 182.009476, 179.488373
609.977722, 149.978912, 181.839920, 179.624390
617.826050, 149.494476, 179.635254, 179.246613
617.730652, 150.076965, 182.897552, 184.482010
619.395264, 152.415344, 179.910278, 186.492020
628.689941, 163.657166, 172.380676, 178.635361
628.766052, 163.591461, 171.912292, 178.620514
627.855347, 164.151413, 173.691223, 181.118790
626.268494, 160.070450, 177.110138, 186.952744
616.716736, 152.665039, 187.012390, 193.361404
615.666870, 153.653900, 185.991104, 193.184280
615.701721, 153.604614, 186.591751, 192.403610
618.260986, 156.563889, 180.574997, 194.945831
615.839844, 161.937592, 176.683273, 190.377380
617.540344, 160.779785, 183.262741, 190.808853
613.197083, 162.594147, 185.021317, 191.697784
614.048096, 162.913757, 183.751724, 190.167221
610.806641, 162.404327, 183.710464, 193.361389
609.888794, 163.690582, 184.474411, 196.736023
610.252808, 165.183289, 183.556412, 195.667053
611.024780, 168.098358, 181.250565, 191.349991
611.158691, 168.194687, 182.508240, 193.036285
610.902588, 168.671906, 181.786560, 194.344635
607.722778, 166.067352, 184.886475, 197.324478
607.329163, 169.491730, 182.575455, 189.458603
605.610718, 168.580246, 179.109085, 194.426788
603.370056, 166.592316, 183.609406, 195.569092
605.361206, 165.945068, 179.249969, 196.167236
595.153625, 160.337631, 192.636414, 205.548767
603.640137, 173.136826, 182.947205, 193.307816
603.322266, 169.178879, 179.518829, 199.406845
601.220215, 170.442566, 184.661865, 199.445313
601.255920, 166.052185, 182.572876, 205.374847
603.703308, 165.384918, 181.099655, 205.407272
604.317810, 170.272964, 181.371719, 198.704361
604.372925, 169.503479, 183.641602, 202.128265
604.598267, 169.581177, 183.812210, 201.877213
606.258301, 170.786804, 185.317886, 204.507034
617.441650, 177.706177, 180.045685, 196.559967
608.732544, 172.770020, 185.690765, 201.210541
611.366394, 178.183380, 186.912903, 195.146713
602.975098, 171.408234, 191.987579, 207.377197
610.895569, 178.822006, 185.908005, 191.873886
617.214417, 174.415146, 181.206512, 196.936554
614.734924, 175.431305, 180.394302, 189.020172
604.348206, 167.282593, 184.436798, 200.312256
604.237305, 167.089600, 184.213943, 200.275970
607.802856, 167.440460, 185.056595, 189.806412
601.246643, 159.935059, 189.287735, 194.223709
600.152893, 156.969452, 186.613556, 191.184845
594.983459, 151.607025, 188.106873, 203.616241
594.900208, 151.654556, 188.060440, 203.624451
591.433350, 152.786560, 190.614227, 201.314651
591.437195, 151.815628, 189.467316, 201.095871
590.536743, 152.994095, 191.132202, 197.370667
579.585205, 153.869080, 197.695969, 203.423721
580.053833, 153.394562, 197.232941, 204.214539
588.111389, 152.854340, 194.383652, 202.548965
586.688049, 154.170837, 194.661072, 199.978973
595.742493, 152.611343, 187.786362, 199.328476
593.558838, 151.459244, 191.232437, 199.041931
598.097595, 155.222656, 186.898026, 193.747543
595.568665, 152.902374, 188.339249, 194.261322
601.956482, 155.035736, 181.006973, 190.277374
609.120422, 154.771439, 181.437820, 187.367050
608.544800, 157.291595, 179.395523, 181.129532
608.516357, 157.281662, 179.375931, 181.138947
602.183411, 151.487457, 188.645523, 196.223160
594.237854, 145.449707, 193.009415, 204.677109
600.389893, 144.226791, 190.642075, 201.360001
604.403992, 145.497635, 187.963974, 198.015274
600.104126, 144.836243, 190.965927, 199.597595
603.612427, 146.030945, 188.104034, 201.224548
601.568542, 145.316956, 188.478867, 200.239639
605.999451, 147.895004, 183.648468, 193.373352
610.382324, 149.700516, 180.233322, 187.225281
605.128479, 149.835815, 184.305374, 190.258743
604.997314, 150.946701, 185.735367, 189.381119
601.436768, 138.154022, 189.639633, 195.395859
610.661987, 142.094910, 178.373428, 184.317795
613.268860, 143.465958, 177.502487, 180.742493
613.178711, 143.422043, 177.443634, 180.807785
606.040039, 134.897308, 186.960907, 189.610687
605.276489, 132.678146, 189.859772, 189.019394
607.884216, 134.914963, 186.534790, 184.367645
607.675964, 137.612579, 187.382233, 180.157242
607.087158, 137.462326, 188.598633, 179.550522
625.406982, 146.507538, 172.198090, 155.722763
614.534485, 142.721710, 179.252869, 167.093826
607.490784, 136.341217, 184.803375, 174.573044
625.576904, 144.625198, 174.567703, 166.699493
625.139648, 144.910309, 174.678406, 166.914032
608.911499, 139.647583, 186.940369, 181.085999
611.467957, 142.779541, 183.874222, 179.263794
611.180359, 143.264069, 185.976624, 183.837646
613.698303, 144.845276, 183.806870, 184.999039
614.184631, 145.079102, 183.299850, 184.249649
611.450562, 146.091461, 187.847855, 190.381546
606.956360, 146.363266, 192.280869, 199.390076
605.817322, 147.102417, 195.930206, 205.689850
602.808289, 147.036285, 197.686142, 209.988327
602.771362, 147.480896, 197.079514, 208.688339
603.118652, 149.402405, 197.679840, 212.230988
609.025574, 152.905029, 192.370270, 205.302032
608.274475, 156.372192, 197.253479, 208.200928
609.179016, 164.531433, 186.227448, 203.593948
608.764099, 164.381317, 186.431396, 203.983902
609.672729, 167.476196, 192.597916, 205.211487
610.115112, 166.673615, 196.835358, 209.601913
615.545105, 168.450638, 192.156372, 208.119843
617.655457, 168.281464, 192.402161, 210.765411
617.757324, 168.365082, 192.272675, 210.775421
622.593506, 175.389954, 190.026810, 205.155212
621.207581, 173.700119, 192.838989, 207.397491
616.598328, 171.741348, 192.225677, 214.730423
623.980286, 168.421844, 188.030579, 211.240814
624.244934, 168.468475, 187.882065, 211.106903
617.166077, 171.342987, 191.626297, 210.133850
613.136658, 173.885452, 193.810104, 210.000366
617.091675, 170.010895, 189.395111, 200.081680
618.095215, 166.057678, 191.338928, 203.784164
618.125000, 166.029861, 191.305344, 203.738892
612.169678, 165.671524, 187.777481, 199.307053
601.044189, 164.857208, 190.350342, 202.110123
595.577393, 162.447083, 187.205124, 196.552979
575.483948, 172.353363, 193.114380, 186.396591
575.480774, 172.366913, 193.065247, 186.296783
578.482178, 163.677063, 193.187531, 197.094299
568.106567, 169.174408, 193.110168, 191.331009
571.281250, 178.985214, 191.455856, 191.814804
576.153076, 167.244446, 191.146118, 202.770020
577.538330, 168.403488, 189.386475, 201.846649
577.095154, 168.816589, 193.945129, 200.812637
579.722168, 169.177216, 190.384125, 195.961304
581.691833, 173.798096, 187.382050, 192.079300
586.851013, 171.598999, 188.676773, 202.185837
587.822937, 171.370636, 188.099319, 201.808640
583.708374, 169.780579, 193.878281, 203.481415
598.423279, 176.043411, 188.365646, 201.290451
601.841064, 175.925079, 189.783859, 205.856934
610.296387, 179.181976, 192.044907, 205.568146
610.752014, 179.591202, 191.729309, 205.041748
617.455322, 178.345673, 192.328506, 203.770477
622.569580, 177.995728, 195.188690, 209.605270
629.283447, 180.378555, 191.678024, 201.836700
635.960693, 182.362442, 192.083344, 200.412842
633.706177, 182.824615, 193.781433, 203.560455
638.403076, 183.201935, 192.544052, 198.070892
642.329529, 181.958420, 188.583511, 195.211121
642.333374, 179.981216, 191.485855, 199.529510
647.185120, 179.089005, 190.159760, 197.582260
648.353760, 179.250183, 189.202744, 197.447174
637.396545, 170.740891, 197.932495, 214.416672
634.566345, 167.717194, 197.759796, 209.280167
644.685913, 178.098541, 182.041733, 190.189880
632.971436, 166.260284, 184.360565, 192.956665
633.278320, 166.346054, 184.588272, 192.142654
623.575928, 156.356094, 185.643570, 195.911575
608.957764, 146.960312, 192.948868, 193.707047
597.888306, 141.874054, 194.015503, 192.728546
581.588684, 147.850479, 186.534103, 184.022720
581.728882, 148.433014, 186.320068, 184.039413
574.844055, 142.757431, 189.623825, 192.978760
566.581055, 144.613495, 187.145264, 188.748016
551.362549, 153.217529, 187.309021, 183.947296
547.036316, 144.603638, 184.044525, 185.105042
546.495239, 143.968506, 183.356369, 185.117447
539.831055, 152.632111, 189.113968, 186.164825
531.826294, 153.297882, 191.070450, 188.512344
526.220276, 154.975098, 205.558884, 204.368042
529.753662, 164.388123, 185.199371, 183.915680
525.468933, 158.778320, 203.649658, 192.936127
524.469788, 162.546692, 204.891388, 206.245483
525.672913, 162.185120, 194.654327, 199.097336
524.314758, 162.103363, 190.174881, 195.570038
522.868591, 162.003296, 179.491226, 188.170593
523.593628, 161.885712, 179.407623, 188.909851
521.870667, 158.456161, 189.614182, 201.013931
519.375793, 163.933807, 178.896072, 185.868927
524.768982, 170.997192, 173.690216, 178.112549
521.335571, 167.244720, 184.790588, 188.451462
521.423889, 167.191910, 180.116257, 187.973724
524.425171, 171.797852, 182.256836, 181.210327
526.591614, 175.737564, 192.404739, 185.774216
530.307190, 176.705856, 188.629898, 189.728653
524.259216, 175.537506, 195.017380, 199.498291
524.862183, 175.283661, 194.425430, 199.599564
527.373718, 188.248047, 188.652573, 188.447205
522.789246, 182.326630, 189.463272, 196.114288
528.920898, 182.857925, 181.867966, 189.544601
524.106262, 181.496643, 182.117905, 187.670731
525.357788, 182.032654, 180.769562, 186.551788
509.224365, 180.356598, 188.027863, 181.409561
501.520996, 173.088409, 187.354645, 191.820709
498.721222, 170.271149, 189.702896, 192.736511
500.750519, 174.925964, 190.464996, 193.502090
500.079956, 175.319626, 191.076569, 192.722092
495.183258, 169.949127, 186.981384, 185.108093
491.965118, 167.905792, 186.630066, 184.026733
494.423950, 159.163223, 183.504898, 172.380112
500.114044, 150.470459, 186.730240, 175.494492
499.009003, 149.500656, 187.640778, 174.406540
509.277832, 144.104080, 189.032532, 175.021927
519.041077, 128.804565, 196.254501, 188.691757
534.728699, 132.565094, 196.994705, 189.258575
542.790527, 119.887817, 199.624786, 203.599808
542.504272, 119.984100, 200.055191, 203.457321
555.645691, 115.252525, 199.884384, 208.273926
574.493103, 122.773819, 199.124390, 203.324753
581.432007, 106.960907, 205.865036, 220.285599
588.646851, 107.007492, 214.381760, 223.860336
588.396362, 106.779716, 214.232864, 223.552765
599.718384, 94.346848, 215.156479, 226.242157
610.539307, 83.769485, 217.406570, 230.809326
619.192993, 76.221481, 217.510727, 226.431747
625.087402, 65.996048, 218.101852, 228.228699
624.325500, 66.020233, 218.726624, 228.362747
634.660217, 53.283085, 214.226700, 230.605499
634.767578, 54.570766, 215.771805, 228.079803
636.350586, 52.747650, 217.362854, 228.008133
635.566528, 64.919128, 213.327850, 223.601181
634.930786, 65.289558, 214.475952, 222.994049
620.364563, 70.481712, 214.833069, 223.950684
608.952148, 88.647530, 218.684723, 224.565857
589.384033, 106.312592, 209.761353, 220.212021
570.699280, 115.034485, 213.109146, 218.279419
571.141113, 114.945862, 212.633575, 218.547882
551.793579, 127.343094, 214.987564, 221.403992
532.910706, 135.662079, 208.395813, 219.374619
525.872375, 147.360138, 202.448364, 209.920914
514.129150, 149.856659, 196.637207, 200.726425
514.537903, 149.915253, 196.286957, 200.652115
500.926636, 155.821136, 192.585342, 204.729965
498.576752, 168.732513, 186.375168, 197.311127
490.251770, 167.148071, 188.713531, 203.554672
487.672760, 170.913147, 188.391922, 194.628113
487.611176, 169.520844, 188.657959, 195.569901
479.778473, 168.420715, 189.298294, 194.727524
482.368103, 176.618347, 184.431702, 180.464127
479.587311, 169.861603, 189.437134, 185.913345
483.607422, 166.372681, 185.706726, 186.038177
483.583679, 166.507507, 185.326050, 186.118454
487.697083, 163.530685, 186.909622, 185.305557
488.101654, 155.019241, 191.188873, 189.972687
494.420380, 154.165665, 188.504318, 179.854797
496.094055, 148.752350, 188.896820, 175.352875
495.957825, 148.777008, 188.935974, 175.733643
501.005219, 149.065857, 189.998642, 173.759872
515.190002, 147.839630, 186.542160, 175.978455
516.220093, 154.066956, 190.218857, 170.896973
517.702942, 153.403580, 192.299515, 173.298096
517.774597, 153.673874, 191.937866, 173.419052
527.825378, 156.582703, 187.275375, 176.428986
518.990601, 151.224701, 197.397568, 192.906189
526.852234, 159.562927, 198.767456, 192.687469
525.131470, 155.348434, 202.226273, 199.118240
524.816345, 155.525467, 203.742966, 199.641205
531.483582, 157.269333, 188.653763, 191.483459
529.904480, 148.967194, 190.584106, 193.114517
538.808228, 146.675018, 187.473526, 176.800339
546.535339, 145.863129, 180.721237, 172.600464
546.750305, 145.645035, 181.106461, 172.307083
552.846191, 142.479568, 181.754227, 181.406708
554.302063, 148.274536, 183.635300, 173.303802
555.589600, 142.578171, 181.773636, 186.315582
559.332275, 143.696945, 178.700241, 180.899185
558.353455, 143.357300, 180.507584, 182.229202
560.198547, 145.666122, 178.928833, 180.900558
559.465637, 149.979675, 175.392456, 170.936752
558.936768, 148.513763, 178.471848, 172.348602
561.998535, 146.539307, 176.917084, 169.036499
562.059082, 146.596008, 176.657944, 168.870148
566.876831, 151.688019, 168.525055, 159.104263
568.689575, 151.343994, 168.807770, 147.707138
568.071350, 152.456009, 169.029480, 149.843079
568.031189, 151.927704, 170.108276, 151.645279
612.684509, 256.334473, 89.686989, 75.617882
568.682922, 145.661667, 168.588440, 162.190872
569.587402, 154.367081, 172.528549, 160.372696
567.883057, 147.541077, 180.139816, 173.746277
572.606506, 155.310547, 176.102158, 166.877014
572.555481, 155.333267, 176.130585, 166.853073
574.604858, 153.081192, 180.811584, 172.982925
574.056030, 142.127579, 181.166824, 179.157639
576.517639, 144.821075, 180.321335, 175.338882
579.429871, 142.023087, 180.407471, 177.777405
579.515076, 142.422028, 180.159348, 177.413879
582.079102, 145.607910, 179.802170, 181.841187
585.056274, 151.450653, 181.703644, 189.993149
587.812988, 155.427872, 182.557571, 194.141190
589.529114, 161.656082, 191.558685, 201.310059
589.530823, 161.658203, 191.264954, 201.091125
599.556396, 168.502594, 187.182434, 201.313248
602.532837, 172.798203, 192.592316, 203.202591
609.539429, 180.907959, 184.482666, 194.994324
613.191528, 185.119492, 182.854080, 194.379395
613.005920, 184.896622, 183.192352, 194.756439
612.299683, 186.135056, 187.272415, 195.648453
610.604004, 188.697144, 186.303497, 195.768860
603.739441, 179.395081, 197.478348, 212.227386
603.614624, 182.076447, 196.222244, 209.800064
604.159424, 182.287842, 194.844925, 209.861450
603.805237, 188.098923, 188.289658, 195.641342
602.011780, 182.463135, 188.635681, 200.016174
593.140564, 174.793854, 199.162140, 210.769913
594.855225, 177.347122, 185.297852, 199.739258
595.083862, 177.794891, 185.033539, 198.843048
593.380310, 173.190002, 185.776260, 203.009781
589.754089, 170.457642, 187.586319, 202.491730
584.721497, 165.013275, 189.584824, 205.578629
581.161133, 163.440338, 192.494583, 205.754471
581.085449, 163.932465, 191.957138, 204.923996
588.759338, 174.065018, 181.385651, 185.569077
581.431641, 170.080841, 183.021362, 187.349075
578.956360, 165.858612, 182.578415, 187.817169
576.455750, 161.796875, 181.324722, 182.353836
576.517212, 161.701782, 181.330444, 182.460754
566.924072, 156.298431, 188.171143, 188.500183
567.700745, 153.113586, 182.311966, 180.000717
572.580078, 152.725525, 173.873367, 171.716187
563.043701, 149.322311, 175.123047, 165.209824
564.394409, 150.112640, 173.980667, 167.185394
565.348511, 148.403290, 173.416885, 167.535294
560.680420, 152.176514, 177.784378, 175.856979
557.522705, 149.851105, 180.177185, 181.074158
556.336121, 147.366119, 179.162079, 175.393646
556.342102, 148.408020, 179.556244, 175.377991
568.882202, 150.357803, 167.595459, 160.827835
557.034424, 144.164963, 176.594055, 169.126328
564.711243, 143.585007, 171.497070, 159.908264
561.916992, 141.372528, 168.576660, 157.914001
567.770203, 143.812256, 164.952209, 160.229446
563.203613, 142.181885, 167.556137, 160.885010
562.322266, 144.381226, 167.347961, 163.023254
559.878479, 144.686890, 171.188538, 159.589615
561.066406, 145.985931, 170.056305, 165.251724
561.264343, 146.616501, 170.433090, 164.376999
562.442505, 146.029114, 167.481979, 165.055878
562.049255, 147.226624, 164.861404, 163.442581
548.578186, 146.073456, 177.139816, 165.424927
553.373901, 144.938629, 173.606720, 156.784058
553.366638, 148.053452, 170.435974, 151.448380
545.024231, 146.989822, 180.085190, 158.372345
542.376770, 146.035370, 182.784012, 159.183441
543.502441, 146.780792, 174.993759, 157.524155
548.264893, 150.898132, 174.832581, 162.909805
548.506592, 150.306000, 174.932892, 163.203888
543.013184, 152.476334, 181.776154, 163.376114
543.847717, 152.991196, 183.815491, 163.588608
543.819275, 153.861099, 185.616348, 166.800522
544.480774, 154.468719, 181.568359, 164.768784
544.270996, 154.148209, 181.549026, 165.421875
548.039917, 155.799133, 179.967361, 171.694138
541.684937, 153.429840, 186.765091, 171.715805
544.126282, 157.365997, 185.217331, 176.710693
539.033691, 156.534210, 187.494141, 175.191452
537.692749, 155.502686, 187.385071, 174.728622
535.084351, 155.174072, 186.126450, 171.757935
536.525696, 156.109100, 185.536774, 169.380295
534.724976, 155.075928, 185.835739, 167.681839
534.963806, 156.889969, 187.485626, 174.291824
536.094849, 156.317657, 186.164688, 173.139114
539.446289, 155.643829, 187.670425, 176.365768
541.694824, 155.009964, 179.023346, 169.161743
541.006897, 154.168472, 181.090775, 166.087677
544.575623, 151.369308, 181.618713, 174.291641
542.598328, 153.493958, 182.692276, 170.431427
543.559692, 152.484543, 180.895828, 166.772995
547.769836, 150.578644, 179.271713, 162.352905
551.088440, 149.679718, 178.343567, 162.171249
557.292236, 146.299530, 172.646820, 164.175369
561.897949, 150.365784, 175.542603, 166.517242
560.108948, 146.398865, 172.334869, 166.909256
567.356018, 147.802017, 172.616074, 167.814041
566.140930, 143.962540, 172.101242, 167.322662
563.643188, 142.849731, 176.039795, 170.671631
566.723328, 145.572083, 174.851486, 169.882690
569.817383, 143.733658, 172.862106, 171.211899
571.703064, 147.938477, 175.427551, 173.248672
569.309448, 145.303345, 176.617691, 169.906555
577.337524, 155.164215, 173.863663, 165.374756
577.951660, 154.219925, 173.559036, 166.408096
573.281982, 150.432617, 180.627106, 175.462509
574.092590, 150.364502, 178.645432, 178.927322
579.020996, 154.328552, 177.858276, 181.129272
579.837280, 156.891785, 179.495132, 184.568726
579.880920, 157.039749, 179.364273, 184.551895
583.473022, 168.029343, 179.271896, 185.768692
577.356506, 160.224213, 186.400589, 197.705811
585.494629, 169.133163, 185.428024, 189.883041
590.340698, 175.582779, 181.041687, 186.096130
590.412659, 175.835815, 180.829041, 185.727158
581.191528, 162.301300, 184.030151, 194.017776
578.021790, 158.731308, 193.261002, 206.328552
579.130188, 158.753464, 193.892761, 205.462570
587.103027, 166.958130, 184.423889, 197.605682
586.831848, 168.263504, 184.787491, 196.521225
590.778931, 172.130219, 181.963989, 189.821533
585.728638, 168.775360, 197.177612, 200.006454
599.939819, 179.971237, 180.151031, 186.448715
600.185120, 188.614868, 181.290695, 183.785324
600.762329, 190.374435, 179.925461, 181.216522
595.255127, 196.130157, 181.596909, 188.156799
586.492065, 190.472168, 193.678802, 202.128021
579.750488, 200.729782, 188.694412, 197.724457
574.090698, 204.214645, 187.289612, 187.554703
574.052490, 204.123138, 187.321808, 187.470398
570.169556, 213.470154, 187.892014, 183.602097
558.018555, 199.720215, 193.249603, 190.101868
555.092896, 201.291351, 194.899490, 188.528885
545.305603, 188.816574, 200.654755, 194.844376
545.300781, 188.656204, 200.449356, 194.334167
544.265442, 180.274841, 194.211578, 198.665237
540.359619, 178.105850, 192.337708, 183.104477
532.565613, 169.600510, 195.200027, 187.316422
535.463440, 163.780609, 189.748886, 184.553192
535.604187, 163.674530, 189.636993, 184.422516
532.406189, 156.120453, 191.206543, 179.612396
539.467712, 154.264252, 183.563095, 178.765579
540.522278, 151.237213, 181.518845, 166.764679
541.310852, 152.820801, 176.388535, 164.364700
543.575989, 154.695755, 171.697372, 157.501434
543.390381, 151.789063, 176.629333, 156.953400
547.903809, 149.149582, 174.115570, 158.081665
550.468628, 147.088715, 174.900375, 157.665527
554.523376, 145.166443, 171.734741, 157.616028
555.327209, 145.064804, 169.724945, 157.510239
557.507629, 143.971161, 170.135315, 158.577866
555.611206, 143.475449, 173.421478, 154.117661
562.059265, 142.484604, 168.600479, 156.240814
564.227417, 141.992966, 164.048630, 155.854324
563.134583, 138.959961, 165.901077, 157.265427
558.098450, 141.218552, 171.925766, 153.615936
560.118774, 136.182388, 173.039291, 160.270172
564.616577, 139.537811, 168.888916, 152.582108
570.515381, 146.150024, 163.203323, 152.007660
570.146790, 145.390396, 163.189590, 151.645523
566.410461, 137.485779, 169.850021, 161.326035
569.002747, 139.302460, 168.761322, 159.725739
570.543335, 139.738937, 172.008560, 162.070328
577.044495, 141.491592, 170.233032, 158.978760
577.027710, 141.461090, 170.259689, 159.015091
575.621826, 143.318741, 175.707108, 162.395660
582.191223, 147.425980, 173.936935, 164.330002
578.400330, 145.538269, 178.225677, 168.548813
580.632690, 153.388031, 176.224960, 172.830002
581.067688, 153.407394, 175.442551, 172.379044
580.909241, 153.613571, 177.125961, 171.210693
575.722656, 153.898193, 183.145615, 188.115738
573.056335, 155.225555, 184.039993, 197.873810
573.715027, 159.014755, 182.128494, 190.565170
573.961182, 159.005371, 181.828964, 191.133072
567.370728, 159.800049, 187.488647, 203.353928
565.096985, 162.925171, 190.785919, 202.708252
567.909790, 164.963623, 185.289719, 194.738602
566.105591, 168.921982, 186.537445, 198.381516
566.042969, 169.020309, 186.481369, 198.254242
563.348450, 170.322693, 188.173904, 194.339005
569.563599, 173.223068, 185.578293, 190.302994
556.722229, 166.757904, 198.275696, 200.215775
557.951782, 161.824677, 200.365128, 206.474930
558.360840, 163.082596, 197.533661, 202.467010
561.075378, 164.232285, 191.605560, 192.229416
566.069641, 168.550079, 186.830551, 194.478668
563.927307, 160.306885, 190.631607, 195.853699
565.663696, 154.415497, 183.191849, 185.548248
565.924438, 154.790100, 182.453796, 186.281189
565.568359, 150.540527, 184.343491, 186.863754
564.934387, 152.923828, 184.423950, 182.647705
564.082703, 149.145493, 182.768570, 176.793793
565.909973, 142.877884, 178.939850, 173.534302
565.882385, 142.759186, 179.017731, 174.716049
569.554382, 145.444244, 174.898239, 171.360138
562.982361, 144.258774, 183.314270, 181.796951
569.556335, 142.118088, 179.700027, 180.000458
582.853943, 149.966354, 173.462067, 173.441132
570.590698, 145.397614, 179.644577, 177.228836
589.562500, 151.192566, 171.450317, 173.715210
580.739380, 151.091476, 178.575928, 175.950348
576.420471, 149.829773, 175.296997, 177.283569
573.317566, 146.377716, 180.705109, 178.059036
573.204956, 145.364838, 180.305023, 176.821762
571.729248, 145.046753, 179.229187, 170.671478
571.061829, 144.935852, 181.567474, 166.284546
572.788269, 139.467529, 177.693588, 167.988617
573.883423, 139.812363, 176.753082, 170.660278
574.519043, 140.138077, 176.500549, 171.082932
580.559509, 153.815063, 169.325180, 158.869293
573.333923, 142.014557, 180.537445, 180.958405
573.929016, 142.277893, 180.623520, 180.783676
575.774414, 142.467392, 180.598434, 176.981857
575.900330, 142.563141, 179.822449, 176.299454
576.222656, 141.570999, 181.119003, 177.499390
578.367249, 143.494980, 178.267380, 170.059952
577.910095, 139.750320, 180.829361, 174.181915
583.316895, 141.075287, 178.141251, 177.339294
580.662781, 137.864105, 181.401016, 182.896332
581.877808, 139.464310, 181.089508, 181.944885
586.720703, 142.149902, 178.410034, 174.813904
588.523132, 140.771332, 179.689377, 173.811981
589.777954, 144.678391, 182.514160, 176.394836
590.558167, 142.862732, 181.718765, 176.847336
596.215576, 141.056427, 178.851135, 180.097443
598.130188, 145.010040, 181.044724, 187.012146
602.686768, 145.011978, 181.854095, 183.669434
604.205505, 148.653259, 176.854141, 187.247208
603.553772, 148.946304, 177.682877, 186.401001
602.303467, 150.256378, 179.256470, 187.237915
605.483276, 149.448349, 178.597916, 190.066879
598.141418, 148.023438, 184.691788, 193.511185
598.215881, 151.612091, 181.599487, 185.144653
594.996338, 147.417252, 186.306778, 195.374405
605.411072, 161.862091, 178.828781, 176.409576
595.894226, 153.490448, 181.963043, 187.002625
594.612793, 152.250168, 180.812790, 189.679703
597.256714, 160.061676, 182.009781, 181.833206
597.076294, 159.208237, 182.307434, 182.664474
589.995361, 151.600983, 181.346008, 186.944839
587.526794, 150.502716, 185.158661, 192.794632
599.660339, 163.287582, 177.694977, 179.031311
585.231995, 153.648026, 184.975449, 192.189651
594.450012, 158.516037, 180.958084, 181.487320
579.687439, 154.776764, 182.026230, 181.929718
576.175171, 157.343369, 184.677551, 185.580704
563.958740, 157.342010, 185.915878, 186.476639
557.976257, 156.720520, 185.234283, 185.382477
558.069092, 156.242325, 185.170074, 184.505020
549.323853, 157.248871, 187.217285, 188.309189
543.146729, 155.109604, 186.092621, 180.782028
540.939941, 158.191772, 186.215103, 170.572021
541.320740, 157.346848, 184.563263, 172.377594
541.129700, 156.701202, 184.863358, 172.850067
535.928650, 161.825439, 182.283234, 168.433243
534.067688, 154.519608, 189.684616, 177.756546
534.209656, 164.013153, 180.184921, 160.300766
536.095093, 162.875183, 175.970551, 161.907593
535.795898, 162.773758, 176.889496, 163.247864
530.937378, 163.097427, 182.260056, 163.648834
529.532898, 159.173096, 181.532639, 164.632690
526.067261, 155.169556, 184.619263, 171.604553
526.797424, 156.853195, 186.068924, 169.727615
527.346924, 157.346558, 185.578415, 169.504059
527.171082, 156.636536, 183.355988, 171.797836
529.354065, 159.208755, 185.487442, 178.729599
530.163574, 157.905533, 188.396072, 186.750870
421.110657, 375.486176, 60.906803, 58.636169
421.396149, 375.508179, 61.423931, 58.340797
550.361755, 166.109344, 176.071228, 177.962616
546.700684, 165.227997, 177.570847, 179.905685
538.319458, 157.653687, 185.720749, 178.211700
542.686340, 160.135086, 187.156235, 172.408096
542.573120, 160.155060, 187.274185, 172.720856
539.918762, 156.868286, 197.410233, 181.394150
552.573303, 157.258453, 182.847458, 176.051727
546.358032, 158.757263, 187.960892, 176.475922
550.156494, 161.513290, 184.848618, 174.854858
549.793396, 159.945282, 185.308182, 176.514923
549.211548, 165.731262, 188.644196, 178.481400
549.063232, 168.660629, 191.232132, 184.291870
547.807373, 174.359650, 195.333984, 189.843246
552.610840, 180.051361, 191.492722, 190.553650
553.059692, 179.425140, 190.197937, 190.032455
544.316101, 176.025391, 197.429764, 192.584198
541.884216, 175.584045, 195.789200, 188.918564
539.196777, 188.093689, 195.741379, 187.618759
542.319580, 191.209229, 189.599808, 182.785660
541.731934, 190.588547, 190.206757, 184.641006
525.678711, 188.699066, 196.972214, 189.941681
522.237305, 186.326080, 203.298325, 194.458893
522.626282, 193.296875, 198.562439, 187.995270
521.908325, 193.903152, 200.543625, 190.818939
523.111145, 194.175354, 198.332657, 188.682144
522.178040, 194.022659, 199.891693, 188.791580
525.054871, 196.058243, 191.137619, 184.050034
515.142639, 191.909271, 196.890686, 179.498550
523.799072, 195.261688, 186.770874, 176.503036
523.734070, 195.312759, 187.078598, 177.007111
524.156006, 189.798431, 184.420288, 175.868866
524.128967, 189.423157, 184.819626, 176.045990
521.666687, 178.143387, 185.555359, 179.296936
521.049561, 176.314026, 181.081955, 174.560089
522.762512, 176.854126, 179.707092, 172.918732
524.813232, 165.331238, 179.369370, 179.517471
525.351074, 157.092621, 184.320740, 185.285995
533.767090, 154.671341, 177.971375, 179.051483
539.754333, 152.557159, 180.684570, 177.094086
539.678345, 152.510971, 180.844864, 177.145615
547.039246, 150.006531, 175.337769, 177.467911
558.094849, 150.362915, 176.533325, 175.188065
559.288940, 153.787537, 175.137466, 171.671753
558.236267, 148.275970, 178.358932, 182.137833
558.277832, 148.320953, 178.428940, 182.091125
563.013855, 149.785492, 178.693436, 184.170670
562.514832, 150.099609, 177.825455, 182.255753
563.695679, 150.490158, 179.332199, 183.368652
566.094421, 150.962952, 177.418945, 179.744904
563.948120, 156.316040, 180.099243, 178.741928
565.672974, 150.784897, 177.950211, 180.339905
563.446045, 156.806412, 174.748978, 178.745026
561.608765, 160.725952, 176.618378, 177.072281
568.672302, 155.841568, 178.034821, 187.662720
567.555786, 156.747192, 178.188431, 186.655457
564.940125, 151.905716, 181.155045, 187.403412
566.305603, 156.745453, 181.943130, 181.352203
573.215576, 162.585312, 177.621124, 174.782028
577.553345, 152.925095, 176.389481, 181.554886
575.600281, 152.766083, 178.223099, 183.688263
570.954346, 151.292282, 183.763824, 183.408859
580.861511, 158.698517, 176.615799, 169.946014
574.998840, 149.248154, 179.148972, 180.206512
578.634399, 152.515900, 178.387283, 173.352356
578.846313, 151.451416, 178.378525, 174.911453
588.795715, 159.460358, 171.028992, 165.339401
592.268860, 152.242111, 175.028152, 173.641830
593.301758, 155.641922, 171.733856, 167.972641
588.649414, 152.782852, 173.743698, 169.947708
588.781372, 152.973724, 173.422501, 169.601349
587.257324, 154.541107, 174.259155, 169.644928
576.037231, 148.947311, 185.232758, 175.177078
584.445679, 158.123291, 176.063858, 171.397598
576.439270, 152.246704, 179.404144, 182.062088
576.277832, 152.231964, 179.843124, 182.689133
583.529541, 157.437042, 177.379944, 178.224152
577.012024, 152.645004, 178.149246, 176.049561
582.630554, 151.551971, 177.182724, 173.937607
584.633728, 155.010803, 173.542023, 166.979568
583.518188, 155.031921, 174.730194, 166.961151
590.706787, 152.361725, 169.835464, 167.285950
594.780762, 154.488464, 167.022476, 165.486481
593.878052, 155.690796, 167.718124, 163.297913
590.553223, 152.849670, 171.711548, 170.690140
575.084595, 147.564667, 189.857574, 192.929916
577.479736, 149.153931, 190.669159, 197.971069
589.462463, 154.199799, 178.365173, 187.301331
591.426086, 155.109573, 180.734528, 187.147476
593.001953, 154.751770, 184.589096, 193.098648
593.170593, 154.900818, 184.211868, 192.771332
597.104858, 156.068832, 184.095749, 188.889633
614.374634, 163.867676, 173.290680, 171.520279
616.723999, 163.737579, 174.450012, 174.683182
613.427917, 163.239594, 174.876755, 172.760971
607.082397, 162.902313, 177.110077, 178.982346
613.201111, 163.494461, 174.077194, 171.812485
597.212891, 153.658798, 180.036423, 184.490341
612.051147, 160.063049, 165.895477, 166.098007
605.530762, 155.418533, 165.280838, 164.860489
608.386536, 157.022125, 164.598801, 164.744232
583.994324, 145.471024, 188.361481, 188.233566
597.864258, 153.715546, 167.978149, 167.507156
604.922424, 153.473709, 170.426849, 173.827057
601.376282, 149.186249, 173.049240, 175.493454
602.148132, 150.879333, 172.594971, 174.756805
596.500366, 159.544907, 171.923126, 167.129135
582.903259, 154.853699, 184.797836, 179.826660
577.807922, 154.371109, 188.559570, 186.777786
591.084595, 159.226563, 179.073364, 184.243256
575.466919, 155.800934, 191.654465, 193.236282
580.565613, 156.773315, 184.520782, 192.970139
584.033569, 159.501236, 181.734253, 189.630508
591.163757, 170.220428, 181.596085, 184.184692
588.364075, 164.489746, 179.521149, 187.571594
587.373169, 164.619781, 179.488388, 187.498718
585.026917, 165.131485, 181.606674, 194.924988
584.995361, 165.719849, 185.283478, 193.890305
588.160522, 166.834091, 181.404800, 186.996216
586.420288, 163.567108, 186.427185, 196.874710
586.464111, 163.737396, 186.258759, 196.875519
591.667480, 159.254196, 186.895004, 201.258514
594.349792, 156.339111, 187.078918, 198.465836
595.797058, 152.578888, 186.005859, 198.419952
608.443298, 155.707993, 175.162994, 187.966507
596.371155, 150.585327, 187.430618, 196.110641
600.116699, 150.468445, 183.378860, 188.906143
601.335876, 148.660095, 182.811981, 184.339676
607.033203, 147.022614, 178.100601, 179.287537
617.478638, 146.911499, 171.920914, 177.736359
615.677979, 146.516235, 174.139954, 180.182419
618.284180, 150.815277, 176.611130, 170.954239
619.874634, 150.009705, 176.285889, 171.822891
607.684937, 143.234222, 184.604965, 186.259689
607.642029, 144.882507, 185.583084, 189.977539
607.098389, 144.683578, 186.045547, 190.785934
607.580078, 147.024216, 186.472290, 192.772446
614.739319, 158.590073, 182.472885, 180.952835
608.806580, 154.242325, 184.966370, 184.446152
606.090698, 157.347794, 184.019821, 186.872147
606.338562, 157.268219, 183.577393, 186.585663
601.273193, 165.722092, 182.899826, 181.702637
596.728516, 160.759903, 184.945450, 194.729630
594.244507, 162.519073, 184.200775, 192.541595
590.231140, 164.377640, 181.640121, 191.331543
590.170288, 164.466171, 181.550400, 191.237350
578.671204, 160.094055, 186.646576, 198.262711
569.830078, 166.617676, 190.883194, 203.398819
565.933777, 176.934433, 186.331161, 195.474747
558.951721, 180.673065, 188.100006, 191.460297
559.556030, 180.376724, 187.752594, 192.790985
558.828064, 186.945847, 183.231232, 184.301483
546.881836, 181.657959, 191.412140, 200.820374
547.225037, 184.466370, 190.728699, 196.089035
538.319214, 188.606689, 192.057388, 193.440765
538.267395, 188.256561, 191.658310, 193.278412
544.364990, 188.606522, 186.918198, 190.052048
536.195740, 185.823532, 189.945526, 190.371201
542.669739, 186.884903, 188.373199, 193.275330
540.695251, 185.471634, 193.155975, 199.205811
540.803833, 185.464294, 193.443909, 199.267456
546.117065, 185.182159, 185.212982, 191.579407
546.348572, 184.594574, 185.321793, 186.279877
551.487488, 191.365967, 173.686493, 177.152298
550.345398, 185.523804, 182.484802, 184.394958
551.009399, 186.991333, 180.477158, 182.658340
544.493958, 174.096237, 195.189941, 194.295807
553.856445, 175.822083, 184.641129, 183.931015
557.212830, 176.560165, 181.382492, 182.276108
553.765686, 162.150116, 181.294342, 185.401321
560.195435, 167.817871, 179.529404, 179.655167
565.332031, 163.347626, 177.034164, 179.201385
570.913147, 156.739502, 172.892288, 171.078751
569.566040, 151.107574, 176.871918, 173.788666
570.425171, 148.115143, 177.005234, 169.606400
570.370789, 147.454437, 177.111221, 170.560822
575.642639, 149.405396, 177.456802, 175.714981
578.327576, 149.825928, 178.020142, 180.501465
579.276733, 146.160339, 177.195511, 178.901581
578.939087, 144.022369, 179.496460, 182.562637
580.985352, 145.026062, 177.415604, 178.678192
583.471130, 148.392120, 175.496414, 174.605255
585.147522, 148.177139, 173.013458, 174.490250
596.903137, 154.688904, 168.382477, 163.978149
588.639343, 144.435181, 171.845627, 169.055527
600.041626, 153.623138, 165.074188, 161.635132
592.129578, 150.007401, 168.588760, 161.039154
596.703491, 149.922333, 162.879227, 156.324097
583.143066, 140.127258, 179.468033, 174.407333
582.569824, 139.892654, 179.620193, 174.788864
582.475220, 140.241638, 179.828934, 174.705536
585.457092, 139.300446, 172.689606, 168.275620
584.278503, 144.196899, 176.501877, 171.563370
586.330872, 145.105347, 176.101913, 176.005783
585.563538, 145.387177, 180.714127, 182.602844
585.722961, 145.259094, 180.728363, 182.399246
587.412903, 147.994446, 178.803574, 180.883606
582.960022, 147.380264, 182.915009, 191.491928
583.293945, 149.963760, 185.085510, 192.738342
579.902893, 150.817871, 186.911194, 191.786453
579.211304, 150.224197, 187.860901, 192.359680
578.678589, 149.952835, 186.291840, 191.372269
575.824890, 148.179977, 191.674561, 195.251968
575.568604, 146.276062, 188.724899, 194.455673
574.725159, 148.450027, 187.752274, 197.527313
574.120972, 148.348343, 188.452332, 197.577225
581.977417, 164.583588, 181.061478, 186.843475
571.469238, 164.293671, 188.291351, 191.654831
573.100464, 157.414246, 184.322311, 186.981949
568.048035, 150.323212, 184.308273, 191.195068
568.262085, 150.430054, 184.270523, 191.182648
565.306519, 149.339752, 193.437042, 190.301407
570.648499, 154.054123, 182.978638, 186.688110
576.050415, 162.701965, 178.338013, 182.563217
566.390747, 158.704987, 186.282135, 186.432098
566.016418, 160.384750, 187.223328, 185.343765
573.173218, 161.733139, 183.019287, 186.817429
577.427368, 165.419647, 181.449600, 186.291275
564.952881, 164.727875, 186.750977, 191.296585
580.175781, 172.375519, 176.398865, 182.474472
580.207336, 172.274384, 176.426270, 182.705704
579.521240, 173.277847, 175.310669, 180.770020
571.190552, 167.018677, 183.430023, 184.848740
570.155029, 160.929901, 184.318344, 191.337082
568.072876, 152.226410, 185.202454, 188.961487
567.912415, 152.634766, 184.658020, 188.039886
572.261536, 154.129700, 182.067307, 181.198990
568.315796, 143.076385, 186.635986, 187.287323
569.320801, 138.268539, 187.066452, 187.566177
571.894287, 139.013092, 188.951035, 188.188660
571.534424, 138.732147, 189.230087, 188.439590
575.494873, 137.751434, 184.150253, 191.205002
575.433960, 140.356949, 184.395218, 191.854538
580.133850, 143.004410, 185.533310, 194.158218
588.581909, 151.745041, 185.020493, 185.580078
589.184875, 152.084625, 185.906937, 186.362244
586.674438, 152.670944, 188.754639, 187.752762
589.821289, 154.616989, 185.746964, 183.385513
590.386902, 145.250351, 187.265427, 190.440002
590.389648, 144.597061, 187.488083, 194.600006
590.046387, 144.763641, 188.325195, 195.400894
590.492920, 145.538483, 187.559479, 195.097565
585.485962, 148.260849, 196.188980, 203.243500
589.267883, 145.405823, 186.800049, 189.539917
593.195923, 158.732559, 177.181396, 175.200516
592.333801, 159.198578, 177.697433, 174.683929
587.134338, 155.617310, 181.672134, 176.063583
578.679688, 142.695831, 188.509552, 186.906448
577.343384, 142.274124, 182.236542, 185.088577
574.705139, 145.263962, 185.749863, 189.899002
574.795837, 144.864716, 186.280182, 191.205017
569.285583, 145.911346, 190.478119, 198.463699
573.454834, 147.409927, 186.304504, 197.133560
569.531311, 155.702454, 187.011826, 201.248718
566.801575, 161.128754, 184.966812, 191.896072
566.781921, 160.705994, 186.047180, 193.145309
558.141602, 155.299896, 194.664291, 202.721954
554.463867, 156.665863, 193.655487, 198.163559
555.121094, 157.635071, 186.480484, 196.805237
551.776367, 159.127075, 188.788284, 191.839783
551.511475, 159.199341, 188.906937, 191.882217
551.991516, 158.485306, 187.384811, 195.858276
550.044983, 159.207336, 189.503479, 193.843674
552.466919, 165.137360, 186.929337, 191.412567
552.565125, 160.314743, 186.397247, 188.217194
552.559998, 160.514816, 186.088638, 187.826904
555.438843, 157.047745, 181.509705, 187.437195
553.727722, 151.346848, 182.721130, 185.662918
558.394653, 151.940582, 184.715103, 183.454514
559.054443, 148.025818, 189.422318, 182.946503
559.153564, 148.009689, 188.325699, 181.535446
565.925598, 147.362106, 184.246460, 178.345978
565.229919, 148.110626, 185.309891, 177.468475
564.926636, 146.408325, 186.544373, 185.493454
568.710999, 146.995956, 184.839920, 190.552429
566.510315, 145.461151, 187.666138, 191.350525
568.871887, 147.988647, 184.585999, 195.422760
569.630005, 156.296219, 187.698090, 189.470459
567.351990, 157.984375, 187.391052, 190.561493
568.539856, 159.050690, 186.250580, 189.117798
568.727417, 159.111084, 185.866226, 188.909012
567.887268, 160.520996, 186.127960, 189.802628
566.828674, 160.508362, 187.564957, 188.793030
559.517029, 156.616608, 202.980774, 204.596283
561.003479, 157.724609, 192.870041, 195.668594
560.618103, 157.616913, 192.033005, 195.785294
560.425293, 159.399918, 192.005096, 193.279816
558.572815, 160.351547, 188.179642, 191.405167
558.594299, 163.022003, 187.905258, 188.043671
559.407837, 166.622574, 184.882385, 182.888855
559.493591, 165.810150, 185.631531, 183.020447
543.380371, 167.013031, 189.626465, 182.272446
539.547058, 170.779465, 189.421814, 184.583466
532.799377, 162.254150, 185.178894, 191.980682
522.575073, 158.984009, 195.335114, 198.299713
523.900146, 158.451233, 193.883316, 198.998688
519.264099, 168.451691, 191.656479, 188.444489
