659.464294, 315.423553, 31.076426, 32.145786
658.576355, 316.416107, 30.229555, 30.288792
658.226013, 315.871216, 31.154554, 31.552137
658.220764, 315.860718, 31.126390, 31.503553
658.476257, 317.355286, 32.896118, 33.693741
658.549805, 317.300354, 32.825237, 33.673679
658.570801, 317.295258, 32.853149, 33.653671
658.616882, 315.931519, 30.207628, 31.188881
658.168640, 317.093628, 33.335529, 34.018181
658.080627, 316.916870, 32.873375, 33.292660
658.052856, 316.902039, 32.921009, 33.363079
659.040283, 316.425812, 30.042425, 30.842489
659.197388, 316.624878, 29.555258, 30.000378
659.164429, 316.628510, 29.649515, 30.139486
659.984802, 316.133789, 31.719471, 33.864853
660.010498, 316.171692, 31.684061, 33.842831
658.882141, 316.772095, 31.939302, 33.913109
658.202087, 316.808990, 33.695042, 34.720261
659.960571, 315.982971, 32.576488, 35.092079
658.272461, 316.036133, 30.913113, 31.540808
658.294739, 316.034332, 30.890934, 31.536905
658.491333, 315.398254, 33.250278, 34.125713
659.000305, 316.549286, 32.090328, 33.858253
658.130066, 316.061371, 33.363628, 32.627029
658.117859, 315.767395, 33.498085, 34.033318
658.126709, 315.762390, 33.517174, 34.089355
657.138489, 315.403870, 32.460365, 32.382824
657.097412, 315.350800, 32.510960, 32.404469
656.745056, 315.223694, 33.153439, 33.896954
657.920776, 315.231934, 33.272205, 33.510277
657.509399, 315.191162, 33.384357, 33.988590
657.463196, 315.188934, 33.465134, 34.049664
658.290588, 315.414368, 32.612591, 33.937187
658.311890, 315.405884, 32.521862, 33.867195
658.301208, 315.433380, 32.556953, 33.895699
658.335083, 315.431122, 32.499493, 33.904308
658.318665, 315.421082, 32.556198, 34.001007
658.326782, 315.474457, 32.503021, 33.897804
657.266418, 315.274841, 33.366085, 33.815441
658.161072, 316.798828, 33.951859, 34.887684
658.127014, 316.915131, 33.924641, 34.856792
658.087708, 316.866913, 33.898808, 34.843189
658.287170, 315.270355, 32.723606, 34.072445
658.340820, 315.257935, 32.794300, 34.198734
658.356995, 315.303162, 32.702061, 34.197834
658.359802, 315.299255, 32.690529, 34.137611
658.737366, 315.439117, 32.563255, 33.546234
658.758301, 315.454346, 32.567036, 33.578781
659.212158, 316.131439, 30.056160, 28.391823
659.199402, 316.140472, 30.048033, 28.373466
659.180969, 316.226624, 29.910868, 28.182957
659.609131, 316.419769, 28.424793, 27.950766
658.241821, 315.897827, 30.649872, 31.651485
660.235535, 316.518250, 28.285549, 27.853098
659.625793, 316.371460, 28.260347, 27.750227
659.232910, 316.140381, 29.428427, 28.536680
659.235535, 316.138733, 29.423386, 28.531548
659.260315, 316.353943, 30.008717, 30.594641
659.220642, 316.072357, 29.993721, 29.128721
659.255859, 316.089386, 29.914900, 29.057333
659.273132, 316.120605, 29.897385, 29.056126
659.243896, 316.222290, 29.968897, 29.175390
659.206421, 316.220367, 29.983767, 29.217354
659.163879, 316.235748, 29.971668, 28.217230
659.145630, 316.223480, 29.928194, 28.281475
659.406067, 316.121429, 29.911686, 28.358660
659.375305, 316.259521, 29.452179, 28.474636
658.901672, 315.508087, 32.006531, 32.384716
657.267822, 315.334503, 33.451714, 33.672997
659.306335, 316.106262, 29.541019, 27.961624
657.265137, 315.369629, 33.419830, 33.673302
659.129211, 316.255005, 29.635969, 28.102886
659.130310, 316.254913, 29.630362, 28.097635
659.345947, 316.155945, 29.541964, 28.026058
659.292419, 316.160187, 29.591360, 28.063951
659.310852, 316.401093, 29.277336, 28.345034
659.413330, 316.143799, 33.833908, 34.607475
659.544006, 316.272797, 33.636322, 34.325378
658.009521, 315.769714, 30.790503, 31.362621
659.088623, 316.425659, 29.550407, 27.971180
659.131226, 316.419861, 29.497797, 27.914480
659.174683, 316.437103, 29.455959, 27.910839
659.149841, 316.441315, 29.456148, 27.922169
658.098511, 315.445374, 32.826118, 33.684467
660.035339, 316.167877, 29.880625, 32.157852
659.985596, 316.170593, 29.930525, 32.181385
657.858154, 315.642578, 32.202415, 33.743176
659.257751, 316.541992, 27.645655, 27.652960
659.156555, 316.373138, 29.380478, 27.848438
659.229065, 316.429169, 29.215967, 27.827007
659.241089, 316.417816, 29.192656, 27.802076
659.348633, 316.246857, 29.378714, 28.615946
659.277771, 316.189270, 29.388102, 28.664389
659.277771, 316.180756, 29.326921, 28.624651
657.351501, 315.456116, 31.359894, 31.254641
659.219238, 316.179230, 29.380793, 28.523340
657.357361, 315.482269, 31.466122, 31.300529
657.187988, 315.218719, 31.941633, 32.510345
657.149231, 315.271545, 31.961416, 32.536766
658.206665, 315.346375, 30.945940, 31.995512
659.012024, 316.135071, 29.433025, 28.324408
659.015564, 316.135864, 29.418219, 28.320480
658.948792, 316.450439, 27.875187, 27.655136
659.048096, 316.296265, 28.237600, 28.386642
659.373291, 316.162262, 28.742977, 27.931772
659.396240, 316.191772, 28.736803, 27.921412
659.360229, 316.244995, 28.743858, 27.882902
659.380554, 316.256104, 28.725651, 27.859531
659.753052, 316.719116, 28.176989, 27.742231
659.723938, 316.729767, 28.270491, 27.793726
659.247498, 315.904572, 29.831100, 27.852270
659.217651, 315.888275, 29.830849, 27.855274
659.562622, 316.650513, 28.510105, 27.904026
657.345764, 315.846069, 32.332401, 32.850563
657.787903, 315.808990, 30.933842, 31.393465
657.974670, 316.088074, 33.048660, 32.869015
657.667480, 315.464417, 32.185154, 32.944138
657.293640, 315.663605, 33.852432, 34.283558
657.648315, 315.456360, 32.253769, 33.000389
658.036133, 315.338226, 31.005165, 31.851080
658.011047, 315.333191, 31.038874, 31.915325
657.944397, 315.339447, 31.116877, 31.993477
657.727417, 315.756134, 30.881357, 31.094336
657.879211, 315.344482, 31.182341, 31.970179
657.915527, 315.364471, 31.147497, 31.918400
658.017822, 315.327362, 31.108370, 31.913408
658.020020, 315.328552, 31.109631, 31.909126
658.009338, 315.346710, 31.109064, 31.934862
658.132324, 315.364075, 30.823896, 31.818365
658.133728, 315.367554, 30.825281, 31.814606
657.740417, 315.535797, 32.049122, 32.776669
657.736511, 315.537445, 32.132355, 32.801788
657.805359, 315.569427, 32.092976, 32.742912
659.090576, 315.990509, 30.213299, 28.427847
659.083435, 315.990173, 30.199312, 28.425316
659.097351, 315.990601, 30.219473, 28.458645
657.872437, 315.633392, 31.937096, 32.612438
658.081665, 315.405914, 31.005608, 32.007362
658.079590, 315.404755, 31.008631, 32.010296
658.061768, 315.412323, 30.996534, 32.126274
658.057922, 315.404907, 30.992565, 32.111370
658.057922, 315.399750, 30.990421, 32.121613
658.990662, 315.996582, 30.417566, 28.563007
659.347412, 315.974060, 28.117006, 27.206085
659.348511, 315.979675, 28.087898, 27.172071
659.332458, 315.960754, 28.103838, 27.200811
659.340576, 315.976624, 28.089663, 27.194305
659.561829, 316.419647, 28.170500, 27.110405
657.303406, 316.096222, 31.706429, 31.899973
659.331360, 315.981415, 27.942793, 27.194519
659.331360, 315.981415, 27.942793, 27.194519
657.278076, 316.026703, 31.775862, 31.978859
657.283142, 316.019348, 31.765089, 31.986452
657.310242, 316.046326, 31.712793, 31.896803
657.347107, 316.052124, 31.727915, 31.858625
657.347107, 316.052124, 31.727915, 31.858625
657.358154, 316.111450, 31.724512, 31.777515
657.335754, 316.053040, 31.769184, 31.832014
657.287109, 316.070190, 31.800434, 31.839512
659.839417, 316.866669, 28.335135, 27.549686
659.939880, 316.880798, 28.272696, 27.467276
659.940186, 316.889221, 28.255747, 27.469475
659.932068, 316.902313, 28.267340, 27.447098
659.936096, 316.895996, 28.264254, 27.461834
657.375366, 316.072693, 31.824818, 31.936754
657.425354, 316.095978, 31.777060, 31.919439
657.434753, 316.098999, 31.772461, 31.907660
657.608154, 316.116974, 31.705107, 31.800602
659.445984, 315.907684, 27.748545, 27.184702
657.815613, 316.084656, 31.510731, 31.476728
659.401855, 315.909088, 27.724287, 27.098412
658.252380, 316.026733, 31.445267, 30.821815
657.774353, 316.104218, 31.556473, 31.587217
657.558777, 316.013550, 31.678013, 31.637766
657.608154, 315.978912, 31.647770, 31.645075
657.652710, 315.976807, 31.565357, 31.689924
657.659180, 315.957245, 31.523081, 31.721100
657.676025, 315.935486, 31.514385, 31.747663
657.685730, 315.947205, 31.531397, 31.733400
657.746216, 315.971558, 31.503988, 31.742317
657.753967, 315.992340, 31.513756, 31.751921
657.813721, 315.959839, 31.488363, 31.761147
657.845459, 315.931885, 31.509975, 31.754122
657.845337, 315.922180, 31.493782, 31.734653
657.758667, 315.999786, 31.478975, 31.740828
659.552673, 316.012238, 27.917528, 27.081594
659.488525, 315.960327, 28.126017, 27.260868
657.699707, 315.995789, 31.484016, 31.781773
659.493042, 315.984894, 27.768013, 27.157972
659.168823, 316.068604, 29.848743, 27.321447
659.494263, 315.996002, 27.757870, 27.102457
657.694763, 315.972290, 31.526545, 31.917336
659.480225, 316.012207, 27.673252, 27.001003
659.176636, 316.285004, 29.822281, 27.925859
659.181580, 316.285065, 29.813585, 27.911335
659.077942, 316.473969, 29.789391, 27.990198
659.250488, 316.351776, 29.858950, 27.939034
657.045898, 315.583130, 33.160118, 33.321259
657.048279, 315.585327, 33.142475, 33.329582
659.252380, 316.322998, 29.959635, 28.059931
656.597229, 315.502228, 33.402252, 34.075706
657.531494, 315.615204, 31.622631, 32.465828
656.522217, 315.488586, 33.470867, 34.079777
656.544067, 315.455261, 33.515537, 34.042709
656.544922, 315.455414, 33.515034, 34.043114
656.583557, 315.470001, 33.459839, 34.016407
659.328369, 316.100586, 29.706663, 28.564522
659.425232, 316.099152, 29.621477, 28.581671
659.396240, 315.733307, 29.621857, 28.091959
660.085754, 316.570892, 28.179131, 27.308460
658.122131, 315.888184, 31.626852, 32.636421
659.497620, 315.701813, 29.421621, 28.093803
659.483459, 315.683014, 29.450792, 28.171814
659.295288, 315.914154, 29.217291, 27.094486
659.335205, 315.925171, 29.136894, 27.026905
659.347839, 315.923553, 29.036461, 26.893639
659.341064, 315.926971, 29.026506, 26.888552
659.445984, 315.682220, 29.234051, 27.875736
657.638977, 315.683350, 31.225626, 31.956673
657.638062, 315.676575, 31.223043, 31.961544
657.937561, 315.953583, 30.582895, 31.015732
657.933228, 315.929993, 30.543013, 31.048967
657.955933, 315.967590, 30.503633, 31.050220
658.135498, 315.939484, 31.450937, 32.525105
658.143127, 315.930237, 31.468075, 32.548145
658.154297, 315.885254, 31.425673, 32.554317
658.154541, 315.885284, 31.425484, 32.554104
659.401062, 315.907532, 28.771141, 26.492535
659.494385, 315.964081, 29.319613, 27.029625
659.151733, 316.075928, 29.195301, 28.734690
659.677673, 316.709686, 30.347881, 30.407654
658.844238, 315.715485, 32.367241, 33.247623
659.141968, 316.088165, 29.286535, 28.746090
658.168640, 315.538727, 30.991997, 30.839485
658.131897, 315.521057, 31.002457, 30.864796
658.233154, 315.584259, 30.879278, 30.706526
658.234497, 315.584351, 30.878523, 30.707590
658.243103, 315.583099, 30.870899, 30.711256
658.318054, 315.617065, 30.837694, 30.749504
658.286011, 315.599518, 30.865858, 30.771385
658.273682, 315.607483, 30.876633, 30.781982
658.263367, 315.613617, 30.900450, 30.769114
658.139587, 315.577545, 31.031439, 30.876978
658.712952, 316.453918, 29.475870, 29.349106
658.677307, 316.426453, 29.480280, 29.378651
657.895203, 315.287170, 31.753937, 31.737753
657.848755, 315.282532, 31.801317, 31.806374
657.858765, 315.295563, 31.781912, 31.811293
657.868835, 315.379456, 30.897299, 31.657187
657.864990, 315.374451, 30.898306, 31.654396
659.636414, 316.058533, 32.562943, 33.284214
659.508057, 316.162109, 28.832825, 28.159065
659.508667, 316.164276, 28.820663, 28.143122
659.514465, 316.168243, 28.813923, 28.146173
659.514465, 316.168243, 28.813923, 28.146173
659.481689, 316.153198, 28.849018, 28.164837
659.482849, 316.151978, 28.850971, 28.166397
659.482849, 316.151978, 28.850971, 28.166397
659.482849, 316.151978, 28.850971, 28.166397
659.482849, 316.151978, 28.850971, 28.166397
659.482849, 316.151978, 28.850971, 28.166397
659.482849, 316.151978, 28.850971, 28.166397
659.482849, 316.151978, 28.850971, 28.166397
657.491272, 315.068573, 32.149681, 32.367638
657.491272, 315.068573, 32.149681, 32.367638
658.021362, 315.250977, 33.252357, 34.342030
657.631042, 315.163574, 31.951462, 32.173512
657.664001, 315.181396, 31.951588, 32.124378
657.628723, 315.221222, 31.991030, 32.223751
657.644287, 315.232697, 31.958014, 32.127953
659.317749, 315.857330, 29.379848, 27.010916
657.486572, 315.248871, 32.132607, 32.259964
657.933228, 315.674469, 31.862434, 32.739933
658.123413, 316.235840, 30.574705, 30.719677
658.122009, 316.239441, 30.589006, 30.748938
657.620239, 315.703369, 31.168100, 30.991581
657.641846, 315.749725, 31.138615, 31.012066
657.816345, 315.549744, 31.614313, 31.429443
658.528076, 315.575317, 33.236355, 33.839355
658.473938, 315.579834, 33.318832, 33.950459
659.636169, 316.788452, 28.160732, 27.765129
659.632813, 316.767609, 28.220526, 27.756517
659.612183, 316.762543, 28.200365, 27.731043
659.632874, 316.757477, 28.197655, 27.762289
657.381470, 315.602020, 33.361423, 33.448185
658.144409, 315.904816, 31.968033, 32.036671
659.744934, 316.684845, 28.169428, 27.849480
657.548584, 315.251953, 31.916744, 31.726303
657.603760, 315.237183, 31.901434, 31.736807
657.795044, 315.469635, 31.964441, 31.824184
657.752502, 315.461090, 31.996008, 31.830572
659.231628, 315.963379, 26.299393, 27.108772
657.659302, 315.424713, 32.129330, 31.930582
657.766785, 315.282013, 32.127819, 32.101646
658.013000, 315.405945, 31.875729, 31.718498
657.937378, 315.388580, 31.865646, 31.780046
657.985352, 315.372925, 31.827969, 31.808598
657.952698, 315.369263, 31.841074, 31.820496
658.055176, 315.385040, 31.626223, 31.702816
658.024475, 315.349243, 31.705925, 31.784351
658.621582, 316.440887, 29.204437, 28.289471
658.623169, 316.442291, 29.195616, 28.281382
658.628601, 316.449951, 29.183331, 28.294178
658.634399, 316.441437, 29.172556, 28.279442
658.645813, 316.437805, 29.168713, 28.325922
659.512146, 316.926270, 28.426558, 27.712025
659.057007, 315.779694, 26.465540, 26.215401
658.431091, 315.575104, 31.280252, 31.269684
658.942322, 316.501251, 29.214708, 28.006496
658.975464, 316.490417, 29.190891, 27.939270
659.066101, 316.530426, 29.116795, 27.894352
657.948975, 315.840637, 31.614944, 32.074493
658.000732, 315.853821, 31.532721, 31.874687
657.967346, 315.855713, 31.438652, 31.958588
657.555237, 316.013855, 31.555592, 31.598524
658.113831, 316.027191, 31.268911, 30.753099
657.619812, 315.723297, 29.807789, 28.733980
657.717285, 315.439117, 31.689291, 31.880932
658.845520, 316.203613, 30.098186, 30.085674
659.014832, 316.169312, 29.747807, 29.568499
658.977051, 316.158020, 29.724367, 29.534485
658.942932, 316.129822, 29.809175, 29.602348
659.255249, 315.961945, 27.462746, 26.640207
658.994690, 315.930664, 29.860022, 27.946320
658.994690, 315.930664, 29.860022, 27.946320
658.970032, 315.933411, 30.002354, 28.139906
658.954773, 315.942566, 30.021759, 28.149437
658.976440, 315.981384, 29.989626, 28.119965
659.396179, 316.597778, 28.495235, 27.334457
659.465454, 316.624298, 28.471922, 27.357260
659.636047, 316.610779, 28.326063, 27.377153
659.526550, 316.619202, 28.483957, 27.481066
659.507507, 316.613953, 28.478539, 27.469452
659.395813, 316.589752, 28.555407, 27.507605
659.396912, 316.625153, 28.490068, 27.401682
659.369080, 316.612793, 28.501535, 27.343256
659.402222, 316.628723, 28.498764, 27.330317
659.471375, 316.562775, 28.421139, 27.268461
659.535034, 316.515106, 28.389320, 27.197498
659.412903, 316.512848, 28.420195, 27.306639
659.436096, 316.486725, 28.515461, 27.305197
659.535583, 316.508789, 28.427755, 27.267185
659.542603, 316.512726, 28.428574, 27.265600
659.596375, 316.566132, 28.339231, 27.167482
658.122925, 315.335724, 30.602428, 31.614656
658.110474, 315.340027, 30.617613, 31.606613
659.733276, 316.632660, 28.229410, 27.111019
659.724854, 316.637909, 28.244280, 27.165661
659.810730, 316.657471, 28.218195, 27.192366
660.064209, 317.117676, 29.921768, 30.255747
660.130615, 317.110291, 29.871803, 30.221024
659.144897, 316.179932, 28.074413, 27.549355
657.870544, 315.787201, 30.696308, 30.745247
657.267456, 315.916992, 32.454632, 32.427723
657.264954, 315.916351, 32.457279, 32.429733
659.316101, 316.021179, 27.471315, 26.787336
659.309631, 316.011078, 27.472008, 26.796797
657.727844, 315.717407, 30.823771, 30.948271
659.624329, 316.538605, 28.360842, 27.276102
659.598816, 316.495178, 28.399591, 27.336941
659.598816, 316.495178, 28.399591, 27.336941
659.552551, 316.483948, 28.410744, 27.386284
659.483093, 316.453156, 28.472113, 27.395981
659.075867, 316.294983, 27.978518, 28.235516
657.236816, 315.531647, 31.515015, 31.463837
658.166260, 315.398010, 31.718338, 31.605171
657.227600, 315.537567, 31.525663, 31.387718
658.203918, 315.436584, 31.628113, 31.490141
659.043213, 316.517151, 27.744953, 27.782112
659.016846, 316.519348, 27.775385, 27.810520
659.028992, 316.568054, 27.637463, 27.662918
659.045349, 316.561188, 27.640362, 27.710842
659.046875, 316.569214, 27.625681, 27.713184
658.831055, 316.541870, 29.531694, 28.067524
659.030273, 316.573059, 27.666447, 27.736246
658.784912, 316.519196, 29.577122, 27.996277
659.032410, 316.226044, 29.791910, 27.935390
659.015991, 316.197510, 29.738607, 27.885931
658.992188, 316.171783, 29.921263, 27.998619
659.183838, 316.143005, 27.881426, 27.190924
659.243774, 316.109680, 27.850300, 27.205235
659.618591, 316.524231, 28.474129, 27.154047
659.712280, 316.480377, 28.412130, 27.197002
659.403687, 316.051422, 27.670416, 26.851675
659.403687, 316.051422, 27.670416, 26.851675
659.431152, 316.058716, 27.633556, 26.827761
659.424805, 316.062164, 27.632486, 26.814137
659.449707, 316.074249, 27.566393, 26.730352
658.402161, 315.772339, 32.979225, 33.594959
658.402161, 315.772339, 32.979225, 33.594959
658.395935, 315.765961, 32.987919, 33.606052
658.362671, 315.808838, 32.995419, 33.631294
658.397522, 315.817566, 32.953392, 33.565960
658.211426, 315.735626, 33.171333, 33.080933
659.306824, 315.967163, 27.939707, 27.139570
659.259338, 315.967987, 27.873045, 27.079962
659.258850, 315.968262, 27.873423, 27.080530
658.405457, 315.829498, 33.255196, 33.859486
658.222717, 315.719269, 33.229488, 33.144184
658.269531, 315.687073, 33.252735, 33.039253
658.604248, 315.844482, 33.100826, 33.509285
658.582764, 315.819244, 33.116894, 33.543392
658.562134, 315.797485, 33.154823, 33.593044
658.561462, 315.835388, 33.132835, 33.523594
657.197266, 315.731537, 31.804846, 32.303680
658.327332, 315.660156, 31.138678, 30.774933
658.374634, 315.799896, 32.716679, 33.411736
658.355469, 315.674957, 32.874195, 33.189198
658.433228, 315.786652, 32.784473, 33.468365
658.501587, 315.782318, 32.766640, 33.474396
658.496338, 315.787170, 32.780376, 33.527805
658.603760, 315.772461, 33.268490, 33.738873
658.614441, 315.705566, 33.289974, 33.763355
658.087036, 315.377686, 33.014320, 33.866440
658.251587, 315.600159, 32.874760, 32.976402
658.126343, 315.344635, 32.971035, 33.757439
657.691711, 315.331787, 33.099129, 33.928391
657.682312, 315.307434, 33.105553, 33.945324
657.651978, 315.298218, 33.156273, 34.011368
659.450073, 316.001648, 27.633242, 26.749750
657.627075, 315.264038, 33.109020, 33.996773
657.559448, 315.245453, 33.196598, 34.070408
657.599609, 315.261047, 33.145561, 34.018654
657.950012, 315.308075, 33.024403, 33.916348
657.977295, 315.303375, 32.999638, 33.890614
658.130005, 315.461304, 33.133152, 33.405987
658.123291, 315.460449, 33.124519, 33.357166
657.986938, 315.243500, 33.044563, 33.949017
657.493347, 315.429810, 33.296780, 33.607639
657.497681, 315.436981, 33.292431, 33.610359
658.056091, 315.330017, 32.927937, 33.669540
659.410889, 316.765442, 29.044842, 27.814425
659.365417, 316.751801, 29.083843, 27.807777
657.967285, 315.387024, 32.895992, 33.577126
657.503662, 315.351105, 33.223503, 33.970543
657.276123, 315.677094, 33.924007, 33.834930
657.561462, 315.342072, 33.137562, 33.948730
657.911072, 315.397339, 32.977272, 33.445042
657.931641, 315.394928, 32.931908, 33.419991
657.724548, 315.356384, 33.001213, 33.846310
657.715759, 315.337646, 33.079720, 33.898705
656.970032, 315.472290, 33.035805, 34.391750
659.070984, 316.787537, 29.196814, 28.049238
658.777527, 316.197418, 29.354204, 28.665171
658.777527, 316.197418, 29.354204, 28.665171
658.553833, 316.405701, 30.248646, 28.602108
658.871582, 316.164124, 30.597010, 29.072802
658.538696, 316.392212, 30.275549, 28.600191
658.507324, 316.369202, 30.242092, 28.580463
658.504456, 316.370636, 30.241337, 28.576443
658.504578, 316.364136, 30.207628, 28.491903
658.517517, 316.380493, 30.276747, 28.520264
658.466736, 316.372803, 30.372202, 28.615732
659.484985, 316.878906, 28.669827, 27.647402
659.233459, 316.020721, 28.235710, 27.247787
657.592041, 315.805725, 31.265383, 31.455795
659.236206, 316.030396, 28.283785, 27.242750
659.233826, 316.111511, 28.153046, 27.198990
659.154236, 316.107025, 28.268412, 27.302925
659.156128, 316.107300, 28.248186, 27.289064
659.127625, 316.129669, 28.307476, 27.321684
659.146423, 316.242401, 28.427629, 27.348295
659.158447, 316.254120, 28.456989, 27.345858
659.246765, 316.264709, 28.300922, 27.224844
659.264160, 316.247925, 28.320076, 27.263424
659.288757, 316.231201, 28.304514, 27.297108
659.315186, 316.212646, 28.256945, 27.278112
657.915039, 316.087830, 31.071386, 31.199076
657.922668, 316.087097, 31.048704, 31.179987
659.394409, 316.222656, 28.151472, 27.201096
659.384827, 316.212280, 28.177618, 27.205235
659.383179, 316.209564, 28.182659, 27.208380
659.290710, 316.189209, 28.296701, 27.278870
659.344543, 316.203735, 28.086889, 27.090866
659.342712, 316.208496, 28.096844, 27.100328
657.785706, 315.915009, 31.139181, 31.477108
659.371704, 316.207947, 27.942352, 27.018082
659.372986, 316.225922, 27.896673, 26.999018
659.378296, 316.220795, 27.883505, 26.999846
659.373108, 316.208649, 27.883188, 26.982246
659.355713, 316.214508, 27.880920, 26.998970
659.330322, 316.217499, 27.891003, 26.966539
659.325806, 316.215912, 27.902721, 26.976049
659.334351, 316.221619, 27.832279, 26.933802
659.354065, 316.233856, 27.813377, 26.907333
659.345520, 316.228058, 27.849482, 26.929829
659.345520, 316.228058, 27.849482, 26.929829
659.334900, 316.216675, 27.868761, 26.944235
659.302124, 316.692596, 27.556688, 27.171551
659.282349, 316.675720, 27.604008, 27.200621
658.179138, 315.377563, 32.459545, 33.191158
659.196472, 316.543823, 27.758625, 26.566832
658.368103, 315.401978, 32.299446, 33.040459
659.246521, 316.576172, 27.613962, 26.472664
659.248901, 316.574310, 27.596447, 26.495680
659.264954, 316.582367, 27.526823, 26.452463
659.278015, 316.622742, 27.570551, 26.483356
659.286011, 316.621063, 27.523611, 26.478672
658.643188, 315.408325, 31.983847, 32.844650
658.902649, 316.927216, 31.446905, 30.882725
658.867004, 316.973389, 31.440794, 30.821177
658.809570, 316.993530, 30.980719, 30.249550
658.917664, 316.932220, 31.433548, 30.992481
659.537659, 316.812469, 28.320330, 27.827173
659.537659, 316.812469, 28.320330, 27.827173
657.928101, 315.551178, 33.184563, 33.180470
657.875793, 315.539276, 33.168560, 33.228535
657.907227, 315.584717, 33.021942, 33.122421
657.804688, 315.489136, 33.342079, 33.494644
657.339050, 316.114075, 33.657364, 32.611656
657.816589, 315.445557, 33.433376, 33.580296
656.936768, 315.107544, 33.173286, 33.501099
657.764343, 315.443512, 33.436970, 33.523170
657.164001, 315.378387, 32.235054, 32.116032
657.151733, 315.366211, 32.239277, 32.179283
657.842224, 315.349426, 33.474205, 33.543606
658.887878, 316.255737, 30.159113, 27.971109
658.330261, 315.568481, 32.654488, 32.818253
659.415833, 316.847595, 28.403057, 28.042946
658.901367, 316.229553, 30.020247, 27.980618
657.511108, 315.334351, 31.836349, 31.746647
658.937317, 316.258789, 30.108644, 28.050682
658.936768, 316.241333, 30.175873, 28.096619
658.938904, 316.217957, 30.256962, 28.130255
658.930298, 316.231567, 30.141157, 28.058960
657.692627, 315.410675, 31.520559, 31.373360
658.440308, 316.022217, 32.497414, 31.687204
658.440308, 316.022217, 32.497414, 31.687204
659.238220, 316.550659, 28.964193, 28.167818
659.172607, 316.630798, 29.054482, 28.134441
659.134094, 316.622986, 29.105328, 28.137730
659.150452, 316.636536, 29.035265, 28.108965
658.905273, 316.207642, 30.144875, 27.945847
658.078857, 316.088013, 33.128803, 32.686592
658.040100, 316.058685, 33.110344, 32.721058
658.133240, 316.086243, 33.099129, 32.717247
658.999939, 316.148376, 29.888437, 28.141514
658.055542, 315.698761, 33.123699, 32.358910
659.170593, 315.347412, 32.544228, 32.297882
659.175537, 315.376007, 32.514236, 32.294476
658.646851, 315.992096, 33.193386, 32.955967
659.171509, 315.444336, 32.344559, 32.268932
659.076965, 315.480072, 32.582474, 32.494022
659.163269, 315.405182, 32.509827, 32.378922
659.235291, 315.379639, 32.486450, 32.306778
659.234619, 315.371674, 32.553555, 32.363525
659.228149, 315.366974, 32.549709, 32.341171
658.888977, 315.923370, 33.114124, 33.090534
659.372803, 315.356506, 32.676414, 32.624573
659.346436, 315.349762, 32.675785, 32.632355
658.927856, 315.925385, 33.308811, 33.281189
659.019531, 315.927094, 33.123196, 33.155159
659.427856, 315.397980, 32.613281, 32.728081
659.342346, 315.407227, 32.632626, 32.632164
658.190491, 315.762756, 31.732073, 31.724245
658.103455, 315.770508, 31.785061, 31.701254
658.694031, 315.726074, 33.273212, 33.660458
658.325623, 315.611115, 31.699940, 31.897253
658.316284, 315.612091, 31.706743, 31.890913
657.537903, 315.446533, 33.489326, 33.869183
657.606445, 315.469635, 33.443333, 33.821968
656.993469, 315.661652, 33.693214, 33.709965
656.983948, 315.711060, 33.527760, 33.465004
658.296936, 316.221161, 31.067417, 30.562210
658.296936, 316.221161, 31.067417, 30.562210
658.711060, 316.431610, 34.413506, 34.560452
657.783020, 315.817596, 31.168100, 31.074324
657.837219, 315.692688, 31.771767, 31.416647
657.846008, 315.628723, 31.833450, 31.416315
658.918701, 316.078705, 30.267548, 28.247934
658.920837, 316.102692, 30.485739, 28.428038
658.935730, 316.092987, 30.736568, 28.601328
658.930542, 316.073914, 30.785398, 28.639032
658.530762, 315.913544, 33.131763, 32.638432
658.480835, 315.937927, 33.202332, 32.594601
658.787048, 315.954865, 32.417774, 31.604509
659.058777, 316.105621, 30.298862, 28.787083
658.206726, 316.399902, 32.304615, 31.624426
658.996887, 316.135406, 30.531860, 29.098656
659.007324, 316.153961, 30.503508, 29.092979
658.452026, 315.664276, 32.760971, 32.622017
659.025146, 316.156616, 30.421535, 28.968439
657.811768, 315.695618, 30.979460, 31.204042
657.768555, 315.689240, 31.034149, 31.228596
658.568726, 316.257416, 31.534359, 28.705122
658.591675, 316.247559, 31.456734, 28.567242
658.594299, 316.231445, 31.435879, 28.553617
658.585388, 316.230743, 31.455727, 28.579613
658.591125, 316.230225, 31.390577, 28.549431
658.585876, 316.252136, 31.527428, 28.605042
658.601013, 315.415894, 32.103874, 32.472855
658.604065, 315.415558, 32.097195, 32.471672
657.620728, 315.652985, 31.250010, 31.486475
657.450073, 315.556519, 31.331224, 31.739054
657.457153, 315.561768, 31.326752, 31.736404
658.026550, 315.463898, 33.506149, 33.063995
658.061218, 315.469696, 33.607529, 33.143921
658.272888, 315.406006, 33.478554, 33.752380
658.311707, 315.450012, 33.449821, 33.792423
658.271484, 315.478210, 33.517868, 33.881081
657.486572, 316.072174, 33.414726, 32.628189
657.493286, 316.073273, 33.405212, 32.620575
657.540771, 316.103058, 33.327526, 32.509468
657.673584, 316.114685, 33.220982, 32.328682
657.332825, 315.675873, 33.182106, 33.350803
657.084778, 315.692322, 31.824440, 32.417740
657.093689, 315.708527, 31.836664, 32.411118
658.810364, 316.479156, 29.170351, 29.072376
658.737976, 316.447845, 29.289181, 29.237789
658.738953, 316.448639, 29.289118, 29.245382
658.781006, 316.458710, 29.249361, 29.292053
658.408936, 316.525848, 29.439957, 29.470665
658.403381, 316.532196, 29.459677, 29.483036
657.463684, 315.575470, 31.157200, 31.804789
657.151123, 315.714386, 31.633341, 31.460337
657.391052, 315.541199, 31.263744, 31.919275
657.382080, 315.552917, 31.270990, 31.895432
657.382080, 315.552917, 31.270990, 31.895432
657.383118, 315.557983, 31.271305, 31.901794
657.718933, 315.417542, 31.678391, 31.629770
657.757751, 315.430817, 31.650101, 31.623407
657.262939, 315.760010, 31.502350, 31.416624
657.257324, 315.753662, 31.496679, 31.400846
658.383545, 316.342834, 31.098415, 30.433344
658.383545, 316.342834, 31.098415, 30.433344
657.968384, 315.919128, 30.536396, 31.118036
657.968384, 315.919128, 30.536396, 31.118036
658.234009, 315.766693, 29.444870, 29.199471
657.323181, 315.905640, 31.462530, 31.904821
657.528748, 315.692261, 30.804300, 30.819380
658.141296, 315.835632, 29.556707, 29.390596
658.180298, 315.824768, 29.520794, 29.379147
658.080811, 315.823822, 29.499496, 29.460943
658.119568, 315.832886, 29.466986, 29.432629
658.119568, 315.832886, 29.466986, 29.432629
658.119568, 315.832886, 29.466986, 29.432629
658.119568, 315.832886, 29.466986, 29.432629
658.119568, 315.832886, 29.466986, 29.432629
658.856323, 316.366638, 28.379366, 27.641914
659.563232, 316.551392, 28.997019, 28.257986
658.837219, 316.368805, 28.388313, 27.648088
658.871765, 316.357819, 28.220652, 27.385857
657.736938, 315.731079, 31.498066, 31.878803
659.551758, 316.626617, 28.849773, 28.054089
659.492065, 316.629120, 28.906794, 28.066578
657.087585, 315.854065, 31.917690, 31.771318
657.755371, 315.747559, 31.488426, 31.868015
657.752014, 315.747559, 31.491009, 31.855644
657.807373, 315.766205, 31.452953, 31.858412
658.612854, 316.648865, 30.424372, 30.193607
658.614685, 316.638855, 30.358402, 30.142326
659.070618, 315.822601, 29.736717, 28.151945
659.079895, 315.807465, 29.746357, 28.195280
659.108398, 315.804749, 29.758076, 28.159397
659.107117, 315.802917, 29.758581, 28.163063
659.104004, 315.788879, 29.771181, 28.220116
659.195557, 315.740356, 29.656761, 28.179432
659.209717, 315.726196, 29.616501, 28.138155
659.120117, 315.962982, 29.812830, 27.484543
659.120117, 315.962982, 29.812830, 27.484543
659.100952, 315.973694, 29.822973, 27.460178
659.176880, 315.732025, 29.873631, 28.193388
659.186096, 315.718323, 29.874260, 28.179762
659.190857, 315.740051, 29.871552, 28.171507
659.170288, 315.754120, 29.825808, 28.173258
659.165100, 315.778168, 29.833179, 28.201643
658.831726, 316.647339, 30.042299, 29.850883
659.170654, 315.823395, 29.911623, 28.379759
659.242859, 315.973419, 28.518673, 27.734188
659.248108, 315.967346, 28.531904, 27.775417
659.289978, 316.003052, 28.302120, 27.587486
659.289978, 316.003052, 28.302120, 27.587486
659.305298, 316.027039, 28.286684, 27.549568
659.300598, 316.031677, 28.222227, 27.509829
659.205017, 316.047546, 29.894108, 27.817499
659.237854, 316.039856, 29.878735, 27.815298
659.239807, 316.031036, 29.789391, 27.726761
659.224487, 316.031738, 29.800983, 27.783106
657.604431, 315.166321, 31.933504, 31.770536
657.554871, 315.138611, 31.972631, 31.878731
657.569031, 315.160370, 31.935017, 31.830713
659.337219, 315.887878, 27.870714, 27.358656
659.333130, 315.890137, 27.887474, 27.364332
659.391235, 315.936768, 27.910471, 27.405373
659.390076, 315.935486, 27.912991, 27.406626
659.363403, 315.917969, 28.007627, 27.442060
659.356812, 315.921478, 28.019157, 27.454029
659.322571, 315.933136, 28.083424, 27.462994
659.338806, 315.938416, 28.035351, 27.384155
659.356506, 315.930237, 27.960876, 27.271654
659.354431, 315.932831, 27.966484, 27.274021
659.303345, 315.935150, 28.038248, 27.315651
659.242249, 315.957336, 28.117889, 27.389666
659.244263, 315.967773, 28.146620, 27.427347
659.212463, 315.919403, 28.141516, 27.349360
659.216858, 315.941467, 28.115683, 27.324215
659.181030, 315.890656, 28.170437, 27.356007
659.295837, 315.897705, 28.018717, 27.266924
657.307068, 315.354462, 32.181877, 32.140606
657.307068, 315.354462, 32.181877, 32.140606
657.372070, 315.496124, 33.842289, 34.091698
657.496277, 315.521851, 33.770271, 34.049641
657.553955, 315.536835, 33.705124, 34.006615
657.412964, 316.920532, 34.853355, 35.304638
657.429993, 316.907959, 34.809189, 35.275990
657.885498, 315.671417, 32.945076, 33.351818
658.689392, 317.270935, 31.097408, 30.175016
657.688416, 316.881378, 33.665745, 34.015129
657.634644, 316.851929, 33.765926, 34.079845
657.667542, 316.959900, 33.759186, 34.016407
657.665771, 316.957977, 33.764538, 33.996609
657.729980, 315.493317, 31.813414, 31.558146
659.428650, 316.177216, 32.513733, 34.210228
659.978333, 316.265015, 29.758707, 31.881428
659.968811, 316.264191, 29.774206, 31.905485
657.527649, 315.776733, 32.166565, 33.126228
659.793030, 316.258087, 29.976206, 32.135639
657.515686, 315.809387, 32.144260, 33.158302
657.552002, 315.815125, 32.179356, 33.194115
659.843567, 316.328369, 30.035620, 32.277706
659.872559, 316.317749, 30.010796, 32.314274
659.783569, 316.345551, 30.095036, 32.323761
659.779785, 316.347351, 30.166233, 32.430702
657.846619, 315.706390, 31.724512, 31.816828
659.846191, 316.356934, 30.114441, 32.448135
657.861511, 315.678101, 31.764080, 31.860565
657.901489, 315.707794, 31.678959, 31.730112
657.726868, 316.992554, 34.670700, 35.170494
657.677734, 316.825562, 33.757484, 34.317738
657.703735, 316.813110, 33.762081, 34.342125
657.628052, 316.814606, 34.784740, 35.397339
657.637573, 316.822784, 34.771572, 35.392796
657.682251, 316.814209, 34.757839, 35.391945
657.694702, 316.839783, 34.736732, 35.361408
659.932678, 316.009399, 34.501339, 35.751110
657.867737, 316.283112, 35.056805, 35.242332
658.077026, 316.292572, 34.851089, 35.087749
658.104309, 316.317841, 34.816055, 35.066414
659.502930, 315.727997, 33.480442, 35.879742
659.563599, 315.687927, 33.435646, 35.894100
659.537598, 315.688629, 33.446796, 35.819920
659.563110, 315.686035, 33.418068, 35.798985
659.539978, 315.710358, 33.437473, 35.782616
657.907471, 316.724762, 34.563274, 35.342602
659.607910, 315.751434, 33.497959, 35.852680
659.647827, 315.790436, 33.416176, 35.799057
659.611145, 316.051575, 32.449593, 34.642059
659.628723, 316.051422, 32.424454, 34.620651
659.567566, 316.087006, 32.333534, 34.548695
659.533691, 316.111115, 32.406055, 34.535496
659.537476, 316.095032, 32.370895, 34.511726
659.905029, 316.469604, 29.732433, 31.865084
659.875610, 316.465820, 29.760723, 31.901747
659.914246, 316.470154, 29.721344, 31.894911
659.924622, 316.469788, 29.709688, 31.887934
659.754761, 316.430450, 29.924477, 32.082535
659.806885, 316.410522, 29.924540, 32.164452
659.765503, 316.397095, 29.968645, 32.183113
658.829346, 316.468170, 30.225080, 29.244909
658.829346, 316.468170, 30.225080, 29.244909
660.030823, 316.172791, 32.541519, 33.992516
660.049866, 316.151855, 32.530239, 34.023525
659.971191, 316.156433, 32.628025, 34.086800
660.745056, 316.320099, 31.851849, 34.033318
660.768311, 316.321747, 31.807932, 34.026413
660.773010, 316.317993, 31.808752, 34.023502
660.770691, 316.398041, 31.709265, 33.897072
658.435913, 315.254517, 31.533728, 33.122540
658.003296, 315.009644, 32.964039, 34.162354
660.773315, 316.556122, 31.656277, 33.872990
658.473694, 315.424347, 33.249146, 33.936764
658.435730, 315.389313, 33.283169, 34.011745
658.421509, 315.379486, 33.438984, 34.180969
658.487610, 315.498993, 33.308182, 34.101608
658.487061, 315.474335, 33.338867, 34.156132
658.483093, 315.488525, 33.448750, 34.202446
658.466309, 315.606445, 33.421658, 34.063549
658.489502, 315.650574, 33.409874, 34.018986
657.895569, 315.780487, 33.671543, 33.434113
657.926819, 315.778290, 33.671101, 33.441113
659.203979, 315.822693, 27.853325, 27.935793
659.204773, 315.790894, 27.812559, 27.864925
659.254150, 315.849152, 29.369200, 27.964439
659.216431, 316.078522, 29.258245, 27.197098
659.241638, 316.166046, 29.356409, 27.252283
657.797913, 315.783447, 33.769012, 33.448235
658.503601, 315.681152, 32.730537, 33.552902
659.223450, 316.266235, 29.530119, 27.382830
659.088623, 316.312531, 28.144541, 27.814518
659.031677, 316.308716, 28.061813, 28.609913
659.173889, 316.031189, 28.047636, 27.176802
658.349731, 315.702393, 32.758953, 31.774677
658.598572, 315.690338, 33.285816, 32.889072
658.815613, 315.615784, 33.053196, 33.455093
658.859070, 315.603210, 33.030197, 33.435127
658.892029, 315.599091, 32.985527, 33.314209
659.218323, 315.969543, 28.229536, 27.199368
659.217590, 315.970123, 28.240814, 27.216660
659.236023, 315.982330, 28.199104, 27.145863
659.233765, 315.967743, 28.154243, 27.079962
659.162598, 315.959503, 28.195702, 27.107258
659.182434, 315.953827, 28.137735, 27.091528
659.274231, 315.970856, 28.034090, 26.973330
659.308533, 315.968170, 27.937817, 26.842474
659.469666, 315.440918, 32.447891, 31.997972
658.987915, 315.907410, 33.249775, 32.817307
658.975830, 315.888123, 33.284367, 32.843513
658.694397, 315.401672, 32.939655, 33.135429
659.405212, 315.429901, 32.476624, 32.069218
659.383484, 315.410553, 32.492878, 32.117001
659.361755, 315.396576, 32.504787, 32.150566
659.325256, 315.353485, 32.570248, 32.196362
659.352356, 315.978699, 27.759760, 26.713440
659.346497, 315.968933, 27.729832, 26.677059
659.346558, 315.990387, 27.794538, 26.730423
659.183105, 316.399109, 27.691460, 26.940001
658.357300, 315.376221, 33.205608, 33.335354
658.365540, 315.389954, 33.190296, 33.300537
660.166565, 316.798859, 28.195702, 27.843967
660.166565, 316.798859, 28.195702, 27.843967
658.059265, 315.084991, 31.013672, 32.215755
657.364685, 315.312500, 33.289783, 33.549519
659.478638, 316.528046, 28.953293, 28.225723
657.382385, 315.312103, 31.668499, 32.548737
657.379761, 315.293304, 31.652622, 32.580196
660.310425, 316.772217, 28.119968, 27.885267
657.499573, 315.283844, 31.541666, 32.488655
658.721436, 316.096893, 33.686474, 34.941971
657.263977, 315.440613, 31.384277, 31.358576
657.483765, 315.367828, 31.542990, 32.302353
657.498596, 315.369965, 31.549795, 32.287121
660.014465, 316.654877, 28.359140, 27.862135
659.215759, 316.294556, 27.915512, 28.100569
660.186768, 315.974396, 33.782623, 35.111691
658.309021, 315.223541, 30.876696, 31.944206
658.332703, 315.224182, 30.875498, 32.040028
660.146362, 315.961884, 33.850353, 35.180004
660.142639, 315.951111, 33.881985, 35.182888
656.703796, 315.778229, 35.469749, 35.207653
657.274109, 315.523560, 33.462547, 32.973446
656.827454, 315.559540, 33.581505, 33.071754
656.840576, 315.580536, 33.570164, 33.052048
658.546387, 315.758911, 33.487312, 33.893238
658.526306, 315.743347, 33.668327, 34.030220
658.533203, 315.743744, 33.656860, 34.033463
657.223450, 315.522369, 31.494852, 31.417782
658.588989, 315.824951, 34.389252, 34.548744
657.137756, 315.521240, 31.532658, 31.487019
658.073364, 315.134155, 31.115364, 32.317493
656.813477, 315.378479, 33.586926, 33.999920
657.178955, 315.532440, 33.326519, 33.032040
656.776550, 315.328491, 33.734234, 34.183617
657.338135, 315.447388, 31.603161, 32.376652
659.033508, 315.790619, 29.747492, 28.361900
659.188477, 315.840088, 29.634457, 28.130894
659.196655, 315.847137, 29.636284, 28.124767
659.241333, 315.878418, 29.518652, 27.976076
659.253906, 315.901337, 29.500946, 28.009027
659.304688, 315.941803, 29.437815, 27.896717
657.170776, 315.406128, 31.701578, 32.459915
658.320007, 316.026550, 32.514553, 31.892332
658.332703, 316.035248, 32.510960, 31.890347
658.430359, 315.665649, 32.853970, 33.183094
658.047485, 315.047485, 31.243015, 32.644489
659.271790, 316.374420, 29.219873, 29.245691
658.067566, 315.075195, 31.197903, 32.625469
658.052551, 315.066101, 31.211954, 32.636044
659.361938, 316.181030, 29.181440, 29.402306
659.132629, 315.426758, 31.324799, 32.418755
659.033813, 315.440125, 31.391333, 32.408066
659.165649, 315.973999, 29.911245, 28.476740
659.176453, 315.960724, 29.955603, 28.513475
657.454407, 315.097504, 32.111561, 32.321560
657.494873, 315.086792, 32.108978, 32.289864
657.554321, 315.105255, 32.055359, 32.249676
657.346619, 315.140961, 32.155666, 32.564964
659.352112, 315.995575, 27.865358, 28.329611
659.210205, 315.977631, 29.742451, 28.351540
658.027161, 315.914185, 31.148129, 31.551334
658.027161, 315.914185, 31.148129, 31.551334
658.030457, 315.926331, 31.130297, 31.559519
658.009949, 315.896149, 31.145166, 31.552683
658.037964, 315.911224, 31.111458, 31.502605
658.031433, 315.906403, 31.073339, 31.479851
658.059692, 315.922607, 30.972780, 31.383200
658.057373, 315.918213, 30.973221, 31.390249
658.131226, 315.947327, 30.924265, 31.332037
658.764954, 316.027069, 30.542004, 31.062923
658.079041, 315.954773, 30.960241, 31.382467
658.077026, 315.984894, 30.955832, 31.332392
658.061829, 316.005676, 31.015877, 31.379604
658.057190, 315.992401, 31.043663, 31.421284
658.011719, 315.924866, 31.091801, 31.558241
657.970093, 315.923584, 31.124689, 31.510246
659.024536, 316.099548, 29.184589, 28.336967
657.004822, 315.743286, 33.573502, 33.398441
657.047424, 315.681213, 33.542442, 33.536415
657.031677, 315.638123, 33.488380, 33.428719
657.096497, 315.624847, 33.515095, 33.455872
657.697632, 315.793396, 31.240559, 31.798000
657.829041, 315.623291, 31.546329, 31.768148
657.805969, 315.627930, 31.613935, 31.908535
657.805969, 315.627930, 31.613935, 31.908535
657.624939, 315.630249, 31.245726, 31.947517
657.612244, 315.626556, 31.253979, 31.962917
659.077087, 316.102020, 29.326921, 28.425127
659.109253, 316.180817, 29.275635, 28.325142
657.755432, 315.749725, 31.135590, 31.761974
659.010803, 316.247955, 29.495213, 29.085670
659.015808, 316.245667, 29.490425, 29.096031
658.001526, 315.650574, 31.075985, 31.421118
658.044189, 315.652100, 31.050909, 31.434790
658.051086, 315.652100, 31.036165, 31.366831
658.078613, 315.680542, 31.027029, 31.316093
658.152222, 315.688843, 30.958162, 31.253315
657.683350, 314.914276, 33.306671, 34.314613
658.226807, 315.709656, 30.872475, 31.213575
658.982727, 316.615784, 33.037189, 34.108208
659.076111, 316.648529, 32.937767, 34.145180
658.960449, 315.882904, 29.676987, 28.222931
658.953796, 315.890381, 29.688265, 28.259689
658.953247, 315.890472, 29.670876, 28.241074
658.919556, 315.876068, 29.739994, 28.284006
659.358765, 316.330994, 27.787481, 27.649460
659.029541, 316.347107, 27.786852, 28.135529
658.820251, 316.220673, 29.404358, 28.166895
658.845520, 316.217010, 29.329506, 28.142460
658.846375, 316.216766, 29.327868, 28.139503
658.739624, 316.605042, 33.143673, 34.228489
657.928528, 315.693787, 30.769773, 31.462513
659.121277, 316.548523, 34.178116, 34.501080
658.885254, 316.715790, 33.082809, 34.063477
659.967468, 316.654602, 30.238754, 30.994183
659.967468, 316.654602, 30.238754, 30.994183
658.748108, 316.881042, 32.581905, 33.243271
659.055481, 316.174652, 29.140297, 28.395346
659.054443, 316.164856, 29.244762, 28.492044
659.008545, 316.120758, 29.495842, 28.699114
659.079712, 316.266357, 29.752720, 28.839027
659.079712, 316.266357, 29.752720, 28.839027
659.078186, 316.248901, 29.775719, 28.892937
659.088501, 316.256958, 29.713531, 28.861523
659.081055, 316.235809, 29.739805, 28.897738
659.109680, 316.293823, 29.538372, 28.734901
659.104797, 316.326385, 29.373106, 28.571997
659.085815, 316.324738, 29.391253, 28.588909
659.080627, 316.324097, 29.358740, 28.574858
659.082642, 316.343994, 29.375563, 28.550589
659.098633, 316.357239, 29.312052, 28.531193
659.074768, 316.361450, 29.362963, 28.540701
659.074768, 316.361450, 29.362963, 28.540701
659.074890, 316.363068, 29.373421, 28.553427
658.685608, 316.402740, 30.522409, 28.369564
659.064270, 316.412933, 29.617004, 28.903580
658.992249, 316.392181, 29.754610, 29.141991
658.991211, 316.394470, 29.749002, 29.121010
658.999573, 316.392334, 29.772001, 29.115686
659.140015, 316.431915, 29.515249, 28.834534
658.917419, 316.747986, 30.691078, 29.675133
659.135986, 316.410828, 29.502396, 28.840826
659.136047, 316.410645, 29.503531, 28.840187
659.129822, 316.408844, 29.539066, 28.855396
659.106445, 316.402832, 29.558975, 28.828526
659.069519, 316.375000, 29.576365, 28.892509
659.105225, 316.377502, 29.490677, 28.680498
658.450928, 316.110474, 31.548094, 31.181690
658.427917, 316.085022, 31.573610, 31.200920
657.015442, 316.146149, 33.605762, 34.167038
659.230225, 317.037140, 29.986034, 29.837328
659.497742, 316.923157, 28.480366, 28.053213
659.449402, 316.904236, 28.593840, 28.211103
658.369934, 316.446503, 30.405533, 30.357035
659.049988, 316.592529, 29.380981, 29.098892
657.967041, 315.519470, 31.037363, 32.060371
659.176270, 316.990509, 29.030918, 28.086990
659.256287, 316.695496, 28.380941, 27.829420
657.949524, 316.890411, 31.797096, 30.640791
658.093323, 316.943359, 31.758976, 30.732828
658.014404, 316.929626, 31.771452, 30.791443
657.529480, 315.948425, 30.537153, 30.390837
658.016052, 316.907196, 31.773027, 30.824324
657.958557, 316.845978, 31.984667, 31.076618
656.860046, 315.729187, 32.259125, 32.062809
657.266174, 315.548767, 31.891479, 32.349377
657.202820, 315.547241, 32.000164, 32.442528
657.197083, 315.590607, 32.002182, 32.416744
657.134705, 315.804932, 31.729301, 31.188904
657.058350, 315.794037, 31.754818, 31.219986
657.341248, 315.998779, 32.156422, 31.981745
656.664978, 315.774292, 32.415947, 31.872179
656.708984, 315.816467, 32.440140, 31.763205
656.732727, 315.811035, 32.394337, 31.707546
656.738037, 315.806946, 32.385704, 31.701302
656.611206, 315.804657, 32.489285, 31.704519
656.623413, 315.828918, 32.468933, 31.668896
656.668640, 315.818726, 32.424389, 31.658251
656.655273, 315.817871, 32.444550, 31.670717
656.726563, 315.862213, 32.341221, 31.626625
657.265503, 315.729584, 31.999220, 31.963343
657.265503, 315.729584, 31.999220, 31.963343
657.064880, 315.654785, 31.890093, 32.342922
657.050415, 315.645355, 31.899733, 32.362175
657.077026, 315.653534, 31.892488, 32.344910
658.687561, 316.640289, 28.892807, 28.107712
658.664429, 316.648621, 28.943150, 28.173872
657.280457, 315.783417, 31.920021, 31.860683
658.406921, 316.538727, 29.294662, 28.444429
658.398804, 316.540649, 29.309029, 28.462572
658.534729, 316.599762, 29.174068, 28.358068
658.529297, 316.591949, 29.184464, 28.375477
658.529297, 316.591949, 29.184464, 28.375477
658.529297, 316.591949, 29.184464, 28.375477
658.529297, 316.591949, 29.184464, 28.375477
659.308167, 316.018097, 28.297331, 27.403008
659.308167, 316.018097, 28.297331, 27.403008
659.298462, 316.027405, 28.338917, 27.399956
659.298462, 316.027405, 28.338917, 27.399956
659.262268, 316.000580, 28.394613, 27.473732
657.333984, 315.660889, 32.323895, 32.523499
657.333740, 315.636932, 32.376820, 32.518555
657.334473, 315.624664, 32.391247, 32.550606
657.346069, 315.645691, 32.386524, 32.520988
657.343018, 315.647736, 32.391815, 32.425877
659.050903, 316.473663, 27.894215, 27.080931
657.635681, 315.584442, 31.916304, 32.523994
657.635681, 315.584442, 31.916304, 32.523994
659.749268, 316.868378, 29.249109, 29.287157
659.197388, 316.552856, 29.284708, 28.883593
657.420349, 315.616364, 32.376125, 32.748707
657.423279, 315.617279, 32.373985, 32.747078
657.406311, 315.579498, 32.504662, 32.947094
657.431519, 315.595673, 32.514111, 32.933140
657.432129, 315.595825, 32.513733, 32.933094
657.387573, 315.572479, 32.524002, 32.931721
657.429199, 315.548218, 32.436737, 32.793934
657.428467, 315.547058, 32.436047, 32.796040
657.383362, 315.520264, 32.467487, 32.828873
657.382385, 315.535370, 32.434093, 32.739742
658.153748, 315.898315, 32.919243, 32.815128
658.509644, 315.745728, 32.381607, 33.056591
658.492737, 315.751312, 32.426594, 33.043251
658.493774, 315.748230, 32.430061, 33.048145
658.519226, 315.707642, 32.429176, 33.052639
659.624390, 316.307343, 28.426180, 27.946201
659.618408, 316.283417, 28.443632, 28.015366
659.265076, 316.308594, 29.181440, 28.225368
659.463806, 316.863037, 29.875080, 30.118767
659.287964, 316.849304, 30.035999, 30.259460
659.300537, 316.879089, 29.975700, 30.191952
658.409363, 315.917236, 30.013126, 30.854010
659.266357, 316.844513, 29.979860, 30.218611
659.490295, 316.647491, 29.268452, 29.822166
659.374268, 316.620361, 29.306761, 29.727905
659.376770, 316.622650, 29.308588, 29.725468
658.578491, 315.945190, 32.549393, 32.635216
658.565613, 315.939178, 32.575478, 32.655205
658.552246, 315.949066, 32.562122, 32.667976
658.591980, 315.891449, 32.568169, 32.716656
658.530640, 315.823608, 32.683914, 32.892666
658.617737, 315.855530, 32.641319, 32.814774
658.448425, 315.862701, 32.763050, 32.980473
658.462341, 315.856140, 32.717937, 32.968220
658.418396, 315.862579, 32.699223, 32.988113
658.374329, 315.865082, 32.705273, 33.025532
658.348511, 315.854797, 32.765633, 33.102905
658.389404, 315.871185, 32.739170, 33.063545
658.334167, 315.892334, 32.664635, 32.984020
658.353577, 315.904083, 32.602257, 32.921501
660.042786, 316.757507, 28.431725, 27.765862
658.367798, 316.049469, 30.382977, 30.506269
658.348206, 316.105713, 30.367287, 30.393415
658.731018, 316.903351, 31.045742, 30.793289
658.665833, 316.388611, 29.965935, 30.626526
657.085693, 315.543579, 32.322571, 32.856171
657.085693, 315.543579, 32.322571, 32.856171
657.010559, 315.571716, 32.307449, 32.875069
657.010559, 315.571716, 32.307449, 32.875069
656.996399, 315.555420, 32.323452, 32.898888
657.695679, 315.823883, 30.276306, 30.304214
657.012878, 315.674164, 32.239212, 32.690708
658.953308, 316.290588, 29.565212, 28.579897
658.940063, 316.293793, 29.506176, 28.536041
657.075378, 315.653259, 31.246859, 31.074158
657.175415, 315.668701, 31.139496, 30.903683
658.656067, 316.973999, 30.053263, 29.513054
657.679382, 316.347015, 32.824795, 32.017582
658.978516, 316.409332, 29.689651, 28.656418
658.331238, 316.096710, 32.764500, 32.590698
658.016602, 315.836517, 29.888374, 29.610107
659.363892, 315.734253, 32.356468, 31.938789
659.384460, 316.552307, 29.009998, 28.365496
657.687622, 315.248291, 31.157137, 32.114754
658.470947, 315.985138, 32.798397, 31.711283
659.092651, 315.762909, 32.448017, 31.904869
659.014465, 316.441132, 30.379322, 29.645895
658.742188, 316.842957, 30.016655, 29.596222
658.877563, 316.413940, 30.457071, 29.794113
658.074951, 316.117401, 30.783257, 30.586409
657.179626, 315.904022, 32.197124, 31.576479
658.820984, 316.374725, 30.466208, 29.734386
658.405396, 316.650787, 30.009220, 28.709143
657.272217, 315.856049, 32.050949, 31.507030
657.478455, 315.811523, 31.945225, 31.889660
658.907959, 315.893799, 32.367935, 32.745041
658.091431, 315.785248, 32.405426, 31.888737
657.658386, 315.694641, 31.657976, 31.847578
657.642212, 315.691803, 31.689857, 31.844292
657.666809, 315.712921, 31.702145, 31.854841
657.676392, 315.716888, 31.700317, 31.750620
659.815002, 316.765930, 28.436766, 27.848225
659.801331, 316.759460, 28.457684, 27.871950
659.767151, 316.730377, 28.469465, 27.900146
659.799744, 316.757874, 28.419628, 27.787718
659.761658, 316.742645, 28.455416, 27.799522
657.768066, 315.717804, 31.551497, 31.680084
659.701782, 316.701447, 28.477655, 27.889408
659.759277, 316.671600, 28.467134, 27.837179
657.906677, 315.872406, 30.988468, 31.529524
658.206970, 315.625092, 31.784935, 32.015453
659.688171, 316.503052, 28.584642, 27.906462
659.850159, 316.122864, 28.098419, 28.224659
658.161743, 315.717773, 31.523270, 32.287025
659.771790, 316.329620, 28.205153, 27.993605
659.773926, 316.318024, 28.253479, 28.059669
659.771545, 316.316559, 28.242075, 27.987194
657.969421, 315.611359, 31.770317, 31.602640
659.647522, 316.441376, 28.588737, 27.969074
659.677429, 316.435425, 28.604488, 28.002356
659.688293, 316.422913, 28.577837, 28.010683
657.819214, 316.235596, 31.233376, 30.350601
657.586609, 315.998993, 32.025494, 32.210861
657.635925, 316.019531, 31.988825, 32.125538
658.181702, 315.690369, 31.821606, 32.386612
657.249329, 315.640839, 32.172298, 32.423935
657.249329, 315.640839, 32.172298, 32.423935
657.254517, 315.660095, 32.175137, 32.367310
657.254211, 315.584290, 32.253136, 32.530876
657.267578, 315.602386, 32.242680, 32.448040
659.219604, 315.871918, 29.490488, 27.688726
659.237427, 315.860046, 29.452368, 27.685366
659.233398, 315.873993, 29.509579, 27.829657
659.211365, 315.861725, 29.604782, 27.936598
659.165833, 315.855652, 29.755493, 28.110882
657.075195, 315.647491, 31.313646, 31.668114
659.482239, 316.755371, 28.631897, 27.970400
659.683228, 316.669342, 28.264631, 27.827480
659.562927, 315.929199, 34.170052, 34.778900
659.432495, 315.863312, 34.389187, 35.069088
657.265442, 315.550323, 31.717958, 31.351954
657.274902, 315.550354, 31.713297, 31.343699
657.236816, 315.552185, 31.660246, 31.269234
657.807129, 315.210602, 31.053680, 32.199173
657.204834, 315.569092, 31.483953, 31.676844
659.272156, 316.212402, 32.353695, 33.853405
657.484802, 315.675323, 31.218443, 31.406948
658.590820, 316.169586, 30.910530, 28.645844
658.603577, 316.148895, 30.860880, 28.601942
658.614014, 316.154083, 30.821564, 28.577034
658.618042, 316.156708, 30.823202, 28.571642
658.611084, 316.153351, 30.806759, 28.561729
657.415161, 316.960449, 33.741669, 33.478771
657.415161, 315.746277, 31.836475, 31.228218
658.425476, 316.659943, 30.155081, 30.147223
657.907104, 315.402924, 31.064266, 32.170055
657.950256, 315.443176, 31.031755, 32.069431
657.664795, 315.702698, 31.538832, 31.193447
657.654724, 315.672455, 31.579849, 31.253740
657.736084, 315.637970, 31.478472, 31.258636
657.701294, 315.592865, 31.579346, 31.359310
657.236084, 316.722443, 34.664021, 34.741314
657.236084, 316.722443, 34.664021, 34.741314
657.450195, 315.633148, 31.431532, 31.619387
657.640747, 317.091522, 33.518875, 33.383705
657.581360, 317.035004, 33.728878, 33.485134
657.706726, 315.493744, 31.541351, 31.290051
657.674988, 315.427307, 31.605240, 31.300978
657.681274, 315.420197, 31.518229, 31.160803
658.543152, 316.299286, 30.031588, 30.012938
658.906128, 316.014648, 29.447706, 28.465813
658.906128, 316.014648, 29.447706, 28.465813
658.888000, 316.000580, 29.505295, 28.495949
658.866760, 315.975281, 29.529173, 28.546900
658.861816, 315.984344, 29.539001, 28.547325
658.822998, 316.001923, 29.714853, 28.708574
658.824646, 315.996979, 29.707418, 28.699066
658.825073, 315.999268, 29.684610, 28.667772
657.474121, 315.427246, 31.073717, 31.454872
657.649292, 315.724792, 31.002457, 30.518190
657.457397, 315.416687, 31.112213, 31.462133
658.914246, 315.719452, 29.958311, 28.120035
658.931091, 315.731781, 29.873945, 28.058487
657.534424, 315.469696, 31.055256, 31.503103
658.924133, 315.743713, 29.839670, 28.011770
659.179260, 316.376709, 27.847906, 27.635078
659.179260, 316.376709, 27.847906, 27.635078
656.757751, 315.294952, 33.017281, 33.634983
656.755798, 315.292236, 33.012619, 33.640377
657.532227, 315.675537, 31.159658, 31.119835
657.559265, 315.703094, 32.688576, 32.701801
657.558899, 315.731384, 32.685173, 32.667385
658.439575, 316.381195, 30.440626, 28.266668
657.575928, 315.153931, 32.833553, 33.558224
656.652649, 315.253143, 33.188911, 33.840443
656.671875, 315.279663, 33.183746, 33.838833
656.638855, 315.266937, 33.188217, 33.818233
656.652527, 315.266846, 33.200569, 33.773571
656.650635, 315.267792, 33.177696, 33.731327
656.633301, 315.287354, 33.168243, 33.766785
658.992249, 316.352814, 29.229576, 27.914244
658.959351, 316.337921, 29.287039, 27.932411
657.830017, 315.264771, 31.814674, 31.783499
657.128296, 315.586182, 32.514992, 32.379562
659.041138, 316.482513, 29.371216, 28.114429
658.992371, 316.402130, 29.645735, 28.468130
658.999023, 316.394531, 29.636915, 28.472815
658.997314, 316.396576, 29.639938, 28.478775
658.952820, 316.313477, 29.646051, 28.454529
658.957947, 316.210144, 29.575232, 28.407694
657.555237, 316.133453, 34.948750, 35.374676
657.619446, 316.241058, 34.728920, 35.205479
657.169922, 316.590607, 34.920773, 35.726105
657.818542, 315.440582, 31.474123, 31.076452
657.217102, 314.821747, 31.905340, 32.769501
657.513855, 315.322784, 32.012577, 31.850677
657.519043, 315.313293, 32.018436, 31.872438
659.329285, 316.033203, 27.731344, 26.728130
659.332397, 316.026093, 27.711685, 26.688911
659.294373, 316.029083, 27.731911, 26.671124
659.356812, 316.052765, 27.643764, 26.697332
659.176941, 316.058197, 27.964657, 26.526171
659.170593, 316.045410, 27.924648, 26.453434
659.435730, 316.055603, 27.501747, 26.510653
659.524109, 316.070007, 27.332701, 26.308693
659.526855, 316.059845, 27.313105, 26.295069
659.522156, 316.078125, 27.310585, 26.294312
659.528931, 316.135254, 27.332764, 26.412914
659.528931, 316.135254, 27.332764, 26.412914
659.546814, 316.140656, 27.309704, 26.370880
659.505066, 316.169312, 27.337362, 26.222403
659.148315, 316.157288, 29.510775, 28.056265
659.461060, 316.119263, 27.307119, 26.211357
659.112976, 316.172241, 29.602072, 28.100143
656.966064, 315.542999, 34.224930, 34.587231
659.097290, 316.194702, 29.629543, 28.151377
659.135376, 316.170410, 29.710255, 28.184731
659.153687, 316.361267, 29.239344, 27.903931
659.130554, 316.163116, 29.740372, 28.224232
659.122925, 316.156403, 29.718697, 28.211956
659.138184, 316.150665, 29.695511, 28.186646
657.214233, 315.745300, 32.185467, 32.351601
657.214233, 315.745300, 32.185467, 32.351601
657.217224, 315.748779, 32.168015, 32.356071
659.205750, 316.263733, 29.255409, 28.052811
658.496216, 315.575348, 32.522617, 33.553307
658.496216, 315.575348, 32.522617, 33.553307
658.420044, 315.542236, 32.515118, 33.524212
658.417480, 315.540527, 32.518646, 33.529629
658.429138, 315.535461, 32.505730, 33.518250
658.466614, 315.514038, 32.451481, 33.494194
658.418945, 315.496796, 32.510014, 33.612843
658.417664, 315.499329, 32.511024, 33.611259
658.384827, 315.544495, 32.681709, 33.793373
658.342957, 315.535950, 32.699348, 33.747082
658.358337, 315.557190, 32.739361, 33.860004
658.408508, 315.534760, 32.812698, 34.019009
658.405151, 315.537109, 32.822842, 34.013401
658.361206, 315.535645, 33.335022, 33.502331
658.190125, 315.604736, 32.905632, 33.555504
657.722351, 315.467407, 32.973366, 33.540367
657.755981, 315.479919, 32.984833, 33.677181
657.744995, 315.478973, 33.000206, 33.696056
657.619446, 315.654846, 32.163479, 31.232855
657.635681, 315.636658, 32.120068, 31.128090
657.112244, 315.493317, 33.047649, 33.273525
657.210693, 315.551819, 33.027740, 33.222950
657.219482, 315.544495, 33.004807, 33.229572
657.228088, 315.576172, 33.011234, 33.227089
657.228943, 315.562317, 33.015579, 33.286697
657.611633, 315.500427, 33.038387, 33.856316
657.239075, 315.559174, 33.013943, 33.234188
657.586670, 315.355530, 33.141026, 33.565228
657.714783, 315.374359, 33.056156, 33.540981
657.721558, 315.380188, 33.080036, 33.499420
659.679504, 315.944183, 27.426958, 26.483286
659.623779, 315.913574, 27.563305, 26.506491
659.623352, 315.915588, 27.564629, 26.506491
659.614441, 315.930420, 27.573574, 26.529457
659.267212, 316.143250, 29.721722, 28.076796
659.326660, 316.162811, 29.603270, 27.934422
659.331787, 316.167816, 29.572018, 27.926899
659.342896, 316.147797, 29.621477, 27.974255
659.342957, 316.147766, 29.621477, 27.974113
659.347107, 316.143860, 29.566599, 27.985468
659.282288, 316.134674, 29.681082, 27.978632
659.265198, 316.133575, 29.702505, 28.019577
659.265198, 316.133575, 29.702505, 28.019577
659.272095, 316.135315, 29.713720, 28.005644
659.271545, 316.136963, 29.715673, 28.002499
659.648804, 316.067505, 27.504772, 26.504951
659.259705, 316.192505, 29.596653, 27.848061
659.259033, 316.189056, 29.611397, 27.857758
659.259033, 316.189056, 29.611397, 27.857758
659.259644, 316.183136, 29.624628, 27.851183
659.274658, 316.178375, 29.653738, 27.859863
658.230286, 315.423859, 31.388058, 31.593912
659.237915, 316.156738, 29.653170, 27.974894
660.083069, 316.772064, 27.734997, 27.784666
659.238953, 316.152649, 29.569120, 28.059954
659.252197, 316.118713, 29.725124, 28.134346
659.229675, 316.092438, 29.829210, 28.190075
659.228271, 316.089264, 29.852901, 28.195328
657.696472, 315.721100, 30.700592, 31.430130
659.897949, 316.864380, 28.022560, 27.940714
658.718933, 316.095215, 29.991957, 29.228422
658.545044, 316.605469, 29.948986, 30.361506
657.392212, 315.838257, 30.998362, 31.172512
657.404480, 315.847198, 30.949532, 31.145878
658.528015, 316.021729, 31.132690, 29.339102
657.239807, 315.910980, 31.270676, 31.473251
657.261597, 315.692291, 32.930901, 33.035255
657.253723, 315.675873, 32.978783, 33.067284
656.921692, 315.508423, 33.416679, 34.032822
657.725830, 315.450165, 32.661736, 32.951637
657.795410, 315.531586, 32.455704, 32.692459
657.831116, 315.541382, 32.364658, 32.677109
658.835876, 316.005249, 29.689020, 28.955713
658.814880, 316.032867, 29.631433, 28.869495
658.810120, 316.043793, 29.626392, 28.853907
659.370850, 316.054657, 27.286453, 26.173321
657.738220, 315.854706, 32.918926, 32.387817
659.382080, 316.062622, 27.231890, 26.131430
657.766296, 315.923767, 32.902359, 32.363949
659.141846, 316.281708, 29.265175, 28.168976
659.134644, 316.283447, 29.266813, 28.164576
658.823608, 316.141815, 29.564583, 28.776463
657.608521, 315.550568, 32.627460, 32.500435
657.490601, 315.598236, 32.800728, 32.709560
657.490601, 315.598236, 32.800728, 32.709560
657.534241, 315.619141, 32.747612, 32.725788
657.883545, 315.501556, 32.580959, 32.613453
657.895996, 315.542664, 32.594379, 32.564655
657.582642, 315.676941, 32.739613, 32.659981
658.234863, 315.936157, 32.529232, 32.194798
658.112427, 315.991913, 32.681519, 32.436237
659.168335, 316.213043, 29.240854, 26.723021
659.156860, 316.165527, 29.265869, 26.706533
659.100159, 316.284210, 29.030224, 28.100828
659.145081, 316.148254, 29.256607, 26.644487
659.153259, 316.137115, 29.226364, 26.585306
659.843323, 316.929565, 28.402426, 27.898111
659.939453, 316.541718, 27.948275, 27.272980
659.792114, 316.473785, 28.086386, 27.363882
659.851318, 316.475800, 28.045305, 27.328756
659.830078, 316.509399, 28.066853, 27.278374
659.850342, 316.435028, 28.132568, 27.315462
659.743347, 316.429199, 28.268034, 27.333818
657.716003, 315.844727, 32.469440, 32.515999
659.181274, 316.243256, 29.713089, 28.004721
659.152161, 316.224182, 29.677742, 28.087204
659.199280, 316.208557, 29.443989, 27.919258
659.274109, 316.155121, 29.207083, 27.738234
659.380371, 316.170807, 27.402323, 27.663416
658.685974, 316.513062, 29.265869, 28.976696
659.187683, 316.229614, 29.272421, 27.801533
659.191833, 316.218872, 29.226805, 27.677561
659.181641, 316.220398, 29.231657, 27.698139
659.134277, 316.210297, 29.257299, 27.726572
659.117737, 316.250519, 29.152330, 27.615185
659.116211, 316.250916, 29.152456, 27.614286
658.603577, 316.954559, 30.264145, 29.580444
659.112488, 316.220306, 29.283321, 27.768559
658.763550, 316.025940, 29.718193, 28.340303
659.000916, 316.155823, 29.340406, 28.953278
658.955627, 316.003540, 30.018608, 29.268280
657.161194, 315.878784, 33.672173, 33.946674
657.549927, 315.842285, 30.968119, 31.526356
657.549927, 315.842285, 30.968119, 31.526356
659.439819, 317.036163, 29.011889, 29.715036
659.439819, 317.036163, 29.011889, 29.715036
657.540894, 315.843048, 30.968182, 31.520750
659.468872, 317.030487, 28.984293, 29.679556
658.756714, 315.812134, 30.700655, 29.399561
658.756226, 315.810089, 30.695677, 29.397078
658.756409, 315.811768, 30.693472, 29.399277
658.768616, 315.815765, 30.683643, 29.391542
658.768921, 315.815521, 30.686983, 29.393930
658.649231, 316.722839, 29.817617, 30.131374
658.649231, 316.722839, 29.817617, 30.131374
657.761169, 315.319214, 31.379740, 31.510412
658.700500, 316.149231, 31.076551, 28.622711
656.429810, 315.269257, 33.346111, 34.452000
658.767578, 316.135345, 31.019028, 28.560760
657.799438, 315.243225, 31.458309, 31.731934
657.750977, 315.226563, 31.461586, 31.640841
657.273682, 315.534424, 32.254524, 31.801596
658.928284, 316.318298, 29.542910, 28.578405
658.892456, 316.324127, 29.578634, 28.689085
658.922424, 316.377167, 29.343178, 28.497107
658.907715, 316.330200, 29.493826, 28.604023
658.894714, 316.303406, 29.517895, 28.613626
658.927612, 316.344360, 29.461189, 28.520643
658.924561, 316.336884, 29.537111, 28.575686
659.375977, 316.135437, 28.272758, 27.392220
658.955261, 316.374420, 29.356913, 28.452045
658.886414, 316.346375, 29.605789, 28.685205
658.834412, 316.350037, 29.717312, 28.827602
657.267639, 315.882172, 32.359428, 31.721289
657.288269, 315.894684, 32.363838, 31.746977
657.263977, 315.880859, 32.379593, 31.659031
657.248596, 315.900146, 32.379215, 31.634432
658.252808, 315.859528, 33.330738, 33.445442
657.795227, 315.969452, 33.225266, 32.497334
657.717651, 316.003815, 33.156147, 32.443546
657.805298, 316.027039, 33.138760, 32.362225
657.809204, 316.030792, 33.172215, 32.361774
657.793396, 316.087830, 33.167236, 32.260487
657.784973, 316.112549, 33.135292, 32.210789
657.747681, 316.138062, 33.179840, 32.204330
657.551880, 316.148834, 33.191811, 32.131714
657.668030, 316.186005, 33.100826, 32.059048
657.666565, 316.184387, 33.105366, 32.064606
657.679260, 316.200684, 33.102089, 32.069099
657.808594, 316.238800, 33.084194, 31.940870
657.827393, 316.267548, 33.057480, 31.890465
657.453003, 316.081055, 32.170662, 31.303391
658.202576, 315.845123, 32.722725, 32.843773
658.110352, 315.732391, 32.911747, 33.083462
658.102173, 315.730377, 32.918613, 33.086514
658.009705, 315.694427, 32.950367, 33.155655
657.576904, 315.458221, 31.790794, 31.832157
657.588562, 315.451691, 31.764584, 31.851173
657.645569, 315.493408, 31.696348, 31.798899
657.593750, 315.559692, 31.692631, 31.801430
657.653259, 315.682983, 31.683620, 31.641550
657.723938, 315.691315, 31.623575, 31.605124
657.736572, 315.690979, 31.611164, 31.580523
657.733459, 315.705597, 31.622063, 31.590576
657.807190, 315.742340, 31.548849, 31.497213
657.816223, 315.676300, 31.539398, 31.582155
657.806335, 315.685272, 31.519552, 31.593273
658.698364, 317.027832, 29.680830, 28.497414
658.698364, 317.027832, 29.680830, 28.497414
657.646118, 316.177032, 31.962740, 31.235764
657.603638, 316.148132, 31.993740, 31.246929
657.689514, 316.159607, 31.929220, 31.137859
657.976624, 315.742188, 31.224871, 31.214333
657.993530, 315.732086, 31.273195, 31.206337
657.879578, 315.728546, 31.244968, 31.253529
658.786255, 316.052399, 29.936510, 28.768230
658.752380, 316.039368, 29.958185, 28.751484
658.782104, 316.063354, 29.880308, 28.690361
658.782104, 316.060944, 29.875521, 28.681278
658.336365, 315.609009, 32.962906, 33.370743
658.321106, 315.618408, 32.911114, 33.339779
658.316101, 315.608185, 32.913826, 33.325893
658.616760, 315.550446, 33.174484, 33.387489
658.343933, 315.585022, 32.843006, 33.360783
658.373840, 315.579773, 32.914516, 33.321186
658.337646, 315.624146, 32.897003, 33.259521
658.309387, 315.366486, 30.584093, 31.201300
658.275696, 315.277283, 30.616289, 31.301310
658.969910, 315.826691, 30.307999, 28.175102
658.969910, 315.826691, 30.307999, 28.175102
658.321899, 315.359985, 30.702168, 31.894840
657.930176, 315.575684, 32.190193, 33.019951
657.902161, 315.591217, 32.226864, 32.989365
657.408936, 315.754395, 31.078884, 31.204090
657.414368, 315.728882, 31.088776, 31.217125
657.393311, 315.829742, 31.189018, 31.280684
658.121094, 315.636108, 29.827826, 29.693487
657.364685, 315.815369, 31.242008, 31.308287
657.894104, 315.645844, 32.277962, 33.106430
657.894714, 315.638519, 32.255657, 33.130772
657.922424, 315.651642, 32.234867, 33.057159
660.683228, 316.784058, 29.987799, 30.067532
660.673218, 316.776611, 30.044882, 30.094780
658.719482, 315.576111, 30.963518, 31.027584
658.652893, 315.572021, 31.065905, 31.179089
658.734619, 315.646667, 30.997416, 31.137527
658.740173, 315.652771, 31.018522, 31.177124
658.777039, 315.676544, 30.978262, 31.139420
658.795471, 315.685211, 30.959171, 31.128160
658.899536, 315.696259, 30.862833, 31.067961
658.866028, 315.707642, 30.879782, 31.049416
657.160828, 315.461060, 32.995922, 33.634132
658.911438, 315.655121, 30.957785, 31.182116
658.824707, 315.604431, 31.093943, 31.359097
658.762695, 315.598907, 31.151972, 31.418705
658.764282, 315.590088, 31.164951, 31.513842
658.791931, 315.589752, 31.129919, 31.498230
658.880737, 315.598663, 31.028290, 31.382988
657.746216, 315.101196, 31.964882, 32.113098
658.176025, 315.461914, 31.767294, 31.257288
658.178101, 315.581512, 31.670641, 31.028908
658.190491, 315.605530, 31.615511, 30.982166
658.175964, 315.585876, 31.572918, 31.069830
658.164307, 315.607635, 31.556915, 31.026897
658.223572, 315.588226, 31.541540, 31.007051
658.211304, 315.611450, 31.599003, 30.962393
658.049988, 315.776886, 30.943104, 30.551235
659.683472, 316.139252, 27.528841, 26.844744
659.683472, 316.139252, 27.528841, 26.844744
659.456970, 316.035461, 27.730524, 27.585876
659.460999, 316.034973, 27.780426, 27.614664
659.464478, 316.021454, 27.783638, 27.622753
659.039856, 316.349304, 29.078299, 27.414053
659.314148, 316.133179, 29.343430, 27.785164
659.314148, 316.133179, 29.343430, 27.785164
657.711670, 315.921875, 31.418301, 31.105831
657.711670, 315.921875, 31.418301, 31.105831
657.670105, 315.940613, 31.463854, 31.201513
657.648682, 315.940277, 31.479731, 31.232830
657.668579, 315.948517, 31.501972, 31.233398
