566.148071, 155.238708, 108.886230, 115.933678
565.546082, 151.134430, 108.654114, 120.407555
562.606323, 150.924576, 108.151253, 113.526154
555.115112, 144.161789, 117.670479, 121.310982
553.207581, 140.962265, 112.732780, 122.803360
548.889343, 135.953690, 119.892853, 121.112617
554.265381, 130.778244, 113.209236, 124.488335
549.895203, 131.445160, 114.835182, 122.141357
550.566223, 131.149826, 113.848122, 124.231026
551.821167, 133.683929, 110.437325, 124.139473
553.353577, 137.252472, 111.384941, 124.007057
547.706421, 136.108109, 119.180305, 129.436813
550.704224, 134.859451, 114.708603, 123.759941
547.547058, 133.228485, 120.463501, 127.715157
548.565308, 133.228058, 119.666595, 126.536568
547.959778, 132.668930, 120.371384, 126.874367
546.009827, 133.178940, 121.085564, 126.357529
546.869995, 133.623184, 116.106598, 123.107857
547.989624, 140.179260, 117.453674, 122.186897
544.532959, 140.662018, 121.149582, 117.188339
549.041443, 141.751617, 114.083519, 118.099380
544.218872, 141.894943, 119.454384, 115.444305
548.244446, 138.973343, 112.961243, 119.089050
543.478882, 140.222870, 119.247345, 119.197678
542.751282, 139.189041, 118.001579, 117.729095
541.747925, 139.747177, 116.301849, 118.277603
541.828674, 140.392548, 116.292023, 117.679329
536.097229, 138.337463, 121.364937, 124.103523
539.504333, 145.062668, 113.641586, 114.748291
536.252014, 145.159805, 115.473503, 117.260864
534.193726, 143.543350, 118.274277, 119.539185
534.353516, 142.199371, 116.079437, 117.165855
530.233154, 137.742096, 122.477631, 117.979500
529.910217, 141.611542, 118.334946, 117.890594
528.385376, 142.340393, 117.249031, 117.052551
527.167542, 146.062103, 115.976547, 117.611252
524.793213, 147.498932, 117.191628, 116.447075
521.293213, 151.526062, 120.494881, 119.839973
523.526733, 148.621826, 114.620644, 116.247826
520.177673, 148.120941, 117.804436, 116.938339
516.581604, 144.554550, 121.402863, 121.488075
513.212097, 143.001877, 121.705421, 121.447655
510.837616, 142.075577, 123.644989, 122.773705
513.188416, 142.666977, 119.891777, 119.216026
508.112732, 141.445953, 124.195976, 124.846664
511.517944, 143.612457, 122.046165, 118.348511
511.101959, 142.184341, 122.526680, 122.514587
513.148254, 144.524765, 119.933044, 116.250572
514.363220, 145.175140, 119.281746, 111.728981
515.306946, 135.473907, 119.276016, 120.844437
514.223572, 133.713501, 123.923195, 122.407051
515.153564, 132.563599, 124.137856, 122.539093
521.487000, 134.890564, 116.724815, 118.621178
519.526672, 135.027985, 119.638931, 121.168816
521.285583, 132.853241, 117.192009, 123.370300
525.025452, 132.973999, 115.344154, 120.568817
527.229370, 132.411591, 116.388489, 118.567902
527.093323, 133.047363, 118.971886, 117.022087
531.295593, 135.446381, 113.241119, 115.880043
529.777832, 133.180206, 117.262390, 121.364319
535.511780, 139.720245, 108.792412, 116.346085
533.704529, 138.718460, 113.353203, 119.594620
541.331482, 140.699127, 107.966080, 113.248085
541.514282, 140.046753, 109.859116, 113.995384
539.047302, 138.315857, 113.152214, 117.258095
539.305664, 139.655579, 111.790833, 116.460091
539.698914, 139.216324, 112.414978, 118.333839
538.844604, 139.534836, 113.972939, 119.030647
540.150146, 141.319534, 113.515762, 119.214737
537.779541, 141.192627, 116.622429, 117.565025
541.091614, 141.618027, 112.565498, 116.879486
540.199097, 142.176086, 114.477493, 114.135223
540.045532, 141.997803, 114.501564, 116.516541
544.061523, 143.192734, 112.648285, 118.198112
545.992249, 141.643036, 111.168770, 117.700996
543.445007, 140.720871, 115.220535, 118.230026
545.502319, 141.771805, 111.026306, 120.266647
548.087585, 141.537903, 111.005959, 117.649101
544.487122, 140.201630, 114.332451, 119.685928
542.574585, 140.584885, 116.178482, 118.046280
544.624329, 139.944519, 114.715599, 118.095192
541.014282, 138.316513, 116.393776, 119.819183
544.794128, 140.888809, 114.190437, 119.533768
543.718811, 141.190826, 115.350769, 115.794380
544.845581, 142.691467, 115.716644, 121.257080
545.927429, 144.387939, 115.634361, 119.318710
545.164001, 148.037766, 115.367592, 110.514130
546.592712, 144.286224, 113.780266, 121.190781
545.911621, 144.739990, 114.726372, 121.861732
547.801147, 146.874573, 113.104080, 115.420761
547.317444, 145.965714, 112.594231, 121.092979
547.041504, 146.929382, 111.829269, 119.587997
543.002258, 142.967514, 119.326042, 119.284241
543.104126, 144.357697, 116.585632, 120.978790
542.894653, 145.881424, 115.877754, 119.155006
542.414795, 146.057922, 116.484505, 117.622475
545.967041, 145.561981, 113.272621, 119.687241
546.916443, 145.762726, 111.605469, 114.589081
545.586243, 144.527802, 110.645622, 113.951172
547.619568, 145.628387, 113.590805, 117.124748
547.863281, 144.943192, 111.446434, 112.226875
545.941040, 141.782471, 111.477943, 117.370171
546.299683, 141.645004, 112.586098, 116.865578
546.136719, 141.905273, 115.652824, 115.801117
547.657410, 141.286392, 115.065598, 115.615974
547.790344, 140.970276, 115.950401, 116.253860
542.850037, 145.599197, 123.931068, 125.245651
541.783630, 145.924927, 124.523643, 125.586853
548.583557, 141.402664, 116.039116, 116.677742
548.607788, 140.975616, 115.332870, 116.315880
547.645325, 140.975952, 116.237144, 116.908539
548.002075, 140.519348, 115.574440, 116.685143
548.325256, 140.676361, 115.278687, 119.476196
546.622314, 145.330872, 117.837761, 114.309746
548.114746, 147.731720, 116.081139, 110.056084
546.881592, 146.604584, 117.391930, 111.829109
544.250000, 140.572876, 117.301323, 121.744759
542.013977, 139.661102, 120.523987, 121.383453
539.307312, 139.316193, 124.241058, 123.528465
541.543945, 144.460449, 123.220230, 113.773247
540.881165, 143.088593, 122.642708, 111.919670
538.119629, 139.661667, 123.334518, 113.028198
533.721558, 133.343262, 127.528748, 120.816750
535.881470, 135.278152, 122.953018, 115.402687
536.689758, 136.121155, 121.745682, 114.389931
540.353577, 138.881760, 119.775406, 111.580750
537.926392, 137.033096, 122.457909, 115.015228
537.921265, 137.797592, 121.891418, 114.122887
536.508362, 137.592957, 124.325485, 116.906441
547.881714, 151.643784, 111.274811, 100.695892
537.809265, 142.150635, 123.406036, 113.316696
539.926575, 141.861496, 120.514534, 116.011864
546.001953, 147.890442, 117.019058, 108.620110
538.142090, 140.973160, 121.903389, 117.929825
537.908264, 143.896042, 122.059265, 114.115166
549.921387, 154.579071, 108.931343, 100.227470
537.089172, 142.716797, 120.307495, 116.036736
540.057373, 142.089478, 116.547455, 117.509377
538.240845, 145.622589, 117.570175, 112.462967
541.549438, 144.455124, 112.020866, 113.168388
531.798401, 138.877350, 126.772346, 126.750870
539.725525, 143.777649, 115.717278, 111.709229
543.218811, 149.296310, 111.561363, 110.873459
539.659241, 140.307373, 119.257935, 123.424385
538.652893, 142.282867, 119.825745, 123.766045
538.163391, 142.052658, 119.223465, 123.027290
537.650024, 142.178772, 118.157455, 118.495316
533.665833, 146.861176, 118.676254, 113.616356
531.373413, 142.482849, 119.746231, 116.390251
528.271179, 136.668869, 122.814781, 117.249580
525.923401, 138.337006, 125.633125, 118.415031
531.928955, 138.887039, 123.157028, 113.625854
533.383850, 138.911469, 123.116837, 112.826981
535.879272, 137.630814, 121.522827, 118.192848
537.801208, 136.718506, 119.721725, 116.988510
534.936707, 134.713135, 121.502480, 115.277344
535.433105, 136.155197, 122.505730, 114.708794
536.605286, 137.384918, 120.295212, 112.282761
532.443909, 134.123001, 121.768684, 114.834534
531.921143, 130.179138, 126.026482, 119.069962
530.341736, 128.653137, 125.583160, 117.279266
530.163940, 129.529617, 125.628845, 117.275307
539.678284, 139.540222, 117.662415, 110.518929
534.384399, 129.715256, 124.388557, 121.688881
535.433594, 135.083832, 117.238632, 120.165833
533.036194, 133.586441, 125.270966, 121.462753
537.865784, 136.035431, 116.402473, 111.172020
538.067444, 133.437210, 118.295692, 116.885071
545.560974, 134.204224, 112.879395, 115.073601
544.897949, 133.183014, 113.405876, 117.008873
544.196655, 130.038940, 118.852859, 117.615982
547.395447, 132.518921, 113.576126, 118.651260
552.458984, 133.204041, 113.532646, 118.594414
549.022217, 129.066772, 119.969658, 116.094818
551.940247, 131.133835, 112.361481, 114.525711
553.279541, 130.511108, 110.910820, 116.333252
551.591431, 130.255554, 112.302444, 114.819633
549.461548, 128.807709, 116.838860, 115.438751
550.548523, 127.598587, 114.085846, 117.694397
547.739502, 128.095566, 115.355553, 116.432236
546.051453, 128.587891, 114.661415, 114.893791
543.825317, 124.243095, 113.585258, 117.410347
544.327026, 128.051544, 111.897881, 114.685028
545.582214, 125.772369, 111.875008, 114.165642
542.154236, 123.294128, 114.150116, 119.250656
541.736023, 123.650665, 116.301598, 120.116127
545.241699, 128.727600, 111.451729, 116.798203
543.984192, 124.682198, 114.712570, 120.777626
544.402039, 135.763779, 116.749008, 114.195145
544.571899, 132.003693, 118.885750, 119.374481
552.290466, 131.458817, 113.301857, 121.968658
552.434021, 135.700500, 112.707703, 117.900955
552.669434, 136.563934, 114.994209, 123.409958
550.844482, 130.989120, 118.688286, 122.324463
555.954590, 135.906799, 111.709808, 118.027847
556.098389, 132.604462, 116.553818, 123.770363
556.901184, 132.319244, 117.393753, 119.368263
559.348083, 131.862885, 116.605988, 115.902664
561.233887, 128.003372, 114.461052, 124.162338
561.572998, 127.457077, 113.865257, 122.567604
563.563599, 127.549255, 111.861023, 121.203506
562.970642, 127.210388, 112.811981, 122.097862
559.344910, 127.265320, 116.009689, 121.123901
562.911804, 126.669708, 112.159042, 123.095474
557.630493, 127.805336, 115.515968, 119.650932
558.050476, 127.710854, 115.296707, 121.206047
557.941101, 126.437027, 114.047729, 121.940887
562.637329, 133.895081, 110.512115, 110.034500
557.836121, 131.070313, 115.160172, 112.069267
555.164856, 127.465858, 114.365532, 119.886192
558.304993, 129.279083, 112.582947, 121.194397
558.231445, 129.965744, 111.162590, 119.447098
556.497681, 130.319824, 113.341484, 119.673965
557.750000, 129.322845, 112.370491, 121.041489
555.758545, 131.084274, 114.160637, 117.007942
555.636047, 130.638596, 113.158516, 119.059242
555.665710, 129.587006, 113.945717, 118.755432
556.828613, 130.664078, 112.664734, 119.188499
557.361206, 130.925980, 111.666397, 117.596260
556.439575, 128.408890, 116.205826, 118.679794
557.218445, 128.652924, 115.934212, 116.986877
561.215027, 130.314545, 110.103203, 118.008492
560.558289, 131.443268, 111.196236, 118.267677
562.250977, 132.105530, 112.692078, 119.723267
566.298645, 130.519958, 110.951775, 122.963913
563.300110, 129.213806, 114.637970, 129.014175
564.872681, 133.153168, 113.528175, 121.944092
565.616455, 137.110046, 116.768417, 121.050644
566.659180, 137.076416, 116.157753, 121.579597
566.986816, 130.955353, 113.699112, 132.158798
565.152100, 131.175018, 115.290596, 134.453949
565.765686, 131.320465, 115.065979, 135.406494
566.805054, 130.592941, 113.179626, 133.844757
566.152527, 131.233841, 115.225700, 134.783096
565.912781, 131.310806, 115.870758, 135.395935
567.637451, 136.350800, 118.148956, 124.586708
569.174133, 135.778412, 115.974724, 121.959602
570.958862, 134.861084, 115.065033, 122.344185
569.505127, 133.429626, 115.274780, 122.307877
565.676880, 128.436935, 116.889076, 131.204056
568.610718, 130.348541, 114.163910, 122.216896
565.142151, 130.180542, 118.710342, 123.137741
566.208557, 130.964111, 116.200790, 121.468590
565.575928, 128.278275, 117.521973, 125.454422
571.395996, 130.167938, 110.052231, 123.116074
566.791199, 129.717133, 116.958321, 122.981178
566.971191, 128.092239, 118.262932, 124.786461
572.274719, 129.005066, 109.970322, 124.116669
572.845093, 128.726532, 111.269203, 122.622459
573.083496, 130.754318, 111.190567, 118.947647
572.305603, 129.769730, 112.952927, 118.077370
571.990540, 129.041962, 115.222298, 118.417923
578.133911, 129.511932, 109.610428, 116.486626
576.512268, 128.299545, 112.445152, 119.428947
577.024170, 128.677246, 112.032272, 119.094704
573.754944, 126.253128, 115.378174, 123.454201
576.301147, 128.388947, 113.643982, 120.470261
573.638733, 130.613022, 119.036652, 117.555977
574.766479, 130.748566, 117.440819, 116.564529
580.833374, 128.351547, 106.303398, 121.710686
580.884338, 132.704285, 106.805817, 114.764366
575.820129, 130.936737, 115.625099, 116.280006
577.698120, 131.721695, 113.968025, 117.799301
577.888489, 130.257019, 114.296417, 118.608490
577.582520, 132.002472, 113.898972, 118.402603
581.135864, 131.092987, 111.227051, 116.396515
580.875366, 132.074448, 109.797935, 115.255821
581.261597, 131.167145, 110.189201, 117.313766
579.944275, 131.576340, 112.257645, 118.216919
581.241028, 132.121918, 111.748238, 117.625740
582.029663, 133.561157, 110.514442, 116.484711
584.939758, 133.847015, 107.703911, 117.192055
584.150940, 128.167206, 111.761597, 124.158455
583.265137, 131.011063, 114.919426, 120.684761
582.006653, 130.944550, 115.986122, 121.308617
582.519287, 133.493622, 111.558212, 118.772865
582.853455, 134.308594, 111.938705, 119.237244
584.389648, 134.265503, 113.499252, 115.804596
582.653625, 133.167542, 113.010895, 117.258408
583.118591, 135.468094, 111.163666, 116.058235
580.063843, 133.854660, 114.819305, 120.797905
581.024780, 135.480835, 109.960678, 112.661644
580.681335, 134.929962, 110.703590, 115.163475
577.179688, 133.328796, 113.605736, 115.077278
577.920288, 132.180389, 113.575745, 115.799248
579.814514, 131.398956, 110.394539, 116.082993
576.648438, 127.619347, 114.987091, 121.166489
577.763611, 129.902267, 110.917686, 119.043503
578.133850, 130.121063, 111.580643, 120.004974
578.194336, 128.079117, 115.227592, 122.143951
579.498474, 129.764389, 117.034805, 121.163162
582.327942, 132.041458, 110.694702, 117.225372
578.872559, 125.103119, 116.529182, 123.209061
579.823914, 127.352898, 113.603157, 119.694595
579.473389, 127.745125, 115.532349, 118.534828
576.032288, 129.279083, 116.790276, 118.952301
579.781372, 129.765320, 110.095009, 119.931549
574.808777, 131.527985, 112.130249, 117.548218
569.585571, 135.204086, 112.282852, 120.941216
569.370056, 134.120117, 111.093788, 120.892776
565.539551, 133.816879, 113.785744, 125.350533
562.205811, 132.415039, 115.637634, 121.620911
563.567810, 141.340591, 111.758949, 110.392708
563.579285, 139.774368, 112.500099, 112.894875
564.350952, 130.433151, 112.971390, 119.460037
571.969299, 129.997330, 108.219742, 115.737900
568.158630, 125.418480, 114.769218, 120.057594
572.432739, 125.137070, 110.911766, 116.920265
573.740417, 128.692444, 114.302589, 111.764343
574.771606, 128.709885, 115.242462, 113.064980
575.485107, 126.493378, 112.911720, 118.756378
574.751831, 128.021332, 116.987617, 116.286919
576.537048, 128.341721, 114.635010, 118.103897
576.657715, 127.868111, 115.194130, 119.743652
574.053284, 127.352699, 115.527313, 116.979393
572.802612, 128.181580, 114.952881, 116.085960
574.903564, 128.676346, 109.754021, 115.466225
574.430847, 130.254578, 109.319458, 115.665344
573.493591, 129.767700, 111.223328, 113.584190
573.874207, 127.429779, 110.946037, 118.664124
570.677368, 127.746002, 112.219086, 118.948257
571.783752, 128.558060, 111.829521, 117.625160
574.216858, 127.629776, 108.637985, 117.765228
571.309448, 128.448151, 111.627518, 116.168243
566.830505, 123.629326, 118.881218, 122.219986
568.872375, 123.488861, 113.401405, 117.977112
565.235901, 122.166283, 113.067726, 116.746574
562.627930, 121.238190, 111.908279, 119.724159
562.251587, 120.486267, 114.310844, 116.663292
560.746399, 119.572594, 117.489655, 122.050468
556.177307, 117.320000, 120.719368, 119.528610
556.765076, 117.960480, 118.813103, 117.439842
562.047485, 121.653275, 113.557159, 115.476509
558.220886, 120.650856, 119.682846, 118.962852
563.750427, 124.654167, 111.933601, 116.385994
563.041504, 127.263641, 115.530212, 120.945145
562.248535, 126.286438, 116.458237, 122.266724
561.943970, 123.001816, 117.190247, 120.773720
564.347595, 121.882195, 114.457085, 117.632980
564.537048, 122.375397, 112.092064, 116.280281
566.554565, 126.889252, 111.014656, 115.026512
563.024292, 123.985336, 112.341133, 121.462746
566.460083, 129.624786, 111.299950, 115.482140
563.995667, 131.133163, 113.078941, 113.507469
564.997925, 131.120911, 112.659752, 116.023323
563.476807, 131.682251, 111.080750, 112.903267
563.548584, 133.131836, 111.535652, 116.235909
563.137878, 131.035080, 110.589867, 114.132103
563.026245, 131.197662, 109.087158, 113.723160
562.180481, 132.424835, 110.620483, 113.087059
558.242371, 132.150482, 113.135017, 117.952393
561.497986, 132.111450, 111.172356, 114.821129
559.291321, 133.291550, 111.915771, 114.999016
559.899536, 131.828949, 110.990395, 114.630188
557.293518, 134.349548, 111.391052, 120.307228
556.834595, 134.078003, 111.028580, 117.907547
555.764160, 134.255920, 110.472862, 117.408890
555.273743, 133.424316, 114.019440, 123.036873
553.639282, 138.687805, 115.064651, 111.646614
555.161560, 135.016556, 111.239212, 115.018517
554.363770, 132.970856, 111.873688, 116.748856
555.742249, 135.319275, 109.952675, 115.644218
555.743469, 134.899734, 109.381645, 117.809402
554.308044, 134.705475, 111.734123, 116.796341
554.291016, 134.680664, 112.886009, 115.860680
555.746948, 134.772293, 109.732277, 115.195076
552.644897, 131.737106, 114.105003, 121.260170
552.030823, 131.074158, 113.952339, 121.760017
551.882324, 130.604950, 114.881874, 121.035767
550.498901, 129.679626, 117.622658, 123.249016
551.853455, 130.204742, 112.706566, 123.265572
552.163818, 130.455124, 112.858040, 123.148956
554.777283, 133.843613, 112.848206, 118.442802
553.113159, 131.063370, 112.923058, 123.372406
554.645569, 133.881195, 113.481232, 116.338402
554.827515, 133.870422, 115.470100, 120.918983
557.011108, 137.154877, 111.740425, 115.812897
556.294861, 130.803268, 118.038757, 121.867516
563.589905, 139.396347, 108.439011, 112.927917
563.483215, 138.475937, 110.312950, 114.661911
562.502686, 137.541122, 110.881523, 118.875320
567.974915, 136.930359, 110.133698, 117.994095
568.091064, 137.599808, 110.878563, 121.179886
570.882568, 141.430344, 109.590324, 115.863884
568.203369, 138.687500, 117.161575, 123.582275
572.501709, 139.698212, 112.339684, 122.811089
572.926270, 141.014175, 112.484726, 119.501457
575.868286, 145.987793, 112.854820, 115.145378
575.905945, 146.815414, 111.579887, 114.761566
579.551147, 145.551422, 106.494621, 116.234322
578.854980, 145.454559, 107.100052, 116.749458
574.719849, 145.361526, 110.703842, 118.672920
572.575928, 145.798615, 113.589165, 115.405052
571.631165, 147.571152, 112.635880, 116.691132
572.768433, 147.140320, 111.156609, 117.743385
569.637939, 144.552383, 115.437279, 121.787987
571.898438, 146.845963, 112.934090, 115.083649
570.771729, 146.514175, 112.905228, 117.165680
566.749512, 141.467438, 116.917740, 119.195358
567.496948, 143.243988, 116.499123, 118.443977
565.408936, 139.560150, 115.923561, 117.439674
566.442749, 137.711792, 114.827621, 120.370758
559.443481, 136.676697, 119.496979, 118.051445
561.061768, 136.327774, 116.417030, 114.690338
559.848511, 135.388290, 116.626526, 115.936844
556.146057, 133.378876, 116.737038, 120.389565
558.209900, 136.706375, 114.910919, 122.881653
551.358154, 136.772415, 121.993744, 121.057701
557.310608, 147.034027, 115.314346, 117.801300
558.338501, 132.946045, 116.270851, 121.056007
554.435547, 132.858459, 120.972527, 120.252281
554.619263, 131.124069, 121.616020, 121.714874
553.695251, 134.272583, 121.387558, 119.533981
554.376892, 132.848801, 119.313126, 120.226425
556.886536, 134.044724, 114.597527, 117.762924
551.760925, 130.666916, 123.328094, 123.601639
556.402588, 135.426300, 114.220490, 115.809654
554.991333, 136.728378, 117.446617, 113.277748
554.109680, 132.806488, 112.542816, 121.429489
558.223267, 135.371597, 111.086288, 112.739655
558.690674, 134.952148, 110.867348, 113.187119
555.632935, 133.492935, 115.342827, 116.694450
558.322449, 134.461273, 113.458176, 116.263664
556.744873, 130.795517, 116.018761, 121.378326
555.523499, 130.974472, 116.710953, 118.606293
556.143860, 131.362000, 115.411255, 117.022537
556.724060, 130.898605, 115.604813, 118.021973
557.269287, 131.987183, 114.389977, 117.006393
556.942017, 131.375427, 114.249855, 118.319504
559.759827, 131.745483, 114.491920, 117.032539
557.963928, 131.138412, 115.571098, 117.802589
558.256653, 129.555252, 117.945946, 116.838211
560.523743, 132.349579, 112.760124, 111.876656
556.903809, 125.152603, 118.628181, 121.084465
565.113647, 135.562592, 107.620049, 108.329117
562.727356, 126.493225, 112.474388, 121.555420
562.608887, 127.136559, 113.476067, 123.001297
559.789856, 127.425339, 114.267052, 121.508621
561.057312, 128.440491, 111.384125, 119.346550
561.690735, 128.817551, 110.586838, 116.949402
560.350586, 134.936569, 114.068710, 109.259766
558.714600, 127.356812, 119.693558, 121.410515
561.065735, 131.943283, 114.121696, 119.043159
558.038635, 136.835114, 115.935783, 114.944374
564.624756, 146.444305, 100.845581, 107.038681
561.650574, 132.604965, 114.055351, 124.528114
557.879089, 131.400452, 119.989563, 131.681961
553.733276, 126.889748, 125.943687, 136.421310
557.161987, 129.702988, 116.060974, 127.778786
556.834656, 127.495834, 116.341423, 123.947121
556.296753, 128.895096, 117.726433, 114.442375
557.357239, 127.634491, 113.562576, 120.848778
558.346497, 125.792328, 114.635956, 120.244957
557.891846, 125.869743, 111.992828, 116.711517
557.986694, 126.185471, 113.463722, 115.693184
558.092957, 124.162094, 111.518394, 121.575027
555.321228, 122.257538, 116.846169, 122.612007
555.324402, 126.741837, 117.473083, 113.500702
557.017822, 124.546417, 114.780304, 115.977776
555.091064, 124.741318, 115.062447, 115.058586
554.862427, 123.526901, 114.952568, 118.254326
554.792908, 124.519440, 111.913124, 122.870148
551.561584, 125.879349, 116.761299, 118.648987
552.412170, 121.603882, 115.336090, 117.009346
550.351929, 120.290146, 117.694168, 115.477646
548.805725, 118.694984, 114.219864, 117.657898
542.067017, 117.548065, 125.921387, 123.059044
546.660034, 117.179794, 116.468124, 114.385963
544.386963, 116.486450, 119.205132, 116.017006
544.197205, 116.469238, 116.411171, 114.970383
547.371765, 118.362320, 114.488525, 114.966530
544.248657, 117.908394, 118.781349, 118.655777
546.266052, 118.737961, 115.062767, 115.769257
543.070129, 122.811844, 116.985596, 111.670815
544.090515, 121.884186, 117.216454, 110.665359
544.470337, 122.473526, 116.873260, 109.980064
544.486267, 123.834557, 119.570572, 112.177254
545.759033, 119.543457, 116.989380, 116.805069
546.339111, 119.146713, 112.739334, 117.314522
543.565430, 118.409821, 118.996521, 118.137894
544.325317, 118.451721, 118.967094, 118.986069
543.830200, 118.695557, 119.277214, 118.523232
548.643555, 121.476646, 113.156815, 115.041702
547.836060, 121.308952, 115.392036, 116.091873
551.200439, 123.302864, 110.764893, 117.338974
549.263794, 124.181061, 112.352409, 113.691971
547.400757, 125.335533, 115.373894, 115.139862
549.825439, 125.192741, 114.201965, 118.022697
549.562256, 123.080231, 118.753189, 120.179718
555.510132, 124.000366, 114.760208, 118.996765
555.935730, 126.438004, 112.860245, 117.739128
560.372192, 130.431152, 107.182785, 117.734093
561.566711, 130.902405, 108.223145, 116.534561
565.801758, 134.670197, 104.945290, 116.372353
564.240417, 134.608414, 107.860352, 118.903549
568.104126, 141.133850, 106.702927, 112.664879
567.466370, 137.322525, 109.668640, 118.733681
570.331177, 141.497803, 108.967377, 115.598045
570.383850, 139.122284, 111.909348, 119.587120
570.045898, 139.568817, 112.845306, 116.914436
570.843445, 141.585159, 111.611137, 117.398979
571.317444, 142.684967, 113.198837, 115.417732
572.270325, 143.432938, 112.884186, 117.310326
570.078491, 143.505966, 111.475296, 116.829155
570.776428, 144.377335, 113.170113, 114.236275
569.855713, 142.782547, 116.237335, 116.852676
572.268799, 143.186096, 112.854507, 115.129875
572.663879, 145.714508, 114.515488, 116.286499
571.018494, 144.218903, 113.872887, 120.165146
572.789978, 145.992325, 112.107689, 118.607613
572.672119, 144.032730, 111.370644, 119.786636
570.661011, 144.987839, 114.578812, 116.222694
569.784363, 145.504440, 113.577133, 115.281792
569.828308, 144.613602, 113.872314, 116.738960
569.506409, 147.823486, 110.516838, 108.952705
566.466980, 142.520874, 114.306496, 122.678909
572.659790, 147.461914, 106.198494, 114.405464
572.473511, 147.219055, 107.133888, 113.449966
569.229553, 145.640778, 114.264343, 120.245522
571.429260, 145.870087, 112.668953, 116.146492
569.058533, 142.518036, 114.230888, 117.999298
569.614929, 143.246445, 114.100845, 118.056877
568.078918, 143.688644, 113.335693, 112.833595
565.372681, 137.828201, 118.720993, 123.021179
564.925537, 142.904572, 112.961685, 116.898857
564.660706, 141.303680, 113.033760, 114.470787
566.831421, 141.186676, 108.600555, 117.848007
566.775879, 140.542938, 109.251411, 120.299347
567.863953, 140.852997, 109.186394, 122.048294
563.465271, 140.561279, 111.416573, 117.325066
565.199951, 142.532928, 108.658463, 113.007195
561.399414, 140.203384, 110.319695, 116.985237
561.928650, 142.500031, 111.900528, 112.176994
561.751892, 139.547089, 110.026581, 121.461914
556.637573, 136.359543, 115.852867, 120.144936
560.420349, 141.521576, 107.833450, 117.251022
558.479004, 141.149872, 110.593956, 118.531662
558.104187, 140.857437, 110.299721, 115.527153
557.945679, 141.158936, 111.208397, 113.297409
561.579102, 140.581573, 107.388184, 117.838890
557.156250, 140.789780, 113.747688, 116.374199
555.393860, 136.475571, 117.300697, 123.646545
556.874573, 136.715118, 115.734474, 122.163994
559.529602, 140.790771, 110.697037, 115.928131
563.934265, 140.711899, 107.825134, 119.825935
563.126587, 141.530624, 107.618034, 116.426773
563.975098, 141.934998, 108.401077, 117.511658
565.557861, 154.357071, 105.346268, 108.860909
566.267456, 152.042725, 105.839920, 109.153679
566.258301, 142.715790, 109.154762, 119.660698
565.648132, 142.705383, 109.001656, 117.296455
565.785156, 140.245422, 113.477516, 115.993553
565.450867, 143.142990, 112.444466, 120.727303
563.490662, 139.121399, 115.078323, 121.503227
563.760132, 138.270752, 115.087967, 121.724739
563.797302, 136.722656, 114.317772, 120.812790
563.043640, 135.459045, 114.727882, 120.532310
562.626099, 134.447433, 119.837151, 122.955017
563.607727, 136.278793, 116.470207, 118.878357
563.047974, 135.399384, 115.887581, 121.511688
563.335876, 132.669708, 120.705070, 122.082481
564.412354, 133.842804, 118.266968, 119.279900
567.651245, 135.705688, 113.271042, 118.816895
565.403564, 135.001556, 115.822495, 122.242775
565.771851, 134.721024, 116.498619, 123.731369
566.162842, 135.643616, 116.218369, 122.922478
562.632629, 130.419922, 123.480446, 125.485756
565.845581, 134.156464, 117.868324, 124.034698
565.179932, 133.702789, 118.660065, 124.855133
566.334595, 134.445709, 117.869080, 122.738342
566.923279, 133.580948, 117.875252, 123.514900
567.703979, 132.673431, 117.761147, 123.662910
565.981445, 138.559601, 118.543434, 121.794472
564.184265, 136.459686, 119.478836, 123.014763
564.825562, 136.191742, 119.566856, 122.277893
566.134949, 131.497925, 117.121193, 124.213974
569.965576, 133.740952, 112.161125, 117.853470
563.923340, 131.242233, 119.700806, 119.266289
567.006348, 132.462738, 115.731071, 117.438232
563.415649, 126.973770, 119.422882, 120.372154
562.353516, 124.476303, 121.468079, 123.109665
566.750977, 126.040527, 113.827141, 122.071663
563.102722, 126.361450, 118.279884, 119.723167
564.047546, 127.070038, 117.270638, 119.464203
563.338562, 126.781601, 119.479591, 120.332855
568.008728, 129.901413, 115.370491, 122.463219
565.848999, 129.141022, 117.845322, 124.370163
563.789429, 127.747559, 118.771713, 125.938530
567.479675, 129.748779, 115.358330, 114.819420
567.174927, 131.092194, 115.032272, 113.102699
567.664795, 130.409363, 115.879326, 117.615723
566.631653, 130.644684, 115.605568, 118.279022
569.341431, 131.621765, 114.623863, 117.730446
566.817932, 130.244629, 117.075447, 118.826202
565.407654, 128.350739, 117.504021, 119.728607
566.964111, 128.412567, 114.837708, 122.612846
565.977844, 128.747772, 114.486443, 118.381744
566.908020, 127.285995, 113.877357, 120.064690
567.673523, 129.340103, 112.924828, 119.860390
568.321167, 128.955795, 111.824417, 119.252289
569.232300, 129.122665, 111.925476, 119.623375
566.053711, 129.921173, 113.722298, 119.538361
567.319885, 132.084579, 113.215034, 119.849174
567.233032, 130.567627, 114.759201, 120.431549
568.318848, 129.424942, 115.378174, 122.660568
568.597107, 129.952698, 116.991585, 124.376114
570.226196, 128.636780, 114.726372, 119.554276
569.986511, 128.997833, 111.699913, 118.467178
569.321289, 129.275436, 114.216522, 120.922913
570.739990, 130.361176, 113.183151, 118.010262
571.478699, 130.506134, 112.105423, 116.870796
569.115173, 129.458847, 115.743675, 117.948540
569.265015, 130.215637, 117.827118, 121.770485
571.854126, 130.311340, 112.325439, 118.454773
568.178162, 128.897949, 118.249573, 118.232628
566.958862, 127.589867, 119.198578, 121.068878
572.816223, 128.164200, 112.277054, 119.100380
569.478394, 127.478104, 114.919235, 120.628105
569.533691, 127.386856, 115.558624, 120.392723
572.116150, 127.955887, 111.421425, 118.903023
570.928467, 127.422623, 111.553299, 118.602539
572.138550, 128.881561, 111.347893, 118.013779
568.206299, 129.552032, 117.655609, 116.554955
570.492126, 131.321915, 113.064445, 115.942711
571.796509, 131.244904, 115.975479, 118.522018
575.225525, 136.524948, 108.102364, 118.923965
581.188965, 133.815765, 109.411263, 119.967644
580.175964, 134.973404, 114.611450, 121.507164
587.927063, 135.881546, 106.510246, 117.999031
583.049744, 136.128082, 110.875221, 117.696548
587.664490, 136.714081, 109.166794, 117.010239
581.382813, 137.047485, 113.068161, 118.768372
584.072571, 138.143005, 112.402565, 117.788589
589.210510, 146.768661, 104.939812, 110.985580
587.140320, 145.747528, 106.994835, 115.536171
587.707458, 147.344025, 104.555908, 112.911583
583.759399, 142.297638, 110.123489, 115.813133
582.555298, 142.912659, 113.024628, 117.458496
585.299988, 143.766098, 110.049644, 114.709267
587.927368, 143.559174, 109.107506, 115.523514
586.878418, 143.153610, 112.068253, 116.533829
584.682678, 140.950485, 110.895821, 115.943230
586.229675, 141.370178, 109.862640, 113.047325
587.474548, 142.628647, 108.749252, 111.092941
587.971985, 143.582108, 107.670959, 110.835526
586.564331, 144.580566, 109.749168, 113.614693
586.689392, 143.468536, 108.095558, 111.374786
585.145691, 142.812698, 110.379234, 113.652802
584.592529, 143.486130, 110.623695, 114.473160
584.346069, 143.259216, 111.083458, 114.830894
584.386780, 142.969513, 110.043152, 114.744743
585.294434, 143.802368, 108.900719, 114.913307
586.153748, 143.899994, 109.222427, 111.933495
585.422424, 142.977356, 110.059853, 112.907089
586.813904, 143.867615, 108.714851, 113.830338
583.652161, 145.425522, 113.163429, 117.181908
584.115234, 141.159500, 110.141190, 112.881790
585.746460, 143.007675, 108.207146, 117.128067
582.771912, 144.526550, 110.656647, 115.287209
585.520142, 139.034958, 109.920166, 117.961761
582.360901, 144.832703, 110.398766, 113.818558
582.608337, 143.677032, 109.597260, 109.437386
585.210510, 140.468307, 108.525513, 119.228371
578.299377, 140.552841, 111.206001, 113.882645
582.317627, 139.262054, 110.691811, 116.305794
578.752747, 136.763321, 112.836113, 120.230080
577.934570, 143.820129, 112.354301, 111.469612
574.855530, 132.801926, 113.829224, 119.470261
572.648376, 133.290070, 112.956894, 114.290894
574.403992, 135.273666, 108.204056, 112.253113
567.871338, 131.705688, 115.806999, 111.776405
568.455811, 130.884506, 112.280014, 113.581161
568.116455, 130.261673, 111.166183, 113.910652
565.188782, 127.038986, 113.202431, 116.228241
560.556335, 123.578842, 117.176071, 120.137634
557.763794, 130.481781, 118.767426, 109.191956
558.290466, 127.416809, 115.850029, 115.658913
557.226563, 123.472923, 117.013130, 119.097588
558.607971, 123.395020, 114.931335, 119.703964
558.516724, 125.250877, 116.795509, 114.093880
557.149841, 122.444977, 116.748886, 115.721756
558.439758, 126.135452, 116.370338, 121.194527
560.364929, 127.324921, 115.083557, 121.645210
560.472595, 127.431274, 116.821594, 122.306763
560.614502, 128.743637, 113.131989, 114.215698
559.569397, 128.473419, 114.068581, 117.819649
557.609802, 129.573975, 114.505470, 117.780266
558.053467, 130.659943, 113.178238, 113.641159
556.381470, 131.974579, 112.268547, 111.631813
552.923584, 131.769333, 117.505089, 112.918953
556.247925, 130.783508, 112.812798, 116.734703
555.520142, 131.164307, 114.328735, 117.193710
549.112732, 128.312408, 120.193832, 121.174942
550.094666, 128.195129, 120.240837, 121.017197
549.463989, 127.915955, 120.106819, 119.644897
549.687012, 127.582092, 123.062332, 120.645218
551.625183, 128.148010, 119.494965, 118.895630
552.128723, 133.856277, 118.784248, 113.084625
554.921753, 125.428223, 119.857124, 122.383179
559.720642, 127.881531, 114.230888, 118.679039
560.594482, 127.207329, 114.054092, 119.795341
554.840759, 126.478104, 120.351791, 119.368820
558.123779, 127.818657, 114.893402, 122.495773
558.141357, 127.055954, 117.827301, 122.927269
559.706238, 131.660309, 114.684219, 121.725876
559.162842, 130.162369, 114.428543, 122.354958
558.544922, 132.405289, 113.548149, 122.184860
559.731750, 133.077194, 111.886917, 122.397324
551.720276, 133.254242, 123.393936, 120.516273
557.164856, 128.985779, 115.864525, 127.167786
556.304077, 133.745941, 113.527863, 115.824272
551.092957, 138.962631, 118.454346, 118.770615
548.853699, 135.017517, 120.414925, 123.211510
549.156616, 142.660522, 116.368698, 118.222031
548.516907, 134.928223, 118.294746, 127.775314
544.731201, 132.790939, 120.444283, 128.333435
546.792480, 134.541245, 115.724022, 121.278908
544.848633, 134.191391, 116.635216, 119.230804
546.645203, 133.526886, 113.866203, 118.814377
546.548401, 133.222412, 113.700371, 117.158028
547.982544, 132.286270, 113.407074, 115.546577
545.213318, 133.035812, 116.309540, 118.822609
540.598328, 130.353027, 124.334877, 122.770096
546.110352, 132.872101, 116.389305, 116.215576
547.548584, 130.922241, 116.955986, 119.155945
551.006165, 133.379150, 113.568314, 116.185242
551.942139, 132.140228, 113.824493, 116.680565
552.184021, 132.828400, 113.519478, 115.971619
548.534973, 136.629700, 117.465019, 113.562935
553.881714, 133.233704, 114.558083, 118.433899
555.275208, 132.397797, 114.645973, 116.066780
555.621033, 131.478821, 114.968193, 120.118172
555.581055, 131.374329, 116.064064, 120.093361
550.771790, 127.679779, 120.218338, 123.392204
551.636902, 128.345261, 120.814758, 123.857887
556.906738, 130.168823, 116.635788, 120.028732
557.000244, 130.931488, 115.479362, 120.907761
558.463379, 130.825897, 114.475670, 119.639175
555.685852, 127.590286, 115.190353, 123.071465
557.958252, 125.095306, 114.380653, 121.730637
558.684448, 126.352394, 112.821808, 117.722473
559.259827, 128.014160, 111.804443, 117.295944
556.659973, 126.128098, 115.905228, 117.674812
554.284302, 125.062622, 120.257843, 122.345222
559.223206, 127.209373, 113.877991, 114.442871
554.543274, 123.629379, 119.117302, 113.113304
554.308350, 117.171242, 118.530899, 123.794975
558.041016, 116.902115, 114.341782, 118.319977
559.277161, 116.480812, 110.966011, 118.398361
559.336121, 113.019333, 111.964920, 119.017471
553.671570, 111.251358, 120.244492, 121.465157
559.734436, 111.509613, 114.415436, 121.027168
557.412720, 111.369804, 117.050560, 122.262894
558.457825, 113.026749, 114.361061, 119.728561
558.594666, 112.627426, 116.712212, 122.678215
558.392944, 113.643478, 118.338417, 123.690353
562.532776, 114.485664, 116.694321, 123.654869
562.624573, 116.022141, 115.509857, 119.012718
563.793884, 114.221138, 117.102852, 119.702759
566.661804, 114.011253, 115.739578, 120.809654
565.187195, 113.229965, 117.418205, 124.063736
565.106445, 114.692093, 117.108459, 122.507133
566.157532, 118.720207, 117.631981, 123.234573
565.032898, 117.448837, 118.577522, 124.769753
562.756836, 119.536713, 123.201324, 127.227814
568.663452, 119.568481, 116.658783, 120.375702
568.537781, 121.751495, 117.895607, 119.300919
568.734558, 119.137344, 118.081787, 122.414482
569.560425, 121.078079, 112.345413, 120.711716
569.897522, 120.032425, 113.588470, 122.721741
567.853882, 121.959396, 116.710388, 119.387230
572.344666, 121.228676, 113.834511, 119.100571
568.681335, 119.406021, 120.543076, 122.843773
573.158997, 122.830421, 114.236244, 119.694122
572.590637, 123.679596, 115.033340, 119.838943
575.685730, 125.054527, 108.883270, 117.842331
572.891357, 123.121857, 113.429001, 122.363449
573.486572, 121.826828, 113.816116, 121.956596
575.817749, 124.621399, 110.933121, 120.082359
572.856873, 123.831223, 115.180458, 118.971413
574.981812, 123.541283, 111.144447, 121.547501
571.243225, 124.011353, 118.240059, 121.018806
570.578186, 123.673737, 119.131920, 122.030563
571.322876, 126.396805, 114.047287, 118.207573
570.732849, 123.098076, 117.455437, 122.207649
572.062134, 126.140900, 114.852760, 124.073151
570.285583, 124.212418, 117.146957, 125.238686
573.409302, 126.408310, 110.584129, 120.254585
570.620911, 126.752266, 113.422195, 118.409676
571.212891, 127.081009, 111.543030, 117.616280
570.320923, 125.910782, 114.326591, 117.449409
567.861877, 124.850815, 114.183189, 120.771217
568.853088, 124.912430, 111.566841, 116.520729
567.696594, 124.607208, 112.166794, 116.658844
569.613159, 125.131775, 110.768234, 117.268318
564.918152, 123.492722, 117.372269, 121.610420
567.032593, 124.072861, 114.892204, 118.505676
564.876160, 122.971756, 116.344444, 119.958443
567.302368, 125.526886, 111.972099, 117.156975
569.099182, 126.407074, 110.265945, 117.015312
567.796387, 126.853302, 110.852287, 118.476288
566.953918, 127.188385, 111.201530, 118.534714
567.139221, 127.678909, 112.348000, 117.979149
565.798218, 128.209808, 114.736198, 120.202713
571.084106, 137.143906, 108.039101, 110.059212
568.238220, 129.676147, 111.077347, 121.702507
568.805542, 136.932022, 110.876793, 114.096893
568.489197, 136.973785, 110.175468, 114.302048
563.541565, 125.367462, 117.603127, 122.809067
564.095825, 126.190872, 116.650085, 122.326988
569.275696, 128.792068, 110.762505, 120.351166
564.447510, 125.511047, 116.461388, 121.115623
566.719360, 128.290268, 113.226875, 119.516525
567.374329, 128.415405, 112.042854, 119.299141
567.461548, 128.769058, 111.978027, 119.262527
569.333435, 127.513695, 110.252907, 121.625389
566.676208, 127.163391, 113.595154, 120.574623
567.340576, 128.185226, 113.272995, 119.427231
566.503357, 126.460663, 114.543716, 121.898170
564.868469, 129.877853, 116.875839, 121.025215
566.347290, 129.236420, 112.803978, 121.594261
568.588501, 130.460983, 109.221802, 120.092720
566.132507, 133.008270, 113.237335, 120.338394
567.772400, 133.440491, 108.278717, 118.182030
566.460205, 132.673065, 110.090347, 117.774033
565.288208, 129.995239, 114.329308, 114.873779
562.934692, 127.835495, 116.888573, 118.352478
560.098938, 125.431442, 117.540497, 121.503395
564.279602, 128.950760, 112.871391, 117.283455
564.174377, 135.961853, 112.533676, 112.930946
565.057251, 136.551056, 111.499802, 111.588203
562.215149, 128.530334, 113.334930, 118.192459
562.777466, 129.372406, 113.552429, 115.241341
561.477112, 128.043839, 115.255882, 115.263550
563.871399, 128.231140, 113.077492, 115.519737
561.411133, 126.684418, 114.668907, 117.445663
557.773926, 125.020233, 118.480812, 120.376579
558.249878, 127.394867, 117.334152, 115.413223
558.216187, 129.869095, 118.199425, 114.753105
561.406189, 128.622040, 113.666725, 117.857727
566.280396, 138.447128, 100.765938, 98.916092
566.459656, 138.415771, 100.372025, 98.355026
567.352966, 139.743942, 99.719650, 97.918465
557.123474, 124.122719, 116.952522, 119.256096
558.756409, 125.572311, 116.542664, 120.065987
555.502991, 124.014847, 118.925758, 123.123672
560.698120, 128.887451, 112.483971, 114.139503
561.026672, 128.601547, 112.828110, 115.426720
561.016296, 128.615570, 112.895966, 115.641640
561.291626, 128.550201, 112.878769, 116.210655
560.375244, 127.765869, 113.924049, 116.883820
560.510925, 128.298035, 114.838272, 114.795341
560.363831, 128.500443, 115.634422, 115.054520
560.176636, 127.707077, 116.748192, 115.880310
562.335449, 129.453537, 112.331177, 115.245338
561.698486, 128.498138, 113.593956, 114.906685
562.255127, 129.108215, 112.801964, 114.230209
562.473145, 128.765350, 112.966850, 114.571999
562.220581, 128.300354, 112.888092, 117.069595
563.665039, 128.333206, 110.847687, 118.298904
562.663513, 128.196671, 113.643669, 116.449783
564.913086, 128.381622, 111.324837, 115.980385
562.079773, 125.736099, 113.970230, 118.879280
565.342163, 128.457367, 108.148544, 115.990494
563.973511, 127.506889, 108.877663, 115.843651
566.767456, 127.343155, 109.873985, 115.671257
566.633728, 126.879730, 109.775948, 117.131248
565.802185, 126.296234, 110.679710, 116.108093
566.706116, 124.699699, 110.027527, 116.238602
567.313477, 124.252274, 110.617142, 116.244789
566.382568, 123.178589, 111.886726, 118.465050
566.154663, 121.837906, 114.747604, 118.171883
568.393677, 121.948883, 113.588097, 119.019791
569.903015, 122.196503, 112.253304, 118.258057
569.767761, 122.032410, 112.340057, 118.070000
571.213745, 123.825043, 111.999191, 116.817162
571.897339, 122.651718, 111.066322, 119.662697
570.684265, 122.539948, 116.494781, 120.147713
572.876526, 125.299118, 115.046822, 119.802505
576.184875, 127.390106, 110.038872, 119.013237
576.512146, 127.395279, 111.354134, 123.425140
577.666199, 129.224319, 111.285706, 120.838936
576.248413, 127.871918, 115.201378, 125.227615
578.123291, 131.123993, 110.142891, 119.578545
577.771179, 128.592041, 110.847939, 122.787994
577.301697, 128.752762, 111.936569, 119.731331
574.066223, 129.589630, 114.749619, 118.772865
572.754883, 130.076797, 113.492828, 122.283768
574.945374, 131.730743, 111.970650, 117.609482
572.475342, 128.732071, 114.854843, 122.776566
572.051880, 128.769684, 115.184868, 122.707756
572.706665, 129.087982, 114.101532, 122.342812
571.162903, 128.279175, 116.741699, 122.316315
573.911865, 129.848892, 110.220016, 120.461227
571.757874, 132.236786, 111.214508, 119.271942
568.411560, 127.942215, 119.207397, 126.081886
573.577698, 128.488953, 108.756813, 119.634132
570.770996, 128.436615, 113.303680, 120.675377
565.150635, 126.162033, 119.284523, 126.928658
566.300049, 128.746048, 114.300575, 125.243568
568.735596, 130.044586, 108.982880, 118.631409
566.052246, 130.399857, 112.613258, 117.238312
564.158691, 130.248657, 114.790321, 116.893753
565.798889, 131.993500, 113.774971, 119.901772
563.772644, 127.272820, 113.337074, 124.030190
561.753296, 132.010681, 114.791397, 119.399780
560.421570, 138.722778, 115.869629, 118.804085
560.161682, 139.962494, 114.628021, 116.179962
563.638550, 145.711014, 110.450363, 112.529213
562.368958, 134.041489, 116.320694, 124.998947
563.633545, 130.344131, 117.490471, 122.918365
563.230591, 130.355286, 114.632431, 119.218178
564.497070, 130.053345, 111.966309, 114.366539
562.784485, 129.985931, 112.300552, 114.482765
561.305542, 135.609039, 115.922997, 121.443100
564.955017, 135.445526, 109.168434, 112.849716
565.796875, 135.523438, 109.565498, 111.602386
558.270264, 136.079102, 117.568092, 123.611984
558.532654, 133.422302, 119.202232, 123.608955
562.696167, 133.531738, 112.488815, 113.626518
562.524597, 132.720078, 117.428787, 123.276108
557.438721, 134.441452, 117.051254, 117.133667
561.458191, 132.350922, 115.494293, 118.270958
561.244751, 144.249939, 108.546181, 104.398788
556.409058, 133.138687, 121.017517, 125.942429
563.184204, 133.454315, 112.775375, 115.320351
562.382996, 134.633942, 113.429825, 116.459579
563.305237, 135.720856, 111.972794, 114.147362
564.039978, 136.165100, 112.304276, 113.674774
558.081848, 134.678452, 119.381615, 125.157860
558.905640, 133.731995, 119.830978, 126.429756
564.902649, 133.924927, 110.678261, 115.743706
562.749573, 131.380234, 115.778709, 119.691673
559.726318, 128.890091, 121.016197, 120.522842
566.950928, 131.002701, 112.724525, 120.902992
564.407593, 129.994812, 114.890816, 120.043518
565.925110, 130.216415, 113.740631, 120.560364
567.210144, 129.093948, 113.611153, 119.925293
566.268677, 127.522179, 113.932175, 120.206261
566.079102, 128.998291, 112.900566, 115.768806
566.373352, 125.248222, 113.767723, 120.726059
565.206299, 125.184418, 111.488403, 118.810120
568.498474, 127.600662, 108.335045, 116.727737
568.760620, 129.052261, 106.771851, 113.821136
569.152710, 128.149078, 106.249023, 112.837440
567.823730, 128.009964, 108.286781, 113.997475
569.081909, 126.127708, 110.960030, 115.119690
565.320923, 123.440689, 114.609810, 117.306541
566.391052, 124.289078, 114.175629, 117.308395
569.358948, 124.045120, 112.777390, 115.998123
569.078491, 122.663193, 114.432762, 117.984993
572.057861, 122.324722, 112.936417, 116.789635
569.640808, 120.668488, 119.254463, 116.706177
576.275330, 122.406433, 111.655869, 116.307816
577.195374, 119.642471, 117.377373, 119.500534
582.025024, 121.095428, 112.451393, 117.652130
583.142212, 120.637421, 109.995522, 116.502701
583.285950, 121.862518, 112.743050, 115.015953
583.477295, 120.327484, 113.107483, 114.915031
582.575134, 118.185211, 116.678375, 122.144707
581.310059, 118.007156, 119.473289, 117.576225
581.823181, 117.889519, 118.648911, 118.840561
581.805359, 117.223358, 119.219688, 120.145798
582.319336, 119.416367, 118.224060, 117.916840
583.449341, 119.551537, 114.720322, 116.831467
582.204712, 120.080551, 115.228409, 117.933510
584.048523, 122.452179, 111.167068, 115.528313
585.383606, 132.994888, 103.900703, 105.961143
586.536255, 137.517303, 99.293541, 102.815216
580.197632, 122.619225, 112.378685, 118.074730
580.013245, 123.060379, 111.767334, 118.878220
578.227783, 122.543175, 113.435432, 118.394730
580.290710, 123.822815, 109.929428, 118.723770
577.534973, 121.139313, 116.427803, 122.762970
578.399963, 123.116577, 112.173599, 115.381210
579.763367, 122.300278, 109.748848, 116.601555
577.783997, 122.379730, 113.739502, 117.456589
576.890564, 123.249969, 111.430878, 118.330154
573.254272, 121.431763, 117.509941, 118.235603
577.657288, 122.111656, 113.459183, 115.606705
574.298096, 121.313843, 115.943214, 122.814072
572.884827, 121.982513, 115.738068, 123.158669
578.494629, 123.275520, 113.979996, 118.599998
578.124878, 125.728485, 109.864029, 116.820732
579.962524, 127.431381, 107.905090, 115.195808
578.140503, 128.846939, 109.592850, 113.559219
576.344849, 129.251480, 110.529755, 113.623352
579.677307, 128.595856, 106.733986, 117.143929
575.330322, 129.348312, 112.274406, 115.143364
573.676270, 127.090034, 118.466377, 116.606331
573.252808, 127.817101, 115.321404, 117.625801
571.254272, 129.163544, 117.622597, 116.164398
571.397888, 128.587143, 115.083679, 119.061455
571.753662, 129.734970, 119.069672, 117.110291
572.299072, 130.100662, 118.183357, 116.906807
573.337646, 131.942429, 112.885384, 113.748741
571.719177, 130.885986, 116.219315, 116.404747
572.815674, 132.015137, 114.477180, 115.511192
575.171082, 132.650955, 108.865875, 114.140785
574.233154, 133.213715, 107.084053, 111.793251
569.465393, 129.121140, 110.755951, 118.141701
570.502991, 128.883453, 107.132187, 117.097618
564.364502, 127.443924, 112.129112, 117.792778
562.508179, 127.073669, 112.078773, 117.035866
558.650513, 125.774139, 110.694519, 116.004890
555.626038, 122.348907, 113.332352, 120.020905
551.069214, 119.685974, 116.247414, 122.943542
548.013794, 121.203415, 116.023239, 122.629593
546.596008, 123.330215, 111.798264, 119.093163
538.761108, 124.620750, 117.826172, 118.856293
535.164978, 124.687988, 115.098114, 119.761467
533.167603, 126.389404, 113.763000, 118.625908
527.325562, 124.457428, 114.443153, 119.636169
521.733032, 122.516663, 118.179703, 117.781944
517.775757, 124.448166, 117.699524, 118.811562
514.333496, 124.796326, 117.431374, 120.088699
514.976318, 123.825363, 113.565857, 120.809036
511.841278, 122.436920, 116.282196, 121.525192
510.429749, 120.721458, 119.909576, 119.256889
513.919678, 119.077057, 119.288933, 121.549423
515.906738, 117.915878, 120.823708, 123.627304
519.841919, 119.229057, 122.029091, 123.365204
526.550476, 121.953262, 121.415085, 125.180634
531.523132, 121.145287, 122.181503, 119.392792
533.880066, 120.626732, 124.746437, 126.970276
546.320618, 124.044662, 118.947754, 118.189873
554.588684, 126.288315, 119.667099, 121.083328
555.866699, 124.278595, 124.504364, 126.600357
567.493896, 127.055328, 115.636124, 119.244987
572.012634, 123.958305, 120.098564, 123.809525
577.540405, 123.996689, 114.675087, 119.590019
583.644226, 124.526657, 113.938919, 118.463631
586.510376, 128.063889, 114.724670, 114.558327
589.267517, 125.728653, 115.904594, 114.896172
592.657227, 127.378571, 111.830399, 113.171860
593.944641, 128.129150, 111.082130, 111.182381
592.724304, 127.531174, 112.259666, 110.548599
590.413940, 126.216858, 115.681175, 114.256264
587.808716, 127.892548, 112.333069, 117.141457
585.298889, 129.918137, 114.394707, 113.174866
583.760742, 133.728226, 110.043976, 109.274315
571.229797, 124.908150, 119.220253, 116.577400
573.460510, 131.884918, 111.419281, 115.340668
563.019165, 127.531876, 118.732208, 115.350769
560.420410, 129.741608, 111.297928, 112.745224
559.431641, 130.219238, 110.800430, 111.951286
551.285828, 125.502960, 117.598526, 115.071739
555.138245, 130.798645, 109.112045, 107.710114
552.173828, 128.918732, 108.323135, 111.732697
549.851135, 125.890175, 111.007721, 114.307213
549.881287, 123.970718, 111.589020, 115.892326
550.075073, 123.768967, 111.106644, 115.345726
552.056641, 126.852859, 109.117905, 111.296356
553.896118, 126.650864, 108.766388, 111.562302
552.866699, 125.346176, 110.575874, 110.690941
552.290955, 123.295563, 115.208183, 112.625282
555.960205, 126.127525, 108.642960, 111.345993
557.661682, 123.622665, 109.654846, 113.487938
558.807922, 123.476036, 111.132225, 113.580109
556.013000, 124.457077, 115.626167, 113.809639
559.961670, 128.932465, 109.506714, 111.497528
560.928894, 129.367401, 112.036873, 114.840096
561.664612, 132.744446, 112.434883, 115.436806
561.902344, 136.187302, 112.952736, 113.652702
563.452881, 136.681641, 110.583687, 119.768349
565.016235, 146.635513, 108.001617, 106.233749
565.320801, 146.661255, 110.119080, 111.791840
563.478088, 147.631714, 116.902809, 113.576523
562.206604, 151.074890, 118.248375, 114.840691
563.374451, 150.117920, 117.533066, 112.882393
564.853210, 152.551697, 111.512535, 106.376091
565.480164, 160.285873, 109.047401, 99.967972
563.988220, 151.566010, 116.256676, 107.346298
563.200317, 155.164886, 118.244095, 110.612411
561.772156, 154.758835, 118.069122, 111.142075
561.660400, 155.290222, 117.423241, 110.267296
564.289490, 155.963196, 109.670341, 102.818771
560.590942, 150.190277, 116.396233, 111.479042
559.764160, 148.192749, 116.794182, 109.858482
558.526306, 148.413605, 118.670647, 111.142097
560.639160, 146.923935, 111.299950, 107.377678
561.122803, 145.187073, 109.342712, 108.069534
561.015625, 146.663727, 107.705040, 103.465134
560.590210, 145.079636, 107.329460, 106.432999
560.698486, 136.376617, 111.655937, 115.319969
560.431396, 136.628677, 111.560287, 115.589508
560.246948, 136.130981, 111.762604, 116.446358
558.737915, 140.230347, 109.633926, 111.794777
557.945496, 139.291290, 112.111847, 115.076187
558.139771, 140.555603, 109.871399, 109.701927
560.738037, 145.891754, 108.174004, 105.390869
557.830200, 139.940063, 109.952614, 112.362831
558.417664, 140.799591, 112.199181, 110.569511
558.752380, 139.854370, 111.219933, 112.225105
558.686584, 138.655914, 111.477188, 112.256775
559.178711, 137.707901, 110.767731, 113.014397
558.493286, 140.459183, 110.213585, 112.671623
558.869629, 138.894760, 111.707161, 111.518173
559.481812, 146.248474, 107.701637, 104.444466
558.858643, 142.172974, 111.730789, 111.826202
561.157593, 144.294525, 111.049812, 111.762283
561.825317, 146.624557, 110.650284, 112.587341
563.509888, 150.901596, 114.239647, 111.634766
567.007751, 152.526260, 109.189545, 105.208633
566.562012, 147.958908, 117.026619, 112.814018
567.102905, 151.360886, 116.828590, 111.915092
568.771240, 148.516281, 117.589455, 112.907753
570.036682, 148.112610, 117.193016, 114.222939
571.332703, 147.648392, 114.501877, 109.016106
574.068481, 143.810455, 112.911339, 111.019501
576.523254, 141.572571, 109.425247, 111.736443
577.367126, 140.052368, 110.092552, 111.878853
577.930603, 141.505875, 116.222588, 116.249603
579.977417, 139.444275, 112.759369, 107.062637
582.757690, 138.399307, 114.796181, 117.037971
582.519958, 138.616837, 116.529305, 116.403847
585.599060, 137.458710, 114.295280, 115.417610
586.690735, 136.259262, 115.358521, 114.722679
589.415527, 135.411346, 109.543640, 112.307182
589.787781, 135.216766, 111.929886, 111.317673
587.757874, 133.241180, 112.755775, 114.248650
592.238159, 135.885635, 112.598450, 113.942352
594.675293, 137.727234, 111.466156, 114.444916
595.324219, 136.074432, 115.465942, 116.709152
594.514160, 135.063171, 114.362259, 116.645149
370.375763, 350.479736, 35.833580, 30.780775
597.943359, 132.939011, 109.219467, 109.442192
371.447723, 350.591400, 34.135429, 28.806078
596.867737, 131.311707, 111.205940, 111.093887
371.554138, 350.969177, 34.171215, 28.572611
371.956482, 354.206696, 31.712099, 25.951895
596.624695, 132.242554, 109.872215, 110.651215
594.185669, 131.157120, 111.744331, 113.331955
592.592773, 134.640366, 113.754997, 111.906792
595.246582, 133.285248, 110.679771, 113.186905
594.895447, 132.046112, 109.191559, 114.507698
595.708801, 133.302597, 108.585876, 113.047142
594.286133, 133.317245, 108.589027, 114.454674
589.497070, 136.407120, 113.884666, 112.945068
589.078796, 136.585648, 113.486084, 113.181763
586.763916, 136.452209, 114.917595, 112.893219
731.062622, 269.872803, 89.742744, 89.692314
582.988953, 137.782623, 112.457634, 113.397453
583.628906, 136.241547, 112.357384, 112.472641
584.706848, 138.386414, 113.974136, 115.263481
583.304199, 138.485382, 116.803513, 115.562302
582.767334, 137.390656, 114.880486, 115.914162
582.176819, 137.551544, 113.619659, 115.157677
581.994202, 139.749405, 111.024231, 109.426529
579.591980, 138.139465, 112.165970, 114.035934
578.173828, 137.491791, 111.767204, 113.613556
579.162659, 136.544388, 105.876968, 110.484917
574.624329, 138.915787, 108.460495, 112.245491
572.846252, 135.954895, 111.077789, 111.540016
573.677307, 138.299713, 107.127022, 107.573082
574.958435, 133.681335, 105.204567, 112.462921
570.992554, 133.159790, 108.899712, 115.315453
569.967834, 132.703903, 110.554199, 116.255692
565.500488, 134.640106, 115.711792, 114.483223
569.802673, 134.191437, 108.716553, 117.628494
568.270752, 142.138275, 111.141930, 110.180153
565.904724, 138.741272, 109.543449, 110.587563
568.019592, 139.560272, 109.929237, 111.768250
567.726196, 141.597504, 109.913300, 112.045677
565.548096, 143.524399, 111.948219, 110.208725
565.820313, 142.700211, 111.574844, 112.498260
564.625732, 144.623535, 113.482178, 112.289322
565.931763, 144.379074, 110.654129, 112.724068
566.903320, 145.997803, 111.456329, 107.870323
565.575684, 146.778503, 113.046555, 112.887894
565.295715, 146.477463, 113.608002, 110.919792
567.641785, 148.838654, 114.529984, 113.961182
567.161926, 149.425934, 113.989891, 109.955650
570.861206, 142.472183, 112.951538, 108.610931
571.997253, 142.603333, 112.631531, 107.000664
573.582520, 145.585556, 113.272491, 107.506332
575.090027, 142.744598, 114.007088, 108.804321
576.794739, 149.216064, 109.997978, 107.100662
579.558350, 146.964172, 111.712265, 112.597961
582.531921, 143.865265, 111.884399, 113.549599
583.059265, 142.440277, 115.430725, 116.731888
583.898254, 139.344513, 113.210182, 113.068657
586.931152, 140.338196, 110.606499, 112.579842
589.052429, 136.046875, 112.686028, 113.087379
593.586121, 133.317307, 116.597603, 121.717545
596.271057, 133.900208, 113.478714, 114.528122
594.935730, 129.625366, 118.666489, 120.847473
601.153748, 129.422134, 110.097153, 117.442909
602.737061, 131.892242, 111.912560, 115.779617
604.561401, 131.570389, 113.222153, 114.980400
603.963806, 126.994598, 114.877525, 118.046890
603.160400, 131.030655, 113.441162, 111.158089
606.737305, 125.199905, 113.704720, 117.489555
607.496033, 130.328033, 112.482140, 116.057472
609.169922, 127.916100, 109.937492, 116.399025
609.593140, 128.231903, 109.784195, 114.801720
608.510681, 127.754616, 114.363770, 117.127487
610.631531, 128.581390, 112.853439, 116.808174
607.415100, 129.760330, 111.917351, 111.217758
607.064209, 127.192673, 113.613678, 115.726181
608.586975, 131.486679, 109.439865, 109.297485
608.708374, 132.511169, 109.130249, 108.576805
608.681335, 132.757751, 109.848404, 109.646133
603.416748, 130.793060, 116.897766, 116.792900
607.783691, 135.153503, 108.893288, 107.782234
607.283691, 135.933868, 110.046555, 107.238037
605.304260, 134.894180, 110.176605, 110.478477
604.214417, 134.953186, 109.655602, 111.246437
601.888611, 134.306519, 110.478470, 112.032135
600.612610, 134.506454, 110.585449, 112.336678
602.279297, 135.319611, 108.095367, 110.131546
601.096680, 134.311661, 108.982880, 109.713455
600.448547, 133.987564, 108.260887, 110.056938
600.113403, 133.604004, 110.709450, 110.492622
596.724548, 133.057526, 109.881668, 111.120018
590.748413, 131.416977, 112.063461, 113.391586
591.717834, 132.885025, 109.364449, 109.508163
587.657532, 131.040771, 111.950111, 112.835075
588.012695, 133.026505, 107.321335, 109.863136
581.922668, 129.712692, 112.663788, 111.831215
578.581055, 130.349869, 110.785309, 113.909103
576.321777, 129.601898, 110.072830, 114.153831
570.607605, 128.029083, 112.234962, 115.194344
569.149597, 127.774307, 110.934631, 112.388008
563.050781, 125.349991, 111.372215, 118.683968
560.043396, 126.290665, 113.088455, 113.911743
557.471558, 130.050110, 108.745285, 111.734543
552.685120, 124.467865, 112.462547, 120.506264
552.531006, 127.314392, 108.105072, 113.816246
549.327820, 128.408813, 107.404877, 113.162209
546.047668, 126.655922, 113.226440, 120.441261
544.490051, 126.362259, 113.188759, 119.832169
541.523621, 127.678589, 110.170364, 113.026543
540.720642, 130.133118, 108.318535, 110.066994
542.967346, 132.939209, 108.733437, 112.916397
542.804993, 134.920837, 106.032219, 111.628510
546.135925, 130.407837, 105.604279, 110.933594
542.607544, 132.597290, 110.904640, 111.884529
543.539978, 130.668701, 112.216568, 114.240959
549.810852, 135.346741, 107.705925, 109.257805
672.960327, 212.222198, 81.995453, 91.857773
552.861450, 133.113312, 107.057587, 109.491997
556.256897, 132.705856, 107.543365, 108.077545
679.501160, 214.736862, 72.575211, 72.992668
558.447021, 129.341248, 111.108597, 112.059631
558.374512, 126.442619, 112.048721, 115.947044
564.522644, 128.636078, 107.425041, 112.353844
570.135498, 129.392807, 108.486511, 113.010445
568.280579, 126.097466, 110.029732, 112.851913
572.064941, 126.480087, 110.519485, 112.111916
578.001648, 128.055832, 108.876717, 111.423393
579.224731, 127.127289, 108.525894, 111.265953
582.425476, 127.114342, 106.557442, 109.979294
585.420044, 128.562134, 106.921364, 109.200966
585.322388, 124.044388, 112.735619, 117.793022
588.376526, 122.580544, 108.036713, 113.815231
591.441528, 125.864838, 107.812531, 113.745148
590.857666, 126.980850, 107.279434, 112.240021
595.824463, 128.283737, 107.573608, 109.610741
596.140015, 128.063232, 107.154869, 108.071915
596.268921, 127.425377, 109.558128, 109.816071
596.070801, 125.499931, 111.002617, 117.958122
599.841125, 128.831055, 110.557037, 110.255264
600.887451, 130.155014, 108.877090, 111.190941
601.885803, 131.433044, 107.688095, 109.412033
604.203552, 129.123840, 112.534813, 117.011406
604.991638, 127.872147, 109.294823, 114.655052
603.075562, 133.931763, 107.602913, 108.339264
600.382385, 129.572021, 122.081764, 120.997726
603.606262, 133.422623, 109.063087, 111.114105
597.795776, 129.952271, 120.446114, 123.003250
599.707397, 132.265564, 110.235199, 110.108246
601.529297, 135.232025, 105.367813, 107.328308
600.292053, 131.556610, 109.586739, 115.819519
595.866394, 131.610260, 109.477547, 109.818741
596.986877, 130.342133, 106.155647, 111.030838
593.159546, 131.416534, 108.030159, 107.894287
593.179810, 130.105286, 106.188850, 109.703766
592.901367, 129.428177, 104.524597, 109.673111
588.581726, 129.528122, 106.707840, 109.870071
585.704834, 127.762985, 106.635002, 110.692894
585.566406, 127.406448, 103.497528, 112.062294
582.565979, 122.667091, 108.214958, 113.679115
582.297852, 121.420036, 105.146721, 114.832481
577.410400, 127.233536, 104.469406, 111.110970
573.090637, 126.556503, 105.184906, 111.977135
574.161682, 123.078979, 104.278244, 111.691208
568.992493, 127.238190, 103.515228, 107.252808
567.427368, 121.801819, 103.691147, 112.006134
557.486084, 125.992325, 109.020622, 112.911240
558.608459, 125.977219, 104.877052, 111.040977
549.564514, 122.132034, 109.648926, 119.246277
557.562683, 122.007607, 101.668510, 111.044640
553.592346, 122.402390, 105.705276, 107.823120
556.798645, 122.675980, 103.075127, 108.589920
557.356628, 126.781754, 99.089272, 111.811584
558.390381, 128.749207, 102.835327, 105.482147
552.034058, 126.337814, 109.921303, 112.931679
556.376953, 127.035934, 107.737930, 111.700951
558.470215, 124.532516, 107.739571, 112.108650
563.408020, 123.413002, 106.484604, 115.651268
564.502319, 123.452354, 108.508820, 113.850029
566.932983, 123.663528, 103.294075, 113.926079
568.602600, 121.101036, 109.021500, 113.101418
573.971924, 122.825714, 102.376198, 111.314476
569.764343, 121.066330, 107.526733, 112.421883
577.497742, 121.227325, 105.566162, 112.019737
576.109131, 121.737740, 109.491783, 111.009811
580.228638, 119.003296, 112.267410, 115.120529
585.212097, 120.449615, 107.365440, 117.819885
591.275696, 124.634018, 102.278221, 112.163757
590.253357, 124.559929, 105.145844, 111.356499
592.614746, 125.254501, 109.506844, 109.955116
596.115967, 125.455940, 104.769821, 111.071014
592.225342, 123.604401, 116.396736, 118.092865
595.570190, 124.581055, 110.929283, 117.446411
600.215332, 125.128784, 106.129059, 112.806427
599.214600, 124.491745, 109.631599, 112.710793
600.268555, 127.010941, 106.395386, 112.871735
598.067871, 124.015594, 111.523872, 113.884277
599.457275, 122.935341, 111.713646, 114.506714
599.822021, 124.226997, 112.068817, 115.127777
599.472107, 123.971703, 112.365517, 114.785820
599.584412, 123.811264, 111.750252, 114.012459
599.128784, 126.209000, 107.520180, 113.604973
604.186340, 124.250519, 106.163521, 113.851753
604.671082, 125.709229, 103.867310, 111.846527
601.929688, 124.465500, 107.497940, 113.677803
601.806213, 125.532745, 104.279816, 115.079498
595.866821, 122.046654, 113.618652, 119.825943
599.325989, 124.731552, 109.962509, 114.924828
599.596741, 124.300812, 106.713318, 114.906425
594.194702, 121.708954, 114.294586, 121.435898
595.616150, 124.580772, 108.773254, 112.175735
594.125732, 124.333237, 108.864052, 113.319359
596.751099, 125.223419, 105.085037, 112.585381
594.261780, 124.108063, 106.020752, 111.565308
590.735535, 122.777824, 110.090347, 113.456184
591.659912, 122.809448, 109.547356, 114.853226
593.648560, 125.094666, 104.517036, 112.098297
587.821350, 124.808014, 107.175911, 111.260773
586.005066, 123.115196, 107.769501, 116.729675
584.127747, 124.275406, 111.484055, 116.335938
583.161011, 124.925400, 110.010643, 117.131851
578.389771, 125.269913, 108.303795, 112.153336
579.216370, 129.163223, 106.668518, 109.513062
578.609192, 128.645508, 108.965553, 112.644188
576.254883, 126.936806, 110.397881, 112.769211
576.635376, 128.390076, 109.076698, 112.151459
573.797791, 128.833130, 110.222786, 117.289459
575.840515, 129.950211, 113.198082, 118.280960
571.807800, 131.079819, 111.169525, 111.547195
572.169861, 132.272186, 108.368378, 111.209984
574.710693, 135.009155, 109.335526, 114.072517
571.693054, 133.996170, 110.357430, 111.293663
570.754700, 133.735611, 108.548134, 110.367195
572.763367, 135.548706, 106.211975, 108.385948
573.015564, 135.429764, 106.972153, 109.429726
575.079346, 135.437134, 106.102600, 112.102173
573.550232, 131.441406, 109.044250, 116.180000
576.497437, 133.617813, 108.406624, 111.066521
684.623169, 232.857773, 86.337173, 76.764725
578.272583, 131.484161, 110.123802, 110.851303
580.866943, 129.787384, 111.098831, 110.814049
582.403442, 129.571625, 110.861801, 110.529655
587.641174, 128.044769, 108.199837, 108.369682
583.704346, 126.559837, 113.885483, 117.248886
588.841980, 123.665260, 113.762558, 119.049522
590.060608, 126.731979, 110.177734, 110.984604
592.564270, 126.981194, 109.707138, 110.655777
595.016968, 127.065033, 108.814026, 110.966461
597.151733, 127.538284, 109.394562, 111.110794
596.971619, 127.175247, 110.923737, 111.144951
595.627869, 124.676483, 114.879539, 117.627312
600.403625, 128.962875, 108.851067, 109.958229
601.645203, 128.801315, 109.974731, 111.519875
601.224854, 129.018356, 110.173706, 109.407043
601.269104, 130.401276, 108.708611, 109.919365
601.117371, 131.464264, 107.957954, 110.236359
601.018860, 132.292572, 107.630569, 109.741333
601.595825, 132.774628, 107.133072, 107.931091
601.932495, 133.114990, 107.518669, 107.589645
600.277588, 133.279236, 107.999222, 109.475883
599.922729, 134.278320, 108.021523, 108.695473
599.773682, 133.703461, 108.087807, 109.394928
600.543518, 132.117722, 109.754524, 110.667053
598.532654, 133.779785, 111.521606, 109.856567
597.874390, 133.698669, 108.642769, 110.339111
596.823792, 129.262283, 113.771698, 119.874489
595.676086, 129.474014, 113.255737, 119.822578
596.144653, 133.020828, 113.675423, 110.447502
598.171631, 136.440094, 106.226402, 106.487129
592.316833, 131.942047, 110.409920, 110.780380
592.460693, 131.269318, 109.787788, 110.416847
591.569214, 131.153046, 109.261177, 109.999023
591.180298, 130.186279, 110.503922, 110.586227
588.380798, 128.292664, 111.888428, 111.593040
586.994995, 128.920868, 110.837227, 110.483887
585.319641, 130.054031, 107.185303, 108.188545
584.976807, 127.178162, 113.014038, 116.906288
584.676270, 124.532761, 108.513924, 112.035873
577.065125, 124.013748, 111.329559, 115.696732
573.854004, 126.663345, 111.607101, 118.118698
572.784180, 126.262177, 110.103638, 111.395966
570.937439, 123.601501, 113.365364, 118.251122
566.989807, 122.951904, 113.695709, 115.605972
569.055786, 126.175583, 113.981316, 117.430984
564.444763, 128.378326, 112.090744, 114.109612
568.817627, 130.711868, 109.100327, 115.578606
557.555054, 127.074066, 115.179512, 117.541992
561.143860, 132.524872, 113.622368, 113.741653
561.431763, 137.932617, 107.881775, 105.323051
554.563904, 135.321304, 112.140137, 115.931038
556.070190, 138.860458, 113.201614, 109.550056
555.901123, 141.783783, 109.790054, 107.731544
556.068115, 143.069443, 110.543365, 109.755951
557.702332, 138.775604, 113.363350, 113.390831
560.207642, 145.404785, 111.805573, 111.314285
557.474976, 142.508087, 118.544823, 117.205086
564.045166, 143.044693, 111.043510, 110.607109
563.266052, 141.955597, 114.431564, 114.786263
563.570496, 139.657898, 117.652779, 116.544899
571.916626, 138.323853, 109.983742, 114.082664
567.119141, 136.882248, 112.363937, 115.083023
573.502930, 133.958542, 112.503937, 114.206322
576.843872, 129.505646, 112.593597, 119.333748
579.311218, 131.540222, 113.137535, 117.025871
580.619080, 132.142212, 109.407799, 111.375740
587.153442, 131.760223, 109.836685, 115.527466
586.463806, 129.393814, 114.705894, 116.676773
590.845459, 128.828232, 114.529541, 115.101242
593.797974, 129.060562, 113.257751, 114.073654
594.072876, 126.987717, 113.724754, 116.879654
597.194397, 126.653549, 112.534691, 114.729866
597.770630, 128.195755, 114.761658, 115.644966
596.189392, 130.208237, 112.988274, 116.708397
596.724121, 130.215897, 113.423393, 116.479019
599.747925, 129.526398, 114.584229, 118.177910
600.503601, 127.987770, 111.214066, 114.060883
599.585938, 128.984222, 116.556023, 118.231728
602.473389, 131.613281, 110.680153, 110.011223
600.463135, 130.466660, 114.784592, 114.900772
600.118408, 130.832687, 114.604012, 117.307770
597.382935, 129.584122, 112.870010, 117.200783
596.601318, 130.988968, 116.073204, 114.597153
597.889160, 132.708664, 113.848503, 111.382271
596.860474, 133.896408, 114.245125, 110.414238
592.584900, 130.981262, 114.443222, 115.568169
592.476563, 132.902893, 113.564468, 113.310295
595.688965, 132.242371, 112.365265, 116.200363
595.707703, 133.830566, 110.202499, 111.954025
594.350037, 134.366791, 110.300224, 113.615540
592.337646, 133.984253, 110.492142, 115.437126
585.644409, 129.314743, 113.872253, 117.268951
588.041443, 130.493286, 114.089058, 116.560036
586.527039, 128.756119, 113.407578, 118.643715
588.973816, 131.097809, 108.319984, 112.505478
579.962219, 126.245758, 111.735130, 115.165886
583.256104, 127.796066, 108.492813, 113.638130
582.102478, 127.087738, 108.613350, 115.030571
573.020386, 124.961456, 117.736389, 114.575073
571.252136, 124.162537, 117.456444, 114.046356
568.531982, 125.571152, 115.470924, 114.016556
567.247803, 124.269806, 116.292969, 111.786369
565.929199, 125.884140, 111.297424, 114.419304
557.885803, 124.341156, 116.290886, 115.562035
554.711975, 124.876190, 119.005402, 114.339348
552.231140, 125.826996, 117.421860, 114.650085
554.199707, 128.050934, 115.639969, 112.845055
551.913513, 129.385300, 113.710640, 115.654747
548.357239, 132.894135, 114.313049, 116.085632
545.827393, 132.786118, 113.164185, 118.173157
541.595154, 136.641739, 117.836563, 117.582321
540.700073, 138.520737, 113.925308, 113.556480
533.640869, 136.364990, 120.115768, 124.697121
539.040100, 144.287994, 113.097084, 115.306618
536.047852, 145.157837, 112.125839, 112.695206
535.259705, 151.574554, 115.379936, 112.680443
530.816956, 149.698349, 122.375183, 118.480896
531.877747, 153.253647, 119.718765, 114.506927
527.405334, 150.477051, 126.134537, 115.604958
535.286011, 151.927658, 117.420090, 108.470322
537.662415, 151.322891, 116.006981, 107.635239
538.307007, 151.994308, 118.546402, 111.468300
540.933960, 146.619659, 115.393295, 106.893074
542.302368, 150.966095, 118.732079, 113.601044
546.336182, 143.593628, 114.261887, 107.684143
547.406189, 148.552887, 118.683250, 114.715782
554.414917, 148.160812, 110.823112, 104.378281
555.877441, 148.645111, 110.882530, 109.324913
559.155945, 144.325714, 113.279427, 110.565186
561.586304, 142.138733, 116.508324, 114.007538
563.953613, 141.464523, 117.359100, 115.507996
567.332092, 140.243240, 113.645050, 112.392838
571.736450, 139.721039, 111.047859, 110.195786
573.010010, 137.652008, 112.881729, 112.576653
576.301270, 139.275940, 110.770126, 112.979813
575.861877, 135.640350, 111.817612, 114.403748
578.063782, 134.750473, 113.698296, 114.897461
578.301270, 132.034897, 113.031494, 111.769547
582.836853, 135.044022, 109.162704, 106.413033
583.394043, 130.368622, 114.716476, 111.016930
585.026917, 127.929321, 112.455681, 115.462769
586.772156, 127.824432, 112.367592, 114.951225
587.211548, 129.265533, 110.732445, 111.220673
586.183411, 131.056366, 113.193924, 115.067177
589.805176, 129.025223, 108.159637, 114.793381
588.528442, 131.067108, 113.214149, 114.460991
586.676453, 134.299988, 114.514610, 115.924561
587.083313, 135.180511, 114.989738, 116.598976
585.080811, 135.232330, 115.706818, 111.342850
587.522156, 138.245956, 113.492264, 113.064590
588.070740, 141.526306, 113.623886, 113.590385
588.985535, 141.988358, 112.199242, 112.565514
587.301392, 143.136444, 112.044807, 111.150467
586.522705, 145.741257, 114.264977, 116.344292
586.117432, 144.044327, 111.973801, 114.801636
584.807800, 149.155991, 112.255569, 106.224426
582.957458, 147.863068, 118.496498, 114.974785
584.503052, 150.054230, 111.167511, 106.966827
584.745911, 152.230515, 110.373184, 102.615906
584.016052, 153.030014, 109.762520, 102.554779
583.263977, 152.880096, 109.623596, 102.628914
582.307007, 152.543365, 109.802216, 102.673904
579.282593, 151.540329, 111.898071, 103.657333
578.952148, 148.992462, 110.026581, 110.283592
578.405029, 149.729050, 110.888641, 105.123009
578.311279, 151.311920, 112.442635, 111.584122
575.107300, 148.277603, 113.184982, 105.519951
574.851563, 142.196655, 114.781059, 110.875015
571.930115, 147.154892, 117.341400, 114.894196
568.600952, 146.300766, 118.676567, 116.224625
570.778809, 143.796921, 115.746513, 113.592812
569.789734, 145.888748, 115.671532, 116.406502
569.240662, 145.383026, 110.787392, 108.799751
566.378296, 142.858139, 116.109558, 117.416252
566.390320, 139.282410, 110.631004, 113.878387
565.216003, 139.030731, 110.744354, 111.680725
562.835022, 136.823837, 112.535698, 112.934990
563.424744, 137.500732, 108.868401, 110.430664
562.920471, 137.154358, 113.757271, 117.131004
563.434692, 135.521500, 108.900406, 116.792946
564.959656, 136.236816, 106.654724, 111.433792
563.246765, 133.045151, 108.087555, 113.266785
562.954712, 132.738052, 108.102425, 112.728775
556.106567, 129.688721, 113.690163, 115.536354
556.613892, 130.143250, 114.503265, 114.995140
557.509766, 129.824387, 112.527313, 115.297363
560.305298, 129.027832, 106.473450, 114.056885
559.175964, 130.044464, 106.453606, 111.511093
558.343567, 129.980423, 108.987167, 114.744453
557.630981, 130.101334, 108.596207, 110.410637
556.855286, 129.467285, 109.375221, 113.196945
557.118225, 128.535034, 108.362076, 112.107765
556.275940, 130.433029, 109.486366, 113.715744
557.243713, 129.013336, 107.245407, 112.118515
557.182556, 129.031128, 107.328262, 112.009956
557.110657, 128.951355, 107.494415, 112.101532
556.697693, 129.019531, 107.943588, 111.892632
556.367371, 128.900589, 108.503525, 112.144775
556.708923, 129.990387, 109.770340, 115.370468
556.501587, 130.122681, 110.217621, 113.661423
555.657410, 129.363480, 113.080391, 110.052856
556.050476, 129.028870, 111.136887, 111.399925
557.453491, 130.034409, 109.003990, 110.875275
558.180420, 129.061783, 108.148293, 112.763840
557.916626, 128.095016, 108.736778, 114.387970
558.877319, 130.299683, 109.872597, 113.746635
696.937317, 232.518600, 51.588284, 46.740555
697.178650, 233.595779, 51.279552, 45.901623
697.545410, 235.233582, 52.054344, 46.522038
561.772766, 133.262909, 103.626434, 105.454781
694.593384, 237.947372, 52.406490, 45.643188
559.933167, 128.914734, 113.255417, 112.627724
564.687622, 130.750153, 109.166100, 110.845459
563.945435, 129.244308, 110.805534, 111.590157
564.943115, 129.447159, 109.638275, 111.018456
565.374146, 129.862518, 110.288567, 110.432686
565.270325, 129.734955, 112.141907, 112.215736
565.244080, 130.608597, 113.072578, 108.710899
565.064087, 129.089737, 112.210457, 113.832939
567.614258, 131.059769, 109.359535, 106.712547
568.520813, 130.299118, 110.238914, 112.940430
566.967651, 128.962112, 112.243095, 112.690201
568.970581, 129.124100, 110.592827, 110.737968
567.416992, 128.925919, 113.273689, 109.859848
567.726868, 128.231995, 111.857117, 113.133575
566.785583, 127.931259, 114.684280, 112.602959
570.510437, 128.635483, 110.649658, 111.351013
574.783386, 128.644028, 107.960220, 114.330765
571.390869, 128.355667, 110.761620, 113.483955
578.255737, 130.110153, 107.084427, 113.757645
611.995117, 243.101685, 50.828426, 48.790306
579.635681, 132.108444, 108.844330, 110.857986
582.287842, 133.070007, 107.272568, 112.742050
582.303223, 132.588470, 108.509071, 116.681038
576.888611, 130.958755, 113.492134, 117.493500
579.972473, 133.233185, 111.399437, 114.321548
585.048950, 133.851151, 108.526962, 113.952606
582.854248, 137.684097, 109.685532, 113.659187
584.375427, 132.949768, 109.302383, 114.786652
584.272522, 136.759949, 108.794304, 113.478455
584.703003, 135.331329, 110.941505, 115.198288
585.590088, 132.747223, 106.639542, 113.287079
585.410767, 132.081909, 108.299698, 111.189262
581.587646, 129.614899, 110.127899, 114.448570
584.804871, 130.313019, 107.509346, 113.216927
584.503052, 132.200119, 108.701683, 115.129883
584.896729, 130.906540, 108.684921, 115.091553
583.419312, 134.440033, 111.946587, 115.311722
584.409851, 135.671371, 110.476196, 115.351830
585.961914, 138.438751, 108.411850, 115.425735
585.550781, 143.399124, 111.406868, 111.356194
585.515503, 145.951965, 110.460449, 111.063148
583.768005, 147.320389, 116.749954, 115.784775
585.910950, 153.890503, 108.709747, 108.385689
585.226074, 156.986542, 113.759659, 109.985703
582.080627, 155.611389, 114.956093, 109.540092
580.484680, 157.278748, 114.919739, 109.778954
577.562073, 158.163055, 107.670204, 108.046318
575.815063, 155.053925, 114.566338, 110.021690
572.202576, 157.397888, 113.649841, 109.643768
569.084961, 153.428284, 115.890984, 110.330025
568.285400, 155.394226, 106.912865, 103.287483
564.940674, 152.297958, 107.687149, 107.809639
559.368347, 146.816559, 115.836296, 118.085518
560.001160, 148.240021, 107.029991, 112.129822
553.734985, 146.921631, 109.649178, 107.798180
554.844238, 144.278946, 106.426262, 115.445953
547.035828, 141.547684, 110.860542, 112.496147
546.087952, 140.227844, 111.479393, 110.916222
543.404236, 135.444855, 110.662003, 113.400085
541.402649, 133.695084, 112.118340, 116.799232
545.686707, 133.317200, 106.639725, 117.795204
541.196960, 128.222992, 111.245255, 117.511940
539.217407, 126.118950, 112.768318, 117.343346
543.818848, 127.002426, 106.056976, 116.642296
544.873657, 123.202530, 104.791870, 114.722580
544.130859, 122.416840, 106.123894, 115.826027
544.659851, 122.482872, 106.481773, 117.969284
546.763428, 122.638596, 106.878021, 113.905830
548.138123, 122.513069, 105.062103, 115.585640
550.011597, 122.328773, 106.188789, 114.643555
551.357483, 123.146072, 107.760551, 114.759895
552.295105, 122.774994, 108.662117, 110.523621
551.578186, 123.260880, 108.915276, 109.267410
555.994141, 120.304703, 105.612907, 114.694885
558.020874, 120.197067, 109.501106, 110.006729
558.923523, 119.825096, 110.940498, 116.133293
568.081299, 118.922882, 102.134949, 109.788391
567.623535, 118.546844, 106.503761, 113.561539
570.101746, 120.559448, 107.532974, 113.582710
568.210022, 118.532181, 110.718521, 113.007996
578.298767, 120.149689, 107.329773, 113.261307
721.122864, 204.581863, 52.560665, 48.838963
578.956238, 120.548569, 108.512222, 111.072388
586.837585, 121.096611, 103.913368, 112.138992
585.501953, 120.326439, 110.714363, 112.695114
590.638916, 122.023079, 106.336349, 109.575005
735.667358, 208.560852, 51.184917, 48.379459
592.627930, 121.695671, 113.385216, 109.364227
595.734131, 122.607605, 108.720078, 109.770584
600.304016, 123.556137, 105.694946, 111.461594
600.198975, 123.532990, 107.580162, 110.005569
600.710449, 125.786087, 104.636749, 108.387383
600.502930, 125.617981, 105.425468, 109.613258
600.967346, 124.869789, 106.685158, 113.570267
599.699097, 125.659317, 107.865334, 111.405602
599.646179, 126.518990, 107.082664, 110.010338
604.011963, 127.470093, 103.157227, 112.085472
596.577698, 123.945320, 114.716858, 117.310394
597.246643, 124.363968, 114.088554, 116.899452
600.136047, 129.105164, 106.530098, 109.517578
600.199402, 129.632080, 106.515984, 109.766678
598.967224, 130.139709, 107.039063, 109.716034
599.597473, 130.180801, 106.482025, 109.432007
600.951721, 130.404114, 105.380287, 112.045441
601.258118, 126.412491, 107.922165, 116.562325
600.019165, 125.130569, 108.470131, 116.324631
598.034180, 129.779877, 108.139786, 109.455948
597.923035, 129.431061, 108.519150, 109.718361
596.566650, 129.602112, 108.790901, 108.518623
597.492065, 129.092789, 106.181358, 111.346519
595.585449, 129.714691, 108.471268, 109.597198
591.813477, 127.908264, 106.291115, 111.942284
593.380676, 125.255188, 105.629478, 115.006813
588.890320, 124.043396, 111.787804, 119.321312
586.313904, 122.015549, 109.297661, 117.029999
582.758118, 126.184570, 109.322678, 113.781097
581.509644, 125.360168, 108.030411, 111.038826
583.551819, 120.121552, 107.733772, 116.159042
578.352661, 122.291397, 108.711823, 113.023621
576.312500, 121.436226, 110.635040, 112.756828
574.992432, 120.680573, 111.246521, 113.686745
574.191833, 122.151260, 107.416786, 112.785378
570.801514, 121.911102, 108.843758, 113.482758
566.686462, 120.623810, 110.257126, 113.613380
570.357544, 123.582611, 106.858612, 110.972282
563.079468, 123.785126, 110.629051, 115.935722
563.661926, 123.122795, 112.917267, 116.477768
560.674622, 123.807526, 114.491608, 113.604782
563.749207, 127.145660, 109.683388, 110.373215
564.313416, 127.284332, 107.451126, 118.703842
565.287781, 131.256668, 106.036186, 114.143669
563.788452, 135.551102, 104.806236, 106.571106
564.705200, 137.083099, 106.645523, 107.443848
561.374695, 136.521164, 108.463264, 110.048897
560.453430, 138.094925, 113.705788, 115.306038
562.907410, 140.923935, 110.386917, 110.690826
564.303833, 141.268753, 108.756310, 108.133240
566.037415, 142.399643, 108.584427, 108.055237
566.953613, 143.492615, 111.207138, 106.383636
568.920044, 145.201691, 109.284050, 105.748093
568.895325, 144.696533, 112.214111, 111.464882
570.378967, 145.909775, 109.399986, 105.831665
570.301758, 146.421143, 114.903984, 112.285988
573.180603, 145.864624, 108.990753, 103.723228
573.814941, 145.391068, 109.177383, 108.737648
573.874573, 141.296982, 116.404175, 114.247841
574.627808, 139.780136, 116.714233, 113.689415
574.780396, 138.620773, 116.936012, 114.374573
576.438171, 140.739838, 111.269768, 106.830772
577.263916, 138.672089, 113.569695, 110.557602
575.972778, 136.847168, 111.172928, 109.956879
575.986511, 135.494766, 111.507240, 111.135406
576.360291, 134.238022, 110.248558, 110.271904
574.507629, 133.204681, 116.458298, 116.569687
576.639526, 133.376221, 110.752991, 110.209145
576.778198, 131.765945, 108.769791, 110.704651
574.136230, 129.962219, 112.264267, 112.556259
576.224609, 129.778625, 109.768127, 111.478355
579.774292, 131.497162, 107.368080, 109.655525
579.032043, 129.940552, 109.012367, 113.951263
576.146545, 130.246475, 111.872864, 114.749237
574.962830, 127.495422, 113.592125, 117.572014
573.654114, 126.494598, 114.269638, 117.138870
578.333435, 129.333679, 106.367920, 113.212738
576.415283, 129.945099, 107.155121, 114.096443
574.945679, 127.847122, 109.197922, 115.318901
574.676941, 131.554123, 110.178680, 115.617043
576.392639, 130.894226, 106.910217, 116.421783
573.166138, 134.096252, 110.126892, 109.356964
574.509949, 135.662552, 108.933418, 109.656441
575.663025, 138.190674, 108.448647, 107.562614
575.785889, 138.484299, 108.438187, 107.279480
577.507690, 139.448563, 106.119675, 105.053986
575.964050, 139.447693, 107.174461, 106.597939
573.652161, 137.732269, 113.598305, 119.605286
574.665527, 139.876297, 106.556747, 107.430061
573.995911, 139.116074, 106.268867, 106.484528
571.425903, 136.219299, 108.093857, 110.171143
571.350098, 135.321884, 106.080734, 109.116203
568.979309, 134.018646, 107.726906, 109.845161
567.659607, 133.930237, 111.920815, 116.985199
565.290405, 133.366791, 113.134254, 117.348763
564.632080, 132.423965, 105.665077, 109.361633
564.808838, 131.211746, 105.704773, 111.603424
562.172424, 132.561508, 104.299850, 112.125824
561.488831, 131.291931, 102.221954, 112.486481
558.800476, 131.431976, 108.568237, 108.468864
558.310852, 132.826431, 105.430191, 107.332123
551.302185, 128.415741, 105.031044, 112.491684
546.226685, 131.870499, 120.202591, 123.611549
550.729126, 132.586533, 108.246964, 111.389664
549.660767, 132.244202, 109.649803, 110.916580
552.084534, 131.513000, 104.101128, 112.529068
550.531738, 132.724854, 105.621162, 108.020866
549.565674, 129.501495, 109.809021, 117.541702
553.948792, 134.586090, 105.145271, 112.976692
552.932556, 133.154724, 108.242676, 109.314148
555.229492, 133.379852, 106.496574, 109.074188
677.173462, 223.182434, 73.833328, 68.561340
554.895752, 129.911804, 111.992897, 117.753891
559.284363, 131.365326, 109.042480, 110.223579
564.493164, 132.928131, 105.179993, 108.719414
565.240540, 129.450302, 111.138458, 116.880577
569.034119, 131.855347, 108.418152, 109.791954
575.324463, 133.332916, 103.861076, 110.795082
577.046875, 133.004135, 107.218567, 110.419937
578.493286, 132.930557, 104.901062, 111.713783
579.227905, 132.392624, 108.449593, 110.307480
581.236511, 133.459091, 106.963203, 108.498817
585.341919, 133.459595, 109.315369, 109.800056
586.287415, 133.683960, 110.597488, 108.002144
586.775085, 132.629272, 108.349220, 109.167671
588.057190, 134.680862, 107.920776, 109.269516
592.363037, 137.098099, 105.179932, 106.756989
593.748352, 138.439102, 106.112801, 105.701744
595.521667, 138.926559, 107.814293, 108.375740
595.311584, 140.700714, 107.995880, 105.948456
598.249268, 139.508408, 108.602890, 108.319489
600.517761, 139.953659, 106.232513, 110.708893
597.120056, 142.789078, 109.083817, 106.052040
599.172668, 141.345016, 112.143921, 111.150894
599.547119, 142.517563, 115.506393, 114.446571
602.506104, 143.612625, 106.774376, 109.160324
596.462097, 144.951859, 114.323067, 112.637299
595.318970, 144.743835, 115.480309, 112.670265
595.891479, 145.354980, 115.492531, 113.064995
596.790649, 149.021912, 115.719170, 114.623932
