562.089417, 84.307663, 300.634064, 288.131531
562.569580, 86.465691, 300.519958, 286.802185
550.964111, 86.229813, 314.067322, 294.847748
562.408447, 93.268143, 308.315247, 285.121948
547.582275, 87.022346, 314.141418, 299.485138
570.634583, 91.915482, 295.606079, 287.038788
571.328430, 94.907013, 291.673279, 282.260620
554.451355, 88.756531, 313.597168, 306.582581
491.587189, 362.921143, 38.844917, 41.213425
554.269653, 91.596207, 309.955688, 297.222443
492.067291, 362.806549, 38.029549, 41.437763
522.583374, 83.490921, 340.045013, 313.849030
526.422668, 89.142273, 331.791077, 306.621460
534.619507, 81.560516, 319.997742, 315.061310
540.336304, 90.636902, 317.550964, 309.500702
544.641235, 88.192642, 314.908081, 314.713013
543.068787, 89.166359, 313.935822, 312.974426
545.423767, 89.879349, 310.536560, 310.054443
542.461914, 89.886978, 308.614868, 307.301971
536.948059, 80.307465, 319.172729, 314.881714
537.310364, 80.157654, 318.989319, 314.937042
491.602753, 361.754791, 39.035294, 41.618172
491.759369, 361.795410, 38.897591, 41.575596
491.796783, 361.784424, 38.246578, 41.652802
491.761383, 361.699188, 38.285641, 41.729939
491.850830, 361.764679, 38.223892, 41.561543
491.824463, 361.723907, 38.405197, 41.681873
491.791656, 361.664886, 38.415718, 41.723148
524.052124, 102.517937, 312.366913, 292.733765
522.510681, 98.311844, 314.284821, 296.115356
517.875061, 96.906387, 318.313080, 297.441589
534.214233, 89.375458, 309.356934, 302.150543
541.169739, 104.010147, 305.571320, 302.029175
526.754761, 97.118149, 318.120667, 315.560669
543.765076, 108.066666, 301.960724, 302.388062
518.274475, 110.284447, 314.979034, 293.365356
518.101868, 108.585785, 315.733643, 294.431458
513.974670, 114.603172, 317.360809, 291.322784
511.364014, 110.563019, 319.777924, 296.365082
515.958435, 100.544098, 326.894714, 322.448517
492.486359, 362.040192, 37.878902, 41.215107
531.755798, 119.471977, 301.616272, 296.391907
492.463409, 362.100677, 37.724190, 41.060051
521.739075, 135.001617, 310.347473, 294.019348
521.597839, 135.559692, 309.638824, 294.040527
491.905823, 362.266510, 38.600735, 41.301418
511.383759, 126.654999, 314.274536, 302.681732
503.798340, 130.269180, 317.587372, 303.527802
513.118958, 126.931122, 303.795929, 299.941498
512.350464, 129.270294, 304.993683, 301.523071
509.247528, 119.478310, 315.310547, 313.366730
499.847656, 137.934341, 317.162537, 289.805145
504.590881, 137.700119, 314.163696, 292.532135
497.110535, 136.981781, 317.817566, 297.852692
498.246674, 137.959717, 316.272797, 295.710541
501.237244, 130.064590, 317.124786, 312.374359
501.448425, 127.598846, 318.982086, 313.627655
499.346252, 129.963608, 317.759277, 311.558136
498.979492, 125.359444, 319.458160, 316.863159
499.234619, 127.381317, 317.519775, 316.211700
498.380463, 129.520874, 317.873657, 311.939392
520.363525, 140.494110, 306.368225, 300.747284
516.907532, 132.760269, 315.105286, 311.117645
491.962769, 362.202942, 39.029243, 42.120445
491.995392, 361.595673, 38.542866, 42.264950
516.731079, 134.151642, 320.491486, 304.055359
492.096741, 361.696381, 38.481182, 42.223839
491.439301, 362.092194, 39.275757, 41.842556
491.937683, 362.731110, 38.843754, 41.816772
512.678589, 124.591469, 308.214905, 310.528473
491.669250, 362.231323, 38.772587, 41.482113
517.844238, 124.719650, 313.410400, 313.612213
518.136414, 125.393555, 311.916473, 312.699341
526.534424, 137.498413, 303.082245, 291.845459
521.632202, 119.523300, 306.330109, 307.639465
521.685303, 118.248550, 307.430328, 309.045776
521.884094, 119.715706, 315.189728, 314.993042
514.903625, 108.265869, 319.365601, 325.213409
515.138184, 107.881485, 319.673401, 325.712372
529.811462, 111.486458, 316.909363, 312.666229
531.372925, 111.976334, 316.075348, 312.844025
514.996277, 110.447601, 338.673218, 319.581635
522.902100, 110.541840, 334.928101, 317.220215
522.474304, 111.400208, 335.429504, 317.632324
524.397827, 115.039383, 333.487213, 320.672394
525.439941, 115.748047, 334.764618, 322.281982
525.662903, 115.990051, 334.423126, 321.873016
527.674561, 110.079361, 334.084259, 319.498016
532.190796, 110.527588, 329.652618, 316.831146
531.420410, 113.160233, 326.979126, 312.125122
551.506409, 119.737350, 320.076202, 303.687256
551.437622, 119.382454, 320.586731, 303.863373
554.488586, 118.057693, 327.751984, 309.892059
552.942688, 116.629761, 331.197235, 309.389191
553.397278, 116.346222, 329.638214, 309.480560
567.859741, 110.619858, 316.728394, 301.156403
568.202332, 110.785309, 316.208923, 300.892761
560.637573, 116.462158, 327.266052, 310.380646
568.402222, 125.187332, 314.802917, 288.816467
569.486328, 125.368950, 313.457977, 287.501129
575.088379, 108.752975, 316.707306, 303.346710
574.366760, 110.443619, 316.953278, 301.230469
567.227905, 108.175911, 321.893433, 308.080048
558.881897, 122.054916, 318.056213, 302.684723
558.194763, 121.760117, 318.755127, 303.015045
556.712524, 112.517754, 324.255554, 307.307251
553.873657, 119.085876, 323.114502, 297.109314
549.085083, 125.573647, 319.964050, 293.666687
548.076050, 118.524094, 324.395416, 311.500214
548.687500, 119.780632, 324.047241, 311.121582
552.544739, 115.711952, 307.965515, 318.858551
553.665588, 116.366974, 307.196381, 317.941650
538.904114, 117.659744, 329.923676, 319.157898
536.115295, 111.291229, 313.528931, 318.358521
535.488403, 111.875763, 313.645294, 316.994080
534.701111, 137.756760, 310.744415, 306.527588
534.597839, 137.367493, 311.109467, 307.376434
533.033569, 116.127258, 323.102417, 312.478210
522.518250, 112.759544, 323.550507, 309.283386
521.541870, 112.705574, 323.034241, 309.640350
517.798279, 125.863007, 329.491089, 304.138367
518.949402, 126.869263, 327.064331, 302.569244
519.671448, 124.680046, 321.988434, 301.814423
516.904419, 133.227448, 317.638916, 295.884277
515.175537, 138.344788, 318.856567, 292.360718
517.502808, 132.256012, 306.555115, 298.908813
518.167358, 133.912750, 305.057312, 296.758026
515.306824, 116.253265, 310.222290, 303.913910
501.814026, 125.140167, 316.386841, 293.823425
501.747742, 124.831467, 316.610443, 295.399261
497.559692, 128.654144, 317.689789, 294.236511
497.911804, 128.603928, 316.879303, 294.188995
506.678131, 117.592346, 307.833099, 295.174805
507.843964, 118.249229, 307.392639, 295.340302
502.002472, 116.764862, 305.309784, 289.249939
521.841003, 124.157707, 282.334869, 269.872803
521.764038, 124.595474, 282.782349, 269.629608
519.760681, 118.826218, 290.170502, 277.038177
521.909302, 120.599289, 288.066010, 275.005463
523.790955, 126.225693, 280.638611, 270.253357
521.875488, 123.475632, 282.231415, 271.438110
524.559326, 123.795311, 280.522980, 267.715240
517.451843, 113.570297, 292.020996, 284.594421
517.227905, 113.074615, 292.117645, 285.069824
515.347473, 105.344360, 299.509460, 292.110229
521.616272, 111.578934, 296.317871, 288.399719
517.627319, 109.462029, 300.343903, 293.463806
518.773254, 112.970688, 300.729126, 292.475311
523.711548, 119.164230, 297.715729, 285.622620
526.574036, 125.492081, 287.746826, 276.135376
520.431396, 121.431183, 292.359833, 276.125610
521.060120, 119.256653, 298.302185, 277.798401
519.546997, 121.839584, 296.387543, 275.798248
519.742615, 121.704475, 296.081696, 275.646576
528.760010, 128.316040, 282.409393, 272.278290
529.345459, 127.307037, 286.379639, 269.325317
531.427124, 128.781952, 283.232208, 266.351074
520.188110, 114.789253, 292.260559, 289.124023
519.978760, 115.108116, 291.811890, 287.861816
538.630676, 121.610619, 282.126892, 281.232391
527.268066, 111.543564, 292.898743, 291.014435
528.744995, 111.038361, 290.859650, 291.307465
528.935303, 104.294373, 303.199371, 305.169708
528.565125, 104.721100, 304.801819, 304.801880
536.304626, 111.359528, 292.230621, 296.966797
531.132019, 118.377380, 305.884979, 295.748138
535.492981, 113.260864, 291.115967, 298.723297
517.241333, 121.724968, 317.944672, 296.309509
492.930237, 361.771790, 37.762054, 40.796543
538.276367, 116.275024, 293.894989, 279.806091
538.554504, 115.037483, 294.801910, 281.610840
534.711731, 123.438141, 298.761688, 290.242188
527.139648, 117.822540, 304.525909, 313.094849
527.322571, 119.282013, 303.066498, 311.614746
521.683472, 120.726196, 311.720520, 300.917023
522.337280, 119.800613, 312.462036, 302.171631
526.852600, 118.562759, 312.116180, 305.463287
526.025330, 117.120308, 310.556915, 303.646210
517.530090, 111.135963, 326.093842, 313.005829
542.034180, 119.319290, 294.890320, 295.252441
541.171143, 119.197968, 295.274414, 296.169189
527.246399, 118.046600, 310.192291, 304.616913
525.770569, 119.161049, 310.969147, 304.098114
525.754028, 118.300232, 311.130951, 305.070343
525.176880, 119.113480, 311.523682, 304.368164
524.466187, 118.542999, 312.307037, 305.227570
529.228943, 120.178307, 299.640259, 308.368134
521.745972, 122.615585, 316.050781, 312.085846
521.720032, 121.475868, 317.244934, 313.932495
523.817871, 130.474106, 319.416718, 310.131256
524.973572, 132.733154, 322.789886, 311.555267
519.860596, 127.842186, 330.167328, 318.932922
528.514343, 132.509140, 319.737091, 311.450226
524.917175, 130.375992, 320.249084, 316.849945
523.633850, 127.205139, 318.091095, 315.047668
523.490479, 127.147202, 318.360535, 315.258789
524.828186, 143.046356, 305.849609, 299.467865
524.845642, 142.848267, 305.836639, 299.820770
528.406921, 134.474792, 299.616180, 313.671844
520.656677, 143.310455, 311.545044, 319.552185
519.982239, 143.306473, 312.095978, 320.305908
523.718689, 149.176743, 309.583832, 302.067719
523.813843, 148.484375, 311.575104, 302.920227
516.939087, 139.058350, 316.484619, 309.342285
523.197632, 141.339233, 309.009583, 300.380524
521.671021, 139.872971, 310.419037, 301.669861
517.984253, 126.257675, 307.687592, 319.754974
512.920227, 127.633057, 323.378357, 316.014465
519.229431, 129.193054, 315.492157, 309.897003
506.807770, 134.259094, 320.100830, 299.239594
513.506104, 133.747620, 312.446289, 299.717377
519.535034, 135.718964, 311.599091, 309.641724
519.270264, 135.810181, 311.807343, 309.663910
507.640625, 135.713898, 319.649475, 307.288757
517.438721, 130.084396, 318.612061, 314.341400
513.353638, 136.465836, 314.187469, 304.145538
513.795471, 136.890991, 322.799225, 306.081024
512.125427, 137.958450, 322.504333, 304.713196
512.639404, 133.150238, 324.084930, 307.554901
514.389587, 135.632721, 317.728516, 300.852722
515.659119, 127.931625, 316.681854, 305.262939
516.591003, 131.315491, 312.766235, 311.173767
505.581390, 127.853912, 321.281982, 316.328400
518.299194, 127.655342, 311.489166, 310.130035
513.270081, 129.815247, 313.632507, 309.718536
515.009827, 132.333862, 313.637421, 308.504211
512.145081, 135.902039, 307.554718, 303.640137
512.454407, 131.382004, 312.966034, 306.148773
515.114380, 134.194336, 309.389008, 303.107086
513.022095, 130.829468, 314.037506, 306.185638
512.862366, 131.501068, 312.623322, 304.819885
512.250793, 131.454330, 309.668396, 304.417450
510.710510, 130.070267, 311.200317, 305.311523
507.932983, 131.672989, 311.492645, 303.738586
492.067291, 363.809601, 40.213799, 42.440769
514.241211, 134.576263, 306.444336, 299.679901
514.429077, 132.175720, 306.041168, 301.595551
514.155884, 132.090103, 306.065552, 301.525574
512.878479, 136.951202, 309.414337, 299.888611
518.667114, 137.811722, 303.357269, 296.190430
502.324890, 126.246666, 323.952026, 305.295441
512.207092, 138.368286, 313.279236, 300.832947
511.218506, 137.948456, 313.564392, 298.018890
495.014435, 125.746780, 326.986725, 310.674896
492.322815, 364.262238, 39.536259, 41.615025
492.273224, 364.110687, 39.596554, 41.634754
506.176239, 128.233871, 321.098328, 310.343536
506.609680, 130.581146, 319.679688, 309.046082
500.969757, 131.238693, 323.836639, 314.107086
499.424286, 131.094421, 324.802094, 314.059296
505.960541, 125.545074, 325.978485, 318.767242
508.012115, 117.762512, 326.161926, 314.913696
507.365051, 117.515503, 325.495178, 314.540649
503.591003, 113.759048, 322.215515, 309.668365
503.485382, 112.860138, 321.790802, 309.367889
504.978790, 117.555161, 310.920959, 302.002960
502.602173, 111.486755, 314.596069, 312.659332
502.824829, 111.969376, 313.208405, 311.762634
497.341583, 114.417435, 327.162201, 306.644287
497.056702, 113.427826, 328.627197, 309.098785
499.082947, 110.933365, 313.560089, 311.236633
497.343262, 112.292679, 316.774994, 314.056183
496.302185, 111.477852, 317.464050, 314.444611
509.352020, 119.312714, 303.694977, 300.796326
507.888977, 118.785164, 304.858856, 301.273560
480.970978, 121.825958, 334.001129, 304.355164
486.135193, 125.398468, 327.900757, 297.827789
516.423035, 122.949135, 291.692657, 280.076355
510.748688, 124.683922, 299.413055, 280.696136
506.670959, 122.934540, 305.133850, 285.059784
504.422974, 123.809914, 302.382813, 286.079987
505.180603, 125.217125, 302.970337, 283.634003
504.643524, 126.566788, 303.490234, 292.726013
484.707214, 115.572937, 321.932465, 306.180878
496.902649, 108.595032, 316.791321, 313.401978
487.151428, 116.004456, 320.016083, 304.212067
487.108704, 116.140930, 319.588745, 303.516235
483.884064, 116.923935, 324.077118, 306.372131
486.092316, 119.788406, 322.682159, 304.757874
484.058411, 118.450058, 324.585510, 305.900452
485.431305, 118.534370, 324.312012, 308.226196
485.557251, 118.309219, 324.245514, 308.203156
490.596436, 124.519020, 306.810760, 300.954559
481.903229, 126.723892, 317.321930, 310.155701
480.497345, 126.344826, 318.353668, 310.321381
483.885010, 127.620453, 318.377045, 312.569153
484.032227, 127.671494, 318.559509, 312.680267
480.733490, 120.936272, 320.599518, 311.913940
488.601624, 122.627876, 316.257507, 311.041718
488.645721, 124.615829, 316.824615, 311.688660
488.299896, 128.468246, 315.859863, 307.216400
488.728241, 128.514389, 313.923431, 306.775146
488.932587, 124.868279, 322.798645, 316.142944
488.710846, 123.760895, 320.325531, 314.511444
487.454620, 120.343216, 323.175690, 319.066284
491.818726, 126.222511, 316.520935, 313.309570
491.133972, 124.744255, 318.174713, 314.106873
500.433899, 122.699448, 309.756226, 308.997498
500.538605, 125.046860, 310.102356, 307.137329
489.384216, 120.143494, 319.255188, 310.759644
485.023193, 124.356483, 313.287292, 302.975555
484.007324, 121.051537, 316.069275, 307.536102
484.915405, 121.740295, 315.726440, 311.230621
484.696838, 121.357742, 316.342682, 311.770477
490.574982, 124.845634, 312.879272, 294.463806
484.697479, 114.008690, 323.066742, 318.080658
494.027008, 120.568283, 315.090332, 310.441772
484.282928, 119.452614, 326.865082, 318.288696
484.261993, 118.488190, 326.715881, 320.059784
500.451385, 128.053741, 310.248413, 305.897125
494.237701, 126.044701, 308.281372, 302.380341
495.662842, 127.109703, 308.113342, 302.256226
503.256500, 130.932129, 309.475708, 304.328125
502.438110, 131.074066, 310.036346, 304.590668
503.008850, 132.556488, 312.804871, 306.027679
517.098450, 137.793671, 304.565552, 300.909241
517.847717, 137.459641, 303.632660, 302.187317
510.195160, 135.513657, 302.310730, 305.684509
510.804138, 135.492920, 302.052704, 305.273102
507.858398, 135.334763, 301.730347, 305.168427
483.331146, 116.466568, 325.037415, 318.787872
483.894501, 116.915871, 324.073792, 318.211334
489.916199, 123.184311, 315.727509, 322.184753
487.558624, 129.076462, 326.064697, 315.838440
492.178955, 126.825546, 314.689636, 320.444458
501.513885, 129.730087, 311.568359, 306.894806
501.769012, 130.994598, 310.196747, 305.199127
496.485016, 133.862030, 322.344635, 311.605286
501.748779, 131.296936, 316.068298, 308.941254
516.067139, 136.201111, 312.560577, 309.181549
514.458557, 126.356186, 306.548737, 317.284454
514.451599, 126.662254, 306.922699, 317.271149
515.807922, 120.413391, 311.919159, 309.996613
516.371826, 119.540985, 311.199768, 309.947754
519.663086, 107.580826, 318.201233, 316.699371
492.460327, 363.331116, 37.575809, 40.560215
492.594696, 363.591461, 37.384174, 40.419212
492.745667, 363.428284, 37.672176, 40.474609
492.776794, 363.498352, 37.625458, 40.388039
492.701294, 363.707672, 37.576500, 40.407101
492.829041, 364.138428, 37.218719, 40.233955
492.755127, 363.783173, 37.504326, 40.387657
546.611389, 124.535858, 317.139130, 309.258667
492.537659, 363.508545, 37.799953, 40.578476
492.273651, 364.069977, 38.705894, 41.083042
492.541626, 363.545044, 37.812145, 40.604614
492.402527, 363.400482, 38.829956, 40.973526
491.529572, 361.540405, 39.557304, 42.458275
569.173950, 122.774719, 316.179291, 307.918579
572.721680, 121.980118, 315.418304, 312.295044
492.596466, 361.893158, 38.390388, 41.350739
577.119019, 123.669754, 312.494690, 330.601501
573.906311, 125.741257, 316.506805, 332.127411
573.538452, 125.526253, 317.375305, 332.477112
578.144104, 126.481949, 313.215546, 314.342682
492.907318, 363.424194, 38.028572, 39.937660
492.857758, 363.443695, 38.132313, 40.223331
579.586670, 121.602974, 309.699585, 299.037628
492.063568, 363.569153, 39.114902, 41.682323
492.490234, 362.707367, 37.949532, 40.657482
576.723999, 118.590355, 314.291748, 310.985596
492.067230, 363.076752, 38.887447, 40.795479
570.715515, 144.534241, 297.075073, 277.651764
570.222656, 146.273148, 298.164948, 277.306610
491.808014, 361.782654, 38.874435, 41.571762
491.180786, 362.286957, 39.674274, 41.824722
492.067352, 361.153198, 38.918480, 42.428802
492.208282, 361.426514, 38.826302, 42.415554
492.166321, 361.511993, 38.719063, 42.336620
491.780487, 361.861694, 39.102772, 41.836807
578.131348, 127.819565, 307.109558, 325.564941
491.538483, 362.064667, 39.330479, 41.350216
573.473938, 129.312988, 304.249451, 319.932739
491.723053, 361.854919, 39.035355, 41.700089
566.460388, 143.677536, 289.157104, 270.999420
491.893188, 361.872528, 39.096786, 41.690388
491.783936, 362.528717, 39.248821, 41.178345
491.609619, 362.009369, 39.699100, 41.637852
568.796997, 129.320435, 303.692139, 320.943542
491.616455, 361.450684, 38.965042, 42.474098
491.657776, 361.505432, 38.966522, 42.500118
565.357666, 121.045158, 312.195953, 325.713104
491.847351, 361.789673, 38.766476, 42.102398
559.611511, 121.926544, 313.572784, 326.125092
558.622070, 126.236877, 309.110138, 316.392090
551.983521, 121.488281, 300.817657, 300.971069
556.124573, 125.545700, 312.013550, 321.585327
555.398987, 125.303047, 310.230927, 317.501556
547.409912, 124.597694, 298.844421, 298.185333
548.494812, 123.186470, 315.074158, 327.798920
548.777710, 122.198456, 313.491180, 326.364532
491.811737, 362.927277, 38.592449, 41.009502
545.976013, 117.749031, 314.981171, 332.897858
544.324646, 114.880501, 313.186371, 327.176727
530.927673, 113.822571, 309.271820, 303.995819
531.480225, 114.458549, 308.825409, 302.923309
547.453247, 121.324661, 309.987091, 320.560608
546.421570, 118.620239, 311.844635, 320.931366
537.891235, 128.942825, 313.813965, 297.162140
491.978912, 363.183533, 38.870499, 40.225342
536.943909, 127.864456, 315.950775, 298.332825
560.118286, 119.162628, 302.435669, 292.706635
560.994995, 118.979111, 301.442200, 292.487671
559.378662, 115.345329, 315.313141, 303.001648
549.175354, 104.679810, 334.636322, 326.985382
549.815491, 106.197006, 332.571533, 326.426086
551.955811, 109.776314, 332.242279, 331.381226
550.442993, 112.377213, 332.388306, 327.525421
536.280334, 117.610657, 338.352783, 317.954010
493.403229, 363.069366, 36.703388, 40.268181
545.726501, 112.349449, 320.233521, 330.103882
493.319366, 363.311920, 36.574257, 40.240696
550.043213, 123.962952, 321.024872, 318.479523
493.323181, 363.261047, 36.379532, 39.959705
535.137390, 116.284691, 313.698547, 305.234558
535.444214, 116.304153, 313.115601, 304.898987
528.507507, 129.612488, 329.021423, 313.779785
531.834351, 131.332611, 323.096619, 306.524963
532.054626, 134.333466, 313.654449, 300.541656
492.530609, 362.858795, 37.833755, 40.190643
518.219360, 128.039368, 330.839111, 311.444550
492.630249, 362.974884, 37.851997, 40.206726
522.629578, 123.935837, 315.820740, 316.120605
492.636658, 363.016113, 37.792835, 40.165310
510.550385, 132.985321, 319.210785, 311.041412
492.699860, 363.147614, 37.889172, 39.994999
491.626404, 137.818924, 321.079956, 306.767303
493.520691, 136.501007, 320.945313, 308.943207
493.371155, 135.707840, 324.477753, 316.570831
493.786407, 135.838470, 323.001160, 316.727448
492.096069, 136.171936, 323.929932, 317.255219
497.730621, 144.572174, 313.059814, 300.785553
498.869446, 145.549866, 312.152161, 299.431732
487.065796, 127.989975, 326.566498, 322.921936
485.264526, 126.193008, 324.323914, 323.474854
495.243835, 137.164398, 316.365204, 317.095795
496.475708, 143.998962, 310.030884, 306.676056
497.370697, 147.252914, 308.748474, 303.415070
494.196411, 150.312424, 312.835327, 303.491425
496.167114, 151.000031, 310.214447, 304.026672
484.942657, 139.920609, 313.103638, 313.348907
485.939148, 138.403519, 315.755402, 308.622375
483.903290, 138.352600, 316.822754, 310.710693
475.779144, 140.364609, 317.604675, 314.536774
475.573029, 140.509567, 316.004028, 313.469574
475.898254, 130.878647, 320.957764, 323.435089
469.403198, 127.136398, 318.615356, 327.106354
461.038086, 124.285583, 336.050751, 336.386414
467.681183, 127.021591, 321.767029, 320.558380
469.280823, 128.287552, 320.362152, 317.450592
470.748535, 136.339325, 319.263580, 299.412140
471.553680, 142.870544, 315.717407, 311.002808
471.447540, 142.882553, 315.868927, 310.927063
472.315765, 151.366760, 311.568359, 297.670563
462.772552, 137.370514, 318.415924, 313.885071
468.540253, 148.914001, 312.511536, 307.264069
469.254852, 147.428070, 306.593933, 305.229431
468.156982, 146.848816, 308.413544, 306.677246
459.890991, 150.861252, 306.570313, 300.801422
459.313446, 150.480255, 308.704376, 300.589386
460.922424, 143.006775, 308.068970, 306.351105
473.800354, 153.723877, 301.336426, 290.448578
470.714508, 149.150909, 305.452179, 293.904602
460.632965, 147.648895, 306.034515, 291.419769
459.015015, 146.459198, 306.059692, 291.801422
462.141296, 133.826752, 317.993286, 322.790680
457.595520, 136.864899, 323.707306, 327.829132
458.035004, 136.742767, 323.312347, 327.647400
474.529724, 134.568207, 326.626099, 329.608307
468.900391, 135.279922, 318.039124, 326.110962
468.110840, 143.302246, 315.972321, 312.981445
466.632172, 140.998077, 318.005127, 314.369385
474.735870, 148.139404, 316.022369, 316.531281
477.668671, 147.971512, 314.269409, 312.589294
477.172089, 146.413376, 314.669281, 314.426971
459.550903, 148.781372, 329.973358, 324.743835
459.939178, 147.799133, 329.690247, 326.257263
457.661469, 147.921082, 336.705353, 328.657837
460.635437, 142.755539, 334.084442, 332.348419
460.459961, 141.402771, 333.095490, 333.839172
456.870636, 142.307724, 335.663208, 327.517334
465.736359, 149.790146, 334.399292, 316.732849
459.584534, 148.287216, 334.398743, 321.310699
456.804993, 151.777191, 333.234650, 317.696960
459.100159, 152.791962, 329.919708, 317.795532
457.738953, 148.748032, 337.362732, 323.489990
457.949646, 149.498871, 333.784210, 321.916290
459.697021, 153.314011, 339.967316, 316.727905
464.864044, 153.657227, 329.854767, 326.471344
464.816864, 152.733658, 331.714142, 327.607056
462.999969, 145.671402, 328.776489, 338.362762
463.471222, 145.544815, 327.598236, 338.072998
463.040894, 142.938400, 335.656769, 328.683380
465.806610, 146.270020, 334.877747, 327.484589
463.375336, 143.523041, 331.736633, 324.187531
469.393433, 147.454529, 329.900696, 326.410522
466.097382, 146.744934, 337.010254, 327.976196
476.504730, 148.927261, 321.628448, 322.171661
471.462738, 144.117264, 327.134369, 325.931641
472.199829, 144.071945, 325.471405, 326.515472
476.341431, 147.768570, 325.407379, 320.661499
475.298920, 147.119980, 326.158020, 321.727600
472.587036, 137.752441, 324.960907, 322.133911
476.485321, 142.665588, 318.821014, 317.623230
476.253723, 142.354675, 319.158752, 317.975403
478.471252, 144.043396, 315.658081, 316.709351
478.079224, 144.516998, 315.004120, 316.757721
479.411804, 145.596191, 313.549255, 315.160065
475.671478, 142.459106, 316.964783, 317.577423
477.680908, 142.808990, 315.933624, 318.397247
467.993286, 141.958435, 329.720398, 320.758179
468.028656, 142.313507, 329.582550, 320.323608
467.232544, 149.291656, 322.453857, 309.259186
474.122803, 152.622314, 319.396942, 294.668274
474.396210, 153.099396, 318.856049, 294.350098
490.677856, 150.049637, 314.564789, 292.614716
490.077667, 149.982361, 314.691467, 293.133820
491.879181, 130.346176, 315.615265, 307.432343
499.286133, 125.142410, 320.477814, 313.419739
504.291809, 124.382591, 316.828369, 317.160614
507.280151, 121.483162, 314.235352, 303.920715
505.868195, 118.786148, 318.126648, 306.869385
504.683807, 134.583557, 315.352509, 297.474548
510.062256, 139.061493, 313.413239, 308.089203
510.478607, 139.271194, 312.979523, 307.862701
513.291626, 142.690628, 313.054993, 305.136230
513.010254, 142.426376, 312.748718, 306.030060
514.594910, 140.302475, 314.581818, 308.160889
514.724304, 140.437637, 314.456390, 308.219543
513.495056, 133.265167, 315.096466, 312.727539
517.760620, 123.002106, 313.828705, 322.397369
517.556702, 123.904953, 313.292084, 321.419281
517.887695, 122.928749, 317.987335, 321.877686
524.757446, 131.421738, 315.585266, 312.778595
518.824036, 123.745247, 319.494019, 322.291565
524.638184, 130.813934, 316.658600, 309.418549
523.477234, 126.284393, 319.609894, 313.268341
525.015381, 131.717804, 315.446472, 308.696259
525.117310, 132.392120, 315.319824, 308.165497
531.923889, 127.425903, 313.882446, 319.643890
531.365601, 127.386780, 318.369781, 314.594269
523.438965, 120.513428, 318.823883, 327.518066
527.264587, 125.198349, 318.353455, 314.919830
521.045593, 123.808762, 326.142670, 317.895660
524.438171, 113.377014, 325.006134, 327.971222
492.057251, 363.199402, 39.668510, 41.234432
491.950653, 363.178711, 39.703007, 41.258015
491.946991, 363.012848, 39.577747, 41.069939
491.926422, 363.049286, 39.592617, 41.183315
491.856476, 362.805237, 39.717812, 41.334229
521.301880, 99.865128, 325.090210, 322.112671
521.244385, 98.646393, 326.268677, 323.659698
525.604126, 92.726280, 325.293396, 311.970428
526.293518, 95.186607, 322.812500, 308.031250
526.692688, 86.877335, 325.255707, 320.369934
523.649353, 87.012604, 330.148041, 329.205048
526.739380, 87.452873, 323.319458, 321.138123
523.711853, 88.325890, 332.158722, 324.290161
523.745422, 88.046608, 331.844116, 324.225677
492.530731, 363.704956, 39.298943, 42.045414
519.159607, 78.400879, 331.227722, 330.807709
492.493927, 363.677338, 39.328526, 42.060505
519.565186, 83.481384, 338.611725, 330.091827
519.156067, 86.194107, 337.856140, 329.750580
528.711060, 98.044510, 312.870056, 306.134705
492.696289, 363.957153, 39.261707, 41.896889
511.453369, 84.218132, 334.699707, 322.743011
507.733612, 88.330444, 335.574524, 330.882568
507.996338, 88.352264, 335.453766, 330.834808
507.295746, 86.372910, 338.995300, 334.294983
508.883331, 85.326492, 337.086060, 334.550293
507.286926, 87.733238, 335.303009, 337.026459
502.082245, 93.029228, 334.573029, 337.433685
501.723114, 93.649841, 333.697205, 337.934998
496.296539, 100.768585, 336.958344, 338.560486
496.978088, 101.509857, 334.038544, 336.750793
514.283020, 108.250168, 312.983368, 305.109253
503.178680, 101.638474, 322.411346, 317.458008
499.896545, 100.279732, 326.198303, 319.240417
496.292206, 111.406525, 333.033386, 329.004272
496.919830, 111.555336, 332.463379, 328.609558
487.989594, 95.935776, 345.756531, 351.932404
498.798004, 93.154144, 343.373260, 358.236877
496.940643, 94.442383, 345.037628, 357.716949
499.400879, 98.349350, 343.790863, 343.427734
500.089813, 98.061661, 342.761414, 344.369415
494.265228, 89.781471, 345.423004, 354.952576
487.002899, 94.633034, 349.155273, 350.335632
488.093018, 94.775436, 347.886505, 349.758667
496.551636, 98.521622, 341.718628, 352.706940
495.806976, 98.867699, 341.675598, 353.314636
505.743195, 105.232193, 333.550507, 338.719574
503.405548, 103.471352, 335.971497, 338.416046
495.548370, 102.112717, 342.739960, 341.763580
511.304565, 107.109383, 333.710052, 325.877289
501.296967, 96.589340, 340.770844, 330.313263
501.830536, 107.634766, 334.487183, 331.134125
500.802277, 106.154907, 336.628265, 333.245789
508.622345, 99.262802, 338.787964, 326.824799
512.261841, 111.723732, 325.107025, 317.766541
511.085785, 114.571846, 322.337769, 317.470215
511.559357, 115.839615, 320.657043, 316.539185
506.832550, 104.358101, 336.209808, 325.910309
509.547394, 114.030441, 327.000305, 319.073547
510.973572, 118.838615, 324.216980, 312.389801
529.195801, 117.438736, 313.502014, 320.660522
519.321960, 124.113678, 318.029938, 296.969574
518.492615, 123.321083, 318.003723, 297.155914
517.721130, 121.658768, 320.833923, 305.490479
518.055481, 126.583229, 310.136841, 299.906494
517.892761, 126.566429, 310.410492, 299.975891
518.153809, 130.859528, 326.875305, 324.944885
515.258484, 137.109283, 304.966461, 290.860352
518.567261, 131.317261, 323.343353, 323.494293
511.362213, 131.066437, 306.659821, 293.399475
515.874756, 131.619736, 324.091095, 320.896759
509.470337, 131.423645, 308.715729, 296.547058
507.781525, 136.924515, 315.553741, 315.947571
506.833435, 136.116028, 316.489899, 317.566833
500.681854, 133.061432, 308.743591, 308.927246
500.765747, 132.225098, 307.965729, 310.080658
506.455170, 125.612610, 302.063477, 309.269348
513.570740, 117.535217, 300.569427, 312.993683
514.974609, 118.289734, 300.619568, 312.300171
509.079010, 110.362854, 305.932953, 317.143799
509.735596, 111.620476, 305.315735, 315.684113
489.877594, 109.640701, 327.083466, 318.523132
495.531067, 111.029922, 326.954498, 322.034973
495.862457, 110.838806, 326.719391, 321.956940
494.358978, 110.459290, 328.088135, 324.600220
496.026581, 112.305328, 325.305847, 323.342957
495.912994, 129.141663, 315.677704, 302.831390
502.222504, 118.837936, 312.093353, 320.611938
502.975067, 120.122894, 310.924774, 319.062561
498.911530, 125.250038, 327.780945, 317.514252
500.480835, 130.993164, 327.285431, 316.944336
496.076355, 114.141739, 322.709930, 332.225922
498.008331, 119.696854, 320.742126, 323.853821
509.101776, 117.233536, 307.208923, 319.238464
515.093628, 116.324608, 306.951996, 311.281036
514.933044, 114.947174, 308.376892, 312.726196
500.022186, 114.814384, 325.116913, 318.705078
499.573975, 114.479340, 325.851257, 318.336578
502.558533, 119.754478, 316.767365, 305.199310
503.461029, 124.361603, 321.052032, 312.476105
503.644958, 123.211136, 320.611572, 312.802765
495.372223, 106.205505, 322.375977, 334.424469
495.411865, 106.396507, 322.340149, 333.792206
493.771179, 103.870811, 322.569611, 330.971497
491.422333, 110.575157, 329.228577, 334.901825
490.192322, 108.015457, 332.233398, 336.571503
488.200470, 107.585236, 329.054169, 335.546844
495.519531, 107.979164, 322.016754, 333.128448
491.842346, 108.637970, 326.612030, 330.757141
482.618866, 107.445503, 327.946442, 322.388458
483.417450, 111.134186, 330.730042, 325.910736
481.881042, 113.707321, 329.375488, 319.993866
481.916229, 113.507507, 329.452026, 320.421021
476.847076, 113.247612, 327.922913, 320.529205
476.122345, 111.566406, 329.223022, 318.963806
476.297485, 111.634651, 329.194733, 318.944061
473.886597, 104.975296, 333.714722, 323.696075
472.879822, 105.724731, 333.327850, 323.073547
477.301056, 102.318802, 328.717529, 337.390442
475.756836, 106.874359, 329.382202, 330.051208
475.333954, 106.276703, 329.126282, 330.207855
476.404205, 106.618759, 326.395142, 321.956421
471.866333, 100.259056, 333.715546, 332.986969
475.578400, 105.967522, 331.911194, 329.017944
476.964111, 107.893257, 329.089294, 326.768860
474.673920, 106.003159, 327.284668, 323.488861
472.644684, 100.587585, 333.884888, 334.216827
472.902344, 101.024628, 333.472595, 333.687653
463.529572, 104.149414, 341.832916, 336.166260
460.409546, 93.694550, 333.496796, 342.775665
457.080322, 102.791740, 345.538177, 338.080353
456.599854, 98.062576, 335.883545, 339.139191
449.053314, 94.882088, 340.005127, 348.343384
454.082733, 98.413452, 342.979218, 341.190369
453.699799, 95.582703, 334.082611, 344.061584
446.702820, 95.146233, 348.948639, 348.611389
448.095337, 92.757454, 344.495270, 348.787750
446.894348, 91.825020, 345.457916, 349.436981
446.638885, 92.097061, 348.356018, 350.037842
444.897888, 88.012939, 348.533813, 351.815399
445.652893, 92.443291, 342.734985, 344.483795
451.022552, 108.496933, 332.014435, 330.970490
451.527313, 108.672417, 331.176758, 331.061584
453.178253, 95.844109, 339.779602, 343.986511
450.439636, 94.591301, 341.532867, 346.415314
448.095673, 94.427032, 338.765747, 340.409088
443.467468, 98.614807, 348.175232, 339.082245
444.104706, 99.421806, 347.209900, 337.621338
445.262085, 99.617233, 346.885223, 336.909485
445.390198, 100.005310, 346.421600, 336.124268
450.613556, 107.485535, 345.009674, 328.488708
458.406097, 109.490768, 337.429993, 330.399750
458.743988, 109.322769, 337.674530, 331.354645
463.861786, 116.297897, 332.573212, 325.354858
464.280090, 116.677643, 332.341797, 324.757507
470.542175, 113.611938, 327.458618, 323.114868
469.391663, 91.664215, 318.371155, 333.571381
466.319153, 93.377052, 318.593475, 333.057953
474.899475, 104.051216, 329.417572, 316.388153
475.375153, 103.695786, 328.183319, 316.472992
475.196564, 93.312080, 325.710388, 323.389648
472.659485, 97.166389, 331.662506, 317.994995
470.748138, 94.528778, 334.869110, 321.331543
497.297363, 100.942383, 315.399445, 322.242523
500.908478, 99.148834, 314.837189, 323.431030
492.067627, 113.023811, 326.993103, 317.607788
492.473480, 108.748985, 330.427612, 324.095825
492.684998, 109.473083, 330.277679, 323.385376
505.582977, 116.493599, 311.078735, 313.724670
506.005798, 116.490234, 313.055725, 313.665192
496.125061, 112.893173, 322.554901, 320.344666
496.269073, 113.244492, 321.463593, 319.535492
499.628479, 130.554428, 319.145691, 316.433563
501.485046, 129.700470, 323.496338, 330.520538
501.908173, 129.704834, 323.306335, 330.582550
510.752563, 136.364578, 318.579102, 321.179382
504.717468, 121.977371, 319.980743, 306.891144
505.954559, 122.405815, 319.432129, 306.525055
501.093231, 126.789200, 322.070038, 307.815857
500.468964, 124.624077, 321.918518, 307.610931
501.330200, 121.600479, 323.833618, 309.950623
501.536682, 121.706146, 323.550873, 309.449463
501.389130, 123.977127, 322.049347, 311.156250
502.655182, 124.705544, 319.229401, 310.818329
502.354980, 124.630760, 319.417725, 310.485748
501.957947, 125.470139, 319.392059, 312.419006
502.301208, 125.111847, 317.944519, 310.080475
499.434601, 125.332054, 322.090668, 313.715271
498.253784, 125.575729, 320.826202, 311.463959
499.651245, 124.351257, 320.624390, 313.536438
497.514160, 126.306046, 319.550385, 312.569183
499.956696, 125.469299, 318.328461, 314.846802
482.220367, 119.877281, 317.558197, 298.751434
496.235321, 123.999519, 321.049438, 310.206421
499.324310, 125.039795, 317.988953, 307.200348
486.594727, 120.073509, 313.346680, 301.937897
486.310242, 119.922264, 314.952454, 303.623596
487.312805, 120.749832, 315.206055, 301.547760
496.627899, 121.300476, 317.792206, 308.015930
496.839233, 122.038231, 318.553955, 307.978271
498.449860, 123.699356, 321.666046, 318.066467
485.511902, 118.020515, 317.926453, 309.181549
496.204254, 125.096756, 323.930786, 329.719574
502.135773, 126.238510, 320.833649, 323.155121
502.118622, 124.663895, 320.536804, 324.875885
488.604675, 130.197479, 311.822723, 296.911072
491.812927, 129.041122, 309.019684, 285.862549
498.482361, 131.683899, 312.278809, 292.524902
497.247681, 131.739456, 313.129944, 292.629456
491.682983, 121.310455, 319.264893, 295.446167
498.204376, 129.569275, 318.611572, 313.165192
498.386261, 129.459488, 318.631897, 312.971497
496.159149, 115.399490, 311.060120, 309.474457
496.598358, 115.454941, 310.960724, 309.311096
497.428741, 126.199287, 313.681427, 304.168793
501.379150, 116.034470, 310.241516, 303.029694
503.154114, 117.840424, 308.067444, 303.570038
504.290680, 119.520805, 310.492523, 302.833435
503.442871, 119.564453, 311.288239, 302.378906
503.841797, 121.677467, 312.307770, 307.773315
505.979401, 121.323013, 320.595093, 317.150787
505.733704, 121.052307, 319.960663, 317.822021
495.051300, 123.731300, 323.176056, 320.004974
496.958466, 125.058533, 321.234406, 318.600006
497.467346, 124.098450, 324.466675, 309.147827
498.864319, 129.946838, 327.502869, 315.138031
515.541992, 121.065018, 316.760468, 319.732758
506.054962, 125.920891, 320.667084, 316.424774
512.062195, 126.927071, 311.749298, 310.529205
515.502441, 123.106598, 316.498108, 319.018677
509.691895, 121.641998, 326.138306, 325.630646
510.155182, 116.933479, 322.918732, 327.704010
512.519958, 115.316429, 318.035339, 325.947296
520.389343, 106.791985, 327.560944, 329.957092
514.838745, 98.657387, 318.623138, 329.140320
514.415466, 99.060806, 321.104156, 329.182343
527.957336, 87.994537, 327.195435, 329.629822
515.614319, 84.034912, 322.980103, 319.603302
513.271729, 98.017548, 324.508331, 315.042114
525.888123, 78.650696, 319.447327, 307.358643
526.150635, 78.630798, 319.350800, 307.199249
529.470520, 76.250534, 314.060760, 293.250488
521.841187, 88.541519, 326.164154, 295.340942
522.327637, 89.013649, 323.004181, 294.089783
519.629944, 79.788208, 327.516968, 313.549438
519.941833, 79.840271, 325.089813, 311.857422
522.439148, 84.098602, 323.249969, 307.430145
512.992249, 87.470734, 331.036072, 316.023102
511.404846, 87.141129, 332.741211, 316.224945
515.954590, 96.204048, 327.895447, 321.814178
513.419861, 94.375244, 327.478638, 325.162170
506.675659, 105.913063, 335.526520, 333.449677
518.674072, 117.529716, 323.990601, 318.736145
511.645172, 112.577614, 331.134857, 328.114441
514.013794, 109.991623, 327.748962, 323.923035
511.118622, 109.600525, 329.300934, 325.565674
510.045502, 106.881111, 329.148773, 328.099121
516.707764, 107.183197, 328.856720, 323.331604
515.120117, 107.339722, 329.653259, 323.659973
512.950562, 104.257492, 326.020233, 320.254913
513.029846, 104.604004, 325.894989, 320.266846
519.105774, 120.472641, 316.069672, 311.788391
524.580200, 116.213539, 309.535187, 315.560547
514.609802, 121.713737, 318.159271, 312.721954
514.424561, 118.846313, 313.951019, 308.932281
514.387756, 119.490692, 314.215332, 308.944244
516.228699, 100.874123, 317.258911, 324.303314
508.533386, 91.906265, 315.952454, 323.122833
503.967621, 90.636513, 318.444153, 326.501038
502.329224, 91.520081, 318.289185, 323.508911
509.152344, 96.265556, 310.667450, 315.004974
508.759674, 103.487389, 309.066315, 316.989258
510.395355, 101.809898, 309.307800, 318.763519
505.860870, 124.066162, 307.813019, 287.339844
490.120331, 114.042870, 320.768799, 300.254517
490.409058, 115.549179, 319.999146, 298.048462
487.179474, 116.952370, 319.672821, 295.693329
489.152283, 117.569122, 317.591003, 295.007202
488.180359, 115.026237, 317.438019, 294.230835
503.939026, 113.702629, 302.884979, 295.202179
490.251068, 118.288712, 317.439697, 296.993347
488.110382, 106.355606, 309.876099, 299.432190
488.582428, 105.403206, 308.797974, 302.124115
493.353180, 106.700119, 304.036194, 305.512878
491.908997, 115.109238, 310.121613, 295.298645
491.859711, 114.997948, 310.303406, 295.389343
493.584503, 110.979057, 306.123688, 293.747314
493.634705, 111.593842, 305.118378, 293.295197
498.371033, 106.318459, 300.039612, 295.161560
492.682251, 100.497589, 304.103149, 303.118378
493.633057, 101.211433, 302.746948, 303.426453
508.084381, 102.976913, 293.867920, 291.573090
503.618103, 102.628876, 299.071045, 294.926361
506.944397, 102.797852, 294.722137, 294.771027
502.438110, 104.645905, 301.983307, 300.670807
501.500671, 106.502731, 300.920166, 299.966797
487.830688, 86.161301, 317.424988, 326.070251
491.222443, 88.494293, 314.281036, 320.319794
509.724426, 104.438599, 299.638153, 295.888733
507.408997, 89.492737, 297.527405, 290.036804
510.497284, 91.586334, 295.570282, 288.932220
489.320770, 101.347458, 308.545105, 293.743866
489.527344, 101.976318, 308.977142, 292.954346
490.839661, 96.349937, 314.068573, 310.303223
486.025879, 106.058456, 327.205322, 331.623169
484.522736, 105.898651, 330.006287, 332.780334
508.815186, 121.357262, 315.204865, 321.334290
504.652100, 120.775894, 320.521820, 321.785065
501.513794, 127.670311, 316.617340, 310.454102
499.118011, 129.162567, 330.774231, 318.562256
492.510376, 124.791908, 338.293549, 326.685028
497.750824, 128.312744, 327.379364, 325.188324
509.394562, 128.104706, 324.041077, 327.007599
519.471802, 115.495270, 305.403534, 299.956757
518.836670, 106.143753, 318.475464, 309.405731
510.157990, 94.675049, 333.099335, 336.264008
503.933350, 92.580666, 338.598755, 341.431641
503.805878, 92.912064, 338.875702, 339.766724
511.555939, 92.363754, 330.663879, 330.388123
514.636658, 113.089081, 314.242035, 310.599152
515.924438, 116.591141, 311.129272, 306.260986
509.418884, 96.890839, 330.414368, 326.627747
510.975372, 96.467499, 328.788940, 324.702454
504.189667, 100.706215, 323.067169, 321.992889
513.628113, 87.558586, 315.790619, 316.709564
509.465149, 83.464394, 325.383301, 322.073883
511.992462, 94.927200, 315.700897, 302.199677
513.801025, 94.508842, 312.158905, 300.895416
513.668274, 92.346588, 312.947113, 301.884125
527.415100, 95.808113, 301.371918, 295.964569
518.977844, 90.110786, 309.411377, 299.342834
516.173767, 96.722610, 309.564941, 297.001526
522.539734, 89.267845, 304.422516, 292.242493
522.901245, 89.614830, 304.165833, 291.916199
514.333618, 90.432846, 313.819061, 300.381622
521.649902, 79.547699, 311.427032, 298.911255
524.984741, 86.326256, 302.588013, 288.695587
524.062134, 84.438499, 308.393311, 296.294098
524.217163, 84.316025, 308.426086, 296.413788
525.549683, 97.785103, 304.143646, 300.843384
508.845551, 100.676025, 332.976959, 318.001434
508.608185, 100.706512, 332.890656, 317.777435
507.998718, 93.843002, 323.703247, 327.666168
507.619507, 105.131653, 334.025208, 324.758820
507.743652, 106.413773, 339.282776, 328.187378
500.464478, 104.170433, 344.233307, 329.175842
500.577637, 105.376579, 343.045349, 329.276764
505.452454, 100.587044, 333.128326, 336.729462
502.022949, 100.553307, 332.757477, 337.286072
501.182617, 98.644211, 335.145233, 339.171844
501.407227, 111.664886, 342.710663, 336.114807
512.433655, 107.966217, 330.991760, 333.465179
508.251404, 105.708000, 335.338043, 334.760895
504.418060, 103.015251, 339.049530, 332.498444
503.877350, 103.692001, 339.532959, 333.368683
509.083984, 103.712776, 330.395752, 324.464691
520.447754, 119.118591, 310.185669, 301.721680
519.072083, 115.407600, 313.386841, 305.161926
520.739990, 115.280960, 309.525177, 304.999084
521.502686, 117.236931, 309.230804, 303.506866
520.764832, 115.960152, 309.831268, 304.876587
519.234131, 118.748161, 310.764191, 303.163727
520.581909, 119.011063, 309.481567, 302.470459
510.556610, 114.028648, 320.448944, 305.854950
517.716248, 118.533592, 315.698242, 299.606232
516.181335, 118.250862, 317.458069, 300.123810
522.059326, 109.423637, 312.098358, 306.686676
518.069763, 94.055435, 318.428436, 311.606049
517.623413, 93.116135, 318.137665, 312.718811
518.767639, 86.093643, 316.153839, 309.132874
518.639587, 85.913513, 316.774017, 308.723633
521.485352, 91.047112, 312.807678, 297.241241
537.348938, 92.208542, 304.223419, 285.416077
521.209351, 80.618408, 315.677460, 303.435883
522.640259, 84.921616, 313.433990, 295.082123
512.925964, 77.409538, 326.992432, 306.598328
531.955017, 89.391808, 309.259277, 289.826080
515.540405, 81.428452, 320.123016, 305.591064
514.371399, 82.008339, 322.041992, 306.710510
519.637268, 74.681190, 317.300995, 307.956451
513.696655, 78.880928, 320.724030, 302.774200
514.877808, 78.693596, 320.424927, 302.690491
513.258118, 76.264465, 321.116486, 304.805084
523.668213, 83.889641, 315.104279, 294.762177
521.727173, 83.977913, 315.783112, 295.131317
528.914429, 83.381195, 308.663116, 297.034363
511.030121, 72.079430, 322.597961, 314.430206
513.248840, 81.462448, 321.270813, 318.174438
515.447632, 100.688797, 324.231598, 315.318817
525.714111, 113.444794, 311.684418, 302.487549
523.202637, 99.483177, 320.096344, 308.952240
528.451050, 93.290840, 315.293304, 306.817871
521.654785, 91.671722, 321.550812, 310.234680
525.292542, 93.529572, 317.503571, 307.077820
510.552856, 90.133194, 336.010620, 314.254639
555.971558, 101.093239, 289.475769, 289.144806
552.107361, 108.378845, 292.912994, 284.923279
561.634521, 110.086548, 284.358124, 284.756012
518.459045, 108.224731, 326.943146, 307.697723
527.019897, 115.934570, 317.035675, 301.836243
520.461060, 108.178696, 326.006744, 310.440338
531.243286, 115.431236, 313.896179, 296.896881
531.345703, 115.258179, 313.388550, 297.670288
535.095032, 115.652214, 307.916809, 286.851532
542.235352, 113.826149, 304.757080, 292.718781
544.562134, 113.774323, 301.508667, 291.196350
519.471924, 110.901161, 330.222198, 305.391052
531.938843, 114.711700, 314.657379, 298.144958
502.550079, 138.405609, 318.370544, 306.529236
500.592255, 135.631439, 313.103333, 303.879791
500.673340, 130.179947, 311.549042, 300.682709
496.011871, 120.945801, 310.568451, 313.020996
485.950592, 119.276428, 319.161591, 302.228546
498.148102, 122.995193, 320.159729, 306.341278
497.902527, 123.325058, 320.428040, 306.060028
502.542755, 109.998619, 323.839508, 323.184174
502.002991, 108.810471, 325.975861, 324.737701
515.909058, 99.035370, 313.821960, 305.777039
507.198761, 95.183044, 313.643524, 303.476501
507.288391, 95.259850, 312.934082, 303.452972
513.403137, 107.192253, 308.084595, 293.779663
513.587280, 107.639252, 308.059570, 293.649811
500.142517, 121.333771, 308.055969, 318.201813
499.583679, 120.001686, 310.271759, 319.190094
504.076660, 123.462677, 324.564117, 330.341431
505.200104, 135.187134, 321.568726, 328.151917
505.060944, 134.800140, 322.221710, 329.293671
501.760590, 144.217407, 315.298035, 312.576294
502.127777, 145.480835, 314.829926, 311.941742
503.204376, 148.401642, 317.489075, 312.362640
504.679626, 148.017609, 317.822266, 319.695129
505.562988, 145.288239, 321.071625, 321.801575
509.512970, 153.335327, 308.755585, 312.519409
508.752563, 153.121918, 309.763000, 313.462891
499.618713, 153.898483, 322.769928, 324.359802
499.377533, 151.435074, 325.862183, 338.661621
500.516418, 148.657593, 328.095917, 337.796722
513.216858, 144.185089, 323.253937, 344.726654
505.946960, 152.361084, 322.147919, 332.376282
506.665955, 152.906860, 321.451385, 331.801453
504.101868, 157.074707, 329.611572, 327.102386
504.058075, 157.753815, 329.741058, 325.645996
503.128296, 157.923553, 339.087585, 334.509735
503.165314, 158.067047, 338.858063, 334.152924
506.182831, 162.061615, 331.688873, 328.361847
506.062469, 162.039200, 330.509644, 330.110809
507.188904, 163.547455, 328.271332, 327.483459
507.332123, 156.259369, 331.289459, 331.535553
507.640900, 157.517303, 331.729065, 330.137573
509.305511, 153.995056, 326.718811, 320.897644
514.930115, 151.552383, 314.676331, 321.962433
515.256958, 152.246887, 313.929260, 321.788605
501.074310, 147.987549, 313.573486, 316.572754
500.795258, 148.515030, 314.850372, 317.038818
491.432495, 121.040062, 332.251068, 342.563263
493.273254, 128.316452, 327.497711, 334.020966
490.342926, 124.881676, 332.476959, 341.518738
503.593750, 128.357666, 321.971741, 329.137909
503.398804, 127.958405, 321.984711, 329.687622
500.351257, 137.303162, 317.959656, 314.152405
504.812988, 127.584717, 312.252594, 321.298370
504.753632, 128.846817, 313.532257, 322.210144
497.937592, 125.125381, 321.163544, 331.537994
496.970428, 124.834465, 321.575409, 329.995087
498.761078, 118.780785, 322.745361, 339.970306
500.958649, 128.161835, 325.143555, 324.944092
498.258301, 126.193314, 327.452850, 328.108917
502.235748, 114.725075, 320.641052, 332.977325
505.463684, 117.926422, 318.942810, 331.232025
498.378510, 115.195900, 328.990814, 330.489471
499.218567, 107.507599, 325.126587, 334.596588
499.390778, 107.441025, 325.265503, 334.722961
500.815308, 94.066223, 316.815216, 324.515717
500.845490, 94.314644, 317.368591, 324.357788
523.546814, 93.748718, 296.283783, 289.445740
513.005859, 73.499741, 308.207458, 301.404053
512.090515, 72.888893, 308.619843, 302.941986
511.072601, 79.502365, 308.398987, 292.362518
509.782776, 81.023895, 308.346069, 288.572174
524.853210, 81.578659, 293.479218, 287.420776
511.498383, 101.559006, 298.577911, 296.180359
527.682678, 93.723083, 288.009674, 283.511353
508.500519, 95.996849, 306.484344, 311.187439
508.142853, 95.381927, 306.065216, 311.205658
516.505554, 103.029266, 306.537598, 310.694458
510.864655, 113.975906, 319.261322, 311.166412
493.232178, 363.557037, 37.964497, 42.046028
493.363892, 363.861145, 37.485897, 40.380398
493.496063, 364.425415, 37.214622, 40.358589
493.305939, 363.767670, 37.412369, 40.394897
493.588257, 364.373199, 37.118347, 40.316483
493.397369, 363.866211, 37.326710, 40.375050
493.438141, 364.166077, 37.200760, 40.564449
514.448242, 124.341873, 318.005371, 322.488708
493.852142, 365.500580, 36.922272, 39.108868
494.031128, 364.774994, 36.343082, 38.986717
493.974335, 365.467194, 36.796070, 38.989742
493.742859, 364.246246, 36.800797, 39.209869
507.864441, 118.415375, 330.841705, 323.780334
519.002563, 126.005005, 309.641113, 302.594086
493.994476, 364.789825, 36.562443, 39.278229
501.755432, 112.025963, 335.529144, 318.917755
515.832520, 125.816154, 316.024933, 305.090759
515.941040, 125.633347, 315.843170, 305.334900
507.485535, 120.982582, 322.045197, 308.466797
506.189331, 123.742249, 323.772003, 306.914612
506.177826, 113.339836, 324.294495, 315.682404
505.856140, 102.408813, 330.625336, 319.745697
509.478790, 105.005280, 326.442352, 316.133942
507.013580, 102.685959, 326.675781, 312.356842
507.669861, 101.609077, 327.874481, 315.993103
521.991821, 108.395905, 310.230469, 301.357788
515.585999, 98.825890, 312.277191, 310.465820
516.147949, 99.401642, 310.665161, 309.299805
528.649048, 114.132813, 298.007690, 291.519928
516.802185, 98.465973, 319.359314, 309.431732
512.714783, 96.465843, 325.299500, 309.511230
527.166138, 105.403519, 308.440277, 298.169617
527.106018, 105.373047, 308.727325, 298.912933
524.891663, 107.416550, 310.534668, 300.580414
527.771912, 104.988892, 304.717010, 299.830261
521.592834, 99.490005, 320.671051, 314.566284
521.863220, 108.640396, 307.582062, 309.836914
521.815063, 108.910782, 307.725891, 310.433899
492.571075, 362.311401, 37.795921, 40.576916
516.276794, 109.414581, 311.679108, 305.830780
512.370117, 107.529037, 317.413971, 318.128326
518.818848, 109.750351, 315.121979, 319.706818
504.193634, 100.859016, 331.513153, 328.911011
510.739868, 106.971428, 319.510956, 313.955017
510.550720, 105.940956, 320.234161, 314.633575
506.978729, 104.714813, 324.052917, 317.987671
505.104156, 104.397415, 326.804382, 319.013458
511.174255, 101.713562, 322.845978, 317.734528
492.160675, 362.928802, 37.882904, 40.887966
492.641632, 363.156189, 38.041080, 41.500870
492.112701, 362.838287, 37.890717, 40.881935
515.047607, 121.990662, 312.289856, 307.926239
491.965607, 362.859406, 38.612171, 41.623375
516.933472, 138.196442, 318.306335, 315.046722
491.470032, 362.981384, 38.711060, 41.555939
491.724213, 364.216553, 38.311852, 39.957317
491.447754, 363.139648, 39.490829, 41.932724
516.634460, 133.019928, 323.523529, 336.877991
516.145752, 117.254974, 323.501801, 346.715790
491.308777, 361.983215, 39.613724, 43.148670
509.967804, 122.343712, 322.195557, 345.932373
513.205505, 119.610100, 334.125336, 342.516602
519.694885, 136.167465, 322.114716, 321.624634
502.789124, 134.687302, 339.271088, 330.493774
492.862793, 362.816650, 37.042110, 39.993320
500.877899, 132.283676, 340.281586, 335.899719
504.198425, 131.690460, 337.444855, 334.401825
504.153412, 129.462051, 335.895264, 330.406616
500.552673, 129.976578, 337.232178, 331.650360
501.025116, 130.345276, 336.771881, 331.541718
500.315887, 127.766617, 336.574066, 333.206238
500.575500, 126.683784, 336.385956, 334.105347
504.133331, 124.617645, 325.595825, 323.977539
508.852936, 114.213989, 323.267700, 341.335144
508.657227, 113.555824, 323.862579, 342.486694
505.013458, 132.334991, 321.172607, 321.511444
505.065369, 132.444443, 320.555695, 320.854889
500.088928, 129.410706, 323.146576, 327.162903
506.067261, 119.522263, 320.598114, 337.444061
505.015442, 118.581192, 322.057373, 338.547028
496.944366, 122.275284, 320.243927, 323.782562
495.389313, 120.444786, 321.579834, 323.617737
495.153473, 115.013741, 331.694611, 320.174957
496.671478, 102.030083, 332.034149, 329.950531
497.999573, 110.780792, 323.643433, 316.182159
504.987030, 95.955032, 324.237854, 335.759064
504.223053, 96.127182, 325.301392, 336.340118
508.083069, 120.653625, 324.516449, 320.096161
495.643921, 108.842140, 328.866852, 325.712067
495.799469, 109.033318, 328.575317, 325.371948
495.478180, 112.093285, 345.562256, 342.990601
494.811951, 106.562866, 348.261536, 349.163239
499.235321, 106.716461, 341.591675, 342.725922
494.987732, 110.256035, 349.814301, 346.594604
504.045532, 103.735947, 352.743530, 342.448059
502.644806, 134.217621, 341.196686, 309.960327
495.130066, 125.319214, 346.213440, 318.915039
525.682007, 118.401352, 329.042847, 317.961517
524.213806, 115.333954, 330.022736, 320.484650
502.287384, 116.924820, 355.003876, 325.192963
530.779236, 110.742119, 331.617188, 323.473541
518.311646, 114.369995, 346.388824, 336.002411
536.320007, 114.930534, 331.471191, 320.158508
536.762268, 115.311081, 331.057678, 319.768677
535.519348, 104.117340, 351.359161, 342.313629
550.044983, 100.379059, 331.789764, 339.601959
550.044250, 102.206749, 331.384003, 337.495636
569.183044, 99.288170, 322.189819, 320.427795
567.970947, 100.579659, 321.909943, 319.046844
564.232727, 89.766365, 324.678009, 322.014130
566.386719, 90.860855, 331.934021, 325.370300
566.432678, 90.282280, 331.595245, 325.332275
566.783264, 94.440056, 321.170227, 312.620209
585.370605, 93.372681, 308.344757, 305.136719
583.018494, 93.496109, 311.057373, 307.180054
578.052673, 82.434143, 314.477814, 315.716705
572.098572, 76.602341, 321.479401, 329.996918
570.281616, 81.254852, 318.429718, 325.242615
566.987549, 80.021439, 324.081726, 330.176788
568.421509, 81.477303, 325.905823, 331.218994
573.781799, 104.122894, 328.242615, 295.353088
570.642273, 93.103798, 315.789032, 322.179077
569.922302, 90.852921, 318.241699, 324.923462
572.943909, 102.137741, 319.062744, 312.725891
563.963684, 97.029968, 334.330933, 330.950439
566.681763, 99.033432, 326.890991, 332.221802
576.849915, 107.007034, 322.199066, 333.331573
576.412720, 106.904190, 323.361877, 332.666351
566.995483, 101.959274, 332.852051, 332.838745
560.883240, 98.880661, 338.018280, 338.300201
561.495667, 98.253738, 332.096222, 327.575134
553.342224, 93.978577, 344.125061, 343.974731
557.288025, 105.758545, 329.461517, 338.488434
557.375488, 105.025360, 328.623413, 338.796539
568.895020, 126.085312, 322.062988, 321.427246
569.100403, 126.356682, 321.488373, 320.758270
566.773193, 125.640976, 331.425201, 329.160278
566.245850, 132.541245, 330.218445, 330.772736
565.155212, 132.919693, 329.477539, 329.339905
556.216309, 140.122345, 344.144470, 324.169769
563.173523, 142.709152, 325.931854, 318.122437
564.111328, 142.661255, 325.824097, 316.562958
492.582275, 363.773987, 37.475250, 39.796021
560.901794, 139.084198, 321.613922, 311.151917
559.967896, 145.812393, 317.157349, 310.547699
492.076447, 363.920776, 38.952755, 41.261230
492.090393, 363.867737, 38.956848, 41.267097
562.776733, 136.599609, 321.215546, 318.994476
563.440613, 134.883209, 322.349915, 303.981049
564.263184, 134.334381, 322.355591, 303.168640
566.153992, 127.238388, 315.702332, 308.281433
492.050293, 363.263519, 38.669979, 41.284649
491.193817, 363.029755, 40.293533, 42.413944
570.552551, 133.400406, 315.848083, 305.611145
570.361267, 133.499817, 315.901703, 305.673859
563.485229, 137.923523, 315.036621, 308.871185
492.074310, 362.714600, 38.646164, 42.045105
557.357117, 135.657349, 313.515808, 310.532318
561.092896, 142.150482, 302.334747, 302.182343
570.113403, 147.936356, 297.642059, 286.686646
570.846802, 146.159912, 298.790100, 289.420135
572.779236, 151.496887, 305.622345, 288.361847
572.101013, 150.849503, 306.588196, 288.120300
567.634094, 150.853500, 309.599396, 299.322754
493.224091, 363.992706, 36.327049, 39.622589
559.917603, 142.245667, 318.908051, 303.629974
491.888428, 363.678436, 39.178288, 40.855114
492.557068, 363.156525, 37.707966, 40.841843
563.552307, 143.235031, 300.508057, 297.500427
551.178162, 136.644867, 310.671692, 295.131683
552.676697, 136.263962, 308.177979, 294.718750
555.102722, 140.141418, 311.714722, 307.136871
556.471008, 151.474731, 288.213257, 285.866394
555.861694, 150.748047, 289.650635, 286.801697
557.125732, 151.606720, 288.252441, 282.226715
543.506531, 134.458191, 333.147491, 320.227020
543.729004, 130.877411, 331.552216, 321.970062
543.590271, 130.914871, 332.785950, 323.382721
543.324097, 131.408127, 331.968109, 322.980011
537.843140, 135.346466, 308.104614, 296.752533
538.560303, 140.297394, 308.138031, 290.634155
538.813171, 140.786758, 307.460205, 290.660126
538.631226, 132.425797, 319.536743, 311.074493
540.377869, 132.160507, 313.902039, 289.496552
540.864868, 131.989105, 313.266388, 289.487396
529.792297, 115.531693, 329.444275, 321.698822
528.796509, 114.829468, 331.926300, 322.828430
533.681824, 110.361328, 331.696564, 327.219147
529.015930, 112.556458, 330.996124, 322.046204
529.458374, 112.244690, 329.977295, 322.604462
528.691956, 112.259857, 329.857269, 319.651001
539.383972, 107.476395, 327.431458, 315.503113
533.542664, 102.463562, 333.646118, 324.707550
545.552917, 95.062691, 323.117035, 325.267090
545.010620, 94.488068, 323.423370, 326.459076
538.516724, 100.427010, 335.274323, 318.074646
535.380859, 100.004120, 325.536102, 320.278778
535.904053, 98.449280, 323.550262, 321.172119
535.728760, 95.070877, 326.112793, 320.347321
532.628967, 95.962845, 332.343323, 324.398407
532.642334, 97.521896, 331.625061, 322.103760
533.945496, 92.089630, 329.816071, 324.904999
539.330139, 96.761566, 325.387329, 316.686554
532.765808, 95.822296, 329.353729, 317.824860
525.581665, 94.423737, 332.940552, 326.498291
525.590149, 94.467209, 332.868286, 326.387695
518.585022, 99.666809, 338.164581, 331.473419
517.437683, 110.686913, 332.962860, 322.045380
517.151550, 109.638878, 335.400726, 325.214661
522.017883, 115.169762, 329.615509, 324.034515
522.081665, 113.007294, 331.621887, 327.316742
515.345947, 129.979828, 330.036774, 336.032562
511.327332, 138.851685, 329.339874, 332.768555
511.692291, 138.956940, 328.915131, 332.397583
502.236420, 116.944946, 342.926910, 343.962463
500.268280, 122.606918, 335.334259, 319.816620
503.730377, 113.724640, 325.574127, 326.022003
496.604370, 112.160767, 335.991974, 324.845490
494.737000, 111.804352, 339.520721, 326.389893
501.751129, 109.836334, 332.626068, 331.697388
497.507599, 115.854774, 331.966034, 333.301056
494.484131, 113.186287, 337.262756, 333.977051
490.111145, 125.475159, 332.014160, 315.652344
481.388580, 124.701736, 335.903839, 318.596802
482.828186, 124.658043, 333.617798, 317.954071
489.400238, 120.739235, 324.435150, 322.098846
485.444153, 120.017487, 327.631470, 324.327362
479.912994, 119.249367, 332.730743, 327.669647
480.013885, 116.757172, 333.646240, 335.318848
482.671509, 121.240074, 332.033112, 330.522400
481.318146, 121.018776, 322.802338, 316.389435
484.220978, 121.143707, 322.493103, 316.842834
484.412537, 120.789833, 322.745483, 317.341766
484.032104, 117.730820, 319.781403, 322.036499
483.712097, 118.137321, 319.851929, 322.468811
480.467499, 118.677925, 331.205963, 329.489349
473.903900, 115.255333, 326.696625, 328.093994
475.781311, 116.410957, 325.308960, 325.370422
480.547089, 116.431984, 320.363892, 327.323334
483.526398, 136.821686, 319.000305, 303.693085
483.090942, 137.033539, 319.318420, 303.307098
484.013977, 120.525131, 314.725952, 323.656372
484.325806, 121.548576, 314.071838, 321.932495
489.585327, 119.944298, 312.043488, 333.246674
475.452301, 117.150612, 329.029327, 342.566864
476.429565, 115.629074, 325.368164, 337.562256
480.789673, 119.955261, 324.598145, 333.256042
468.211273, 118.468292, 337.340759, 350.532166
469.835114, 120.750412, 333.645355, 349.355255
485.736328, 132.340454, 314.456665, 321.756134
485.625763, 132.344421, 314.566132, 321.708038
470.049866, 136.299866, 318.881958, 307.562347
474.355469, 119.386353, 330.432709, 339.077667
471.140289, 127.286407, 335.336243, 325.711731
478.496368, 128.285645, 316.692566, 324.888184
484.502869, 134.940186, 311.034424, 311.803925
484.716461, 135.388824, 311.215576, 310.937897
478.199371, 132.872940, 313.384369, 310.154236
473.135345, 132.897308, 317.821411, 310.448608
470.101654, 125.498726, 324.787598, 319.707001
458.095459, 124.067268, 330.702972, 320.682465
457.730927, 123.807648, 330.814850, 321.116058
462.374847, 130.009659, 319.678528, 311.127228
471.092621, 137.344177, 315.584381, 309.301453
471.632629, 138.099792, 313.855042, 308.646149
450.801239, 122.483047, 323.079620, 328.398041
449.873657, 122.844200, 322.394226, 328.327118
455.165344, 121.126053, 319.874481, 324.962402
448.248383, 116.707230, 330.523804, 342.633881
448.717163, 112.598206, 327.101837, 335.236633
450.824493, 128.019424, 335.781952, 332.759491
444.795105, 115.802147, 330.923370, 339.162964
444.419159, 115.202003, 331.925751, 340.510590
462.113892, 132.617126, 327.716827, 327.805023
456.625610, 128.718750, 335.403992, 332.492126
459.677429, 122.601456, 337.948303, 330.390015
445.990112, 104.684540, 351.062592, 331.169769
472.361450, 104.652138, 309.335144, 303.843994
463.614838, 91.192360, 321.327301, 324.873596
471.938995, 98.433983, 318.987518, 324.097687
473.519470, 97.667595, 317.591949, 323.307648
477.642029, 100.597572, 328.788147, 323.297028
477.264496, 101.161491, 329.031250, 322.557678
462.930756, 114.055969, 336.472382, 319.047974
477.904633, 119.016739, 335.340118, 325.903687
477.730469, 118.615250, 335.395996, 325.825531
475.939789, 124.654877, 337.098572, 314.954865
483.372711, 106.512558, 332.859894, 322.112701
472.622925, 107.046219, 340.533020, 333.382660
476.806915, 119.689934, 337.988983, 320.541901
477.292572, 118.810898, 336.590820, 320.565460
480.848724, 102.717674, 321.982117, 330.529327
482.404846, 104.195068, 321.706848, 321.773468
483.786987, 104.221237, 320.954010, 323.145569
484.188385, 98.092003, 315.488281, 309.726807
504.923859, 100.176056, 301.410248, 291.911499
504.736176, 100.280670, 301.741058, 292.079803
524.157959, 96.119492, 297.585602, 284.099640
523.262085, 95.866905, 298.201263, 283.490906
523.921387, 95.452332, 302.669098, 290.392151
541.338196, 100.538513, 298.449951, 283.934387
539.557556, 98.359344, 299.162994, 285.266266
549.365479, 96.966293, 290.176025, 279.190582
555.724121, 81.123123, 287.390839, 282.685364
555.858521, 80.587524, 286.724426, 282.974457
546.857727, 70.205475, 298.274841, 293.264374
547.588318, 70.702904, 296.633026, 290.719116
549.015015, 73.931000, 300.646912, 296.840057
563.632813, 89.646187, 288.647430, 290.658630
564.527161, 90.944382, 288.053650, 287.781403
539.284912, 98.187981, 309.721436, 297.531006
556.474915, 94.670181, 297.700348, 296.625854
550.354675, 99.212021, 307.232117, 307.682922
537.576477, 101.201218, 317.248016, 307.109772
544.163025, 100.162086, 307.853790, 311.442505
543.921692, 101.984558, 315.084564, 309.255981
543.891846, 101.766182, 315.355560, 309.583984
550.282288, 109.096619, 308.252563, 311.339172
551.678528, 114.927208, 307.936157, 307.483582
550.944153, 115.775993, 309.247253, 306.439941
538.956848, 109.895615, 310.128143, 308.948914
539.085388, 110.490150, 309.849854, 307.925873
538.532471, 115.088623, 311.327545, 303.263855
550.693787, 117.163223, 314.025787, 313.865021
553.452332, 112.315231, 306.206421, 304.406342
545.818665, 108.703545, 308.014404, 299.382416
546.227539, 107.561790, 308.980286, 300.143616
560.826050, 105.488274, 302.262726, 292.074707
559.951904, 104.395172, 303.765106, 293.235352
539.975159, 103.159363, 315.034027, 301.380554
549.574951, 101.297928, 299.647369, 285.875000
546.023132, 101.437340, 302.098450, 286.736389
546.419983, 103.860748, 302.117859, 289.261688
547.337524, 104.687386, 302.292847, 287.970123
537.186768, 101.268173, 300.417389, 285.790405
548.533630, 104.886536, 285.087372, 260.792206
549.544312, 105.279015, 285.543488, 262.628876
547.821289, 103.269920, 282.619904, 253.282913
551.234497, 106.625298, 275.090179, 247.759293
548.691711, 101.055466, 279.802307, 257.843384
541.316467, 85.027245, 292.821930, 281.918976
538.670654, 90.607079, 282.886993, 256.323090
539.563843, 80.982246, 294.487335, 283.138336
539.358826, 86.713196, 288.130585, 265.077209
540.540894, 96.467194, 289.834869, 268.056854
532.195862, 90.913185, 302.096771, 281.919220
532.885071, 90.713608, 301.497253, 281.908569
542.045288, 99.058411, 283.821838, 252.860291
536.859497, 93.212250, 288.577637, 261.795258
535.637085, 98.908180, 283.369812, 268.304626
538.797119, 97.538681, 294.831421, 276.405640
539.442810, 96.888535, 297.826355, 277.584991
542.598816, 94.205345, 298.397278, 280.021759
544.103577, 95.157005, 297.046600, 280.667450
545.897827, 94.389915, 298.972778, 284.370148
551.548706, 97.602722, 293.706421, 277.215515
550.173035, 96.567566, 295.246948, 279.139038
531.382507, 74.939011, 303.893646, 301.684387
532.024353, 74.493782, 303.264282, 301.434814
548.513855, 95.538574, 291.733948, 274.170166
546.974792, 75.858917, 296.520538, 286.115326
542.322083, 85.598434, 303.914185, 285.287964
551.949402, 97.638863, 292.074554, 267.365082
550.463867, 97.850113, 293.891357, 266.996246
565.139160, 97.074768, 285.802307, 271.467194
572.168213, 102.190147, 280.196228, 276.474579
568.818970, 92.128975, 283.478302, 274.390991
575.433228, 107.005043, 284.832336, 275.966827
574.491760, 106.838692, 285.429749, 277.207062
569.068848, 100.634155, 299.635590, 284.966766
567.886658, 98.547546, 302.654694, 287.328735
575.341370, 97.999428, 293.204895, 274.897491
579.812561, 102.010788, 285.936951, 264.242462
580.091858, 102.156281, 285.419220, 263.912994
577.681641, 88.755051, 302.546753, 289.915833
578.405579, 85.928574, 302.384705, 292.010834
571.012817, 93.566956, 306.071594, 299.657196
568.143066, 103.489250, 301.797241, 293.035950
567.357300, 103.181938, 301.282837, 293.266113
566.695496, 106.828850, 303.446503, 296.486511
565.493774, 108.630341, 304.626343, 296.115295
557.454285, 107.082977, 307.544128, 299.030945
563.728149, 114.672264, 306.091064, 289.048035
564.381775, 115.376297, 303.838257, 287.926147
557.066956, 108.369263, 307.258148, 292.159821
557.967407, 109.296638, 305.877655, 289.899475
548.740112, 112.345070, 311.866821, 295.661041
550.039429, 110.646591, 318.309418, 301.975006
572.276672, 125.849533, 300.443390, 290.823273
550.038025, 120.816986, 301.932556, 286.191833
550.167908, 120.584656, 301.056763, 286.660339
566.772644, 119.612938, 304.212463, 297.840881
556.493652, 119.575478, 303.346863, 295.710175
557.721863, 119.435219, 301.855133, 295.772980
554.152100, 119.323616, 303.054321, 294.531830
554.824646, 118.655151, 303.213501, 296.783539
542.219543, 110.304169, 328.720520, 316.745911
541.925110, 110.598801, 330.525146, 318.135864
552.763733, 113.136787, 316.916046, 312.871399
562.083252, 114.309799, 303.820190, 300.667786
547.657471, 116.543839, 328.904938, 311.149109
562.194092, 114.526939, 299.917816, 299.798462
562.198364, 114.226418, 299.984222, 301.221832
556.796265, 129.246002, 318.320892, 305.477875
