245.753464, 161.251831, 184.317780, 181.537750
248.970306, 158.961456, 182.595413, 181.408524
246.259476, 158.571716, 186.578232, 180.014771
250.308075, 158.674377, 185.234283, 180.221222
255.575073, 160.390549, 183.248535, 179.341476
256.339264, 160.830444, 184.640656, 179.951660
257.485718, 159.596176, 182.941376, 179.231659
258.286041, 159.616714, 184.868805, 180.647858
257.478058, 158.294739, 185.118652, 181.556915
257.459625, 159.257935, 185.498215, 180.417847
257.739197, 160.713882, 187.236755, 179.397934
258.927582, 161.284760, 186.386536, 177.933060
259.400909, 161.741058, 184.635056, 177.048798
259.926331, 160.677979, 185.623749, 177.472214
259.729248, 159.380554, 185.869324, 177.946716
260.115723, 159.454910, 185.560333, 176.688431
257.581818, 160.730728, 180.516556, 173.261093
261.963074, 160.131439, 184.607101, 175.991760
263.274658, 160.225739, 183.934738, 175.394760
263.969391, 160.080566, 183.477585, 178.315887
263.680817, 160.171448, 183.976669, 179.627060
265.338135, 162.723267, 182.826416, 178.230606
266.485229, 163.602936, 181.900345, 177.359070
265.464203, 163.455322, 181.873627, 175.906998
265.473511, 162.261322, 182.154037, 175.902878
264.776001, 162.233643, 183.546555, 175.745407
265.396851, 163.067017, 183.660217, 175.808258
266.127625, 163.328766, 183.479126, 175.601151
266.466858, 164.084076, 184.185852, 176.405151
266.949799, 165.042633, 182.334808, 176.011597
267.875244, 166.689865, 183.401138, 177.760132
268.124542, 166.931931, 184.441742, 178.904907
265.633209, 167.129379, 190.745941, 180.212341
266.789703, 167.269104, 188.465607, 179.068069
268.547485, 167.457870, 190.114075, 186.400238
270.314819, 166.935684, 188.787308, 187.412903
268.329987, 168.599594, 187.192520, 180.625320
268.683655, 168.928223, 186.588760, 181.701370
269.261780, 168.379684, 182.198456, 185.890900
270.859924, 170.241302, 184.435852, 187.810287
271.120789, 171.458786, 184.338516, 186.672485
271.932831, 169.936737, 180.611359, 185.125336
273.206024, 171.765762, 178.667892, 181.315872
274.337097, 174.052155, 175.057739, 172.637177
274.973907, 174.102371, 174.671097, 171.493759
275.889038, 174.216553, 172.784683, 169.655823
276.762573, 171.883774, 177.498901, 170.028366
277.719604, 171.458221, 176.719086, 169.206284
280.317017, 172.602295, 167.339935, 165.574463
281.504425, 172.406372, 166.111832, 166.236877
282.233063, 171.483337, 165.394608, 167.255875
282.681732, 173.410217, 164.732819, 167.400345
282.422333, 172.946915, 165.185165, 166.769958
282.432251, 172.441071, 164.876724, 166.629593
282.607056, 171.762512, 164.313538, 165.312149
282.396393, 172.649063, 163.140945, 165.598526
280.862976, 174.348831, 162.461212, 164.517960
280.260773, 173.235046, 161.078278, 163.156464
277.921753, 175.903107, 162.006989, 165.689789
275.564301, 175.187500, 164.640762, 167.399979
275.693787, 173.884155, 162.694839, 164.076782
273.715820, 170.665955, 169.359268, 164.693069
273.952881, 171.715057, 164.205612, 166.265427
270.602417, 168.308670, 168.785873, 166.054977
269.921265, 170.703415, 166.046875, 169.415222
268.876740, 165.931442, 169.156479, 166.200439
268.486237, 165.137573, 170.753540, 168.617508
268.871552, 164.688141, 168.899719, 166.838547
269.497040, 163.598068, 169.077652, 169.968872
269.062256, 162.767563, 170.374512, 171.540054
270.040070, 164.605774, 166.293930, 166.672043
269.821533, 165.002075, 165.163467, 167.219284
270.362061, 164.909790, 165.523697, 167.466187
270.195618, 167.675522, 168.128708, 168.606232
272.003784, 163.245605, 168.621231, 171.015762
270.922485, 167.673767, 169.134048, 169.196472
273.313141, 163.414505, 170.367249, 172.997864
271.312134, 166.918259, 163.861588, 168.759155
276.268799, 165.162979, 171.358841, 171.101501
277.889679, 165.293121, 172.045166, 171.116455
278.725525, 165.513107, 173.270462, 171.368256
279.670776, 164.924072, 172.853073, 170.665619
280.843292, 165.329620, 171.675323, 170.560089
281.677734, 165.892914, 173.086990, 170.636307
281.599487, 166.144745, 174.177780, 170.788849
282.574097, 166.893677, 174.083878, 171.454407
279.827148, 164.174347, 173.884308, 174.756210
279.631439, 164.800827, 174.664063, 175.089340
284.204742, 166.985031, 169.790833, 171.619812
285.379456, 168.401718, 166.352783, 169.469803
286.058990, 168.240463, 164.962753, 167.810074
285.119263, 168.743927, 170.986282, 168.604263
279.621490, 168.726639, 170.330734, 168.839386
287.172913, 170.820679, 163.613159, 167.440659
284.558960, 170.709717, 170.413422, 170.114090
284.872345, 169.551315, 171.328659, 171.340179
285.834076, 169.079056, 170.807693, 171.693130
285.890564, 168.247498, 172.035049, 172.285965
285.891998, 167.369751, 172.201141, 173.139389
285.906281, 166.140518, 172.678253, 175.442688
285.915497, 165.774445, 173.378952, 177.778824
285.995728, 166.481201, 173.602692, 177.940277
286.472565, 166.661346, 172.983810, 175.456741
286.937775, 165.455490, 172.797714, 170.259232
286.743958, 164.629150, 174.538620, 170.810745
286.878815, 165.567596, 172.806854, 168.684586
286.044037, 167.808823, 170.976486, 168.550583
286.537262, 172.252167, 167.896942, 164.126938
286.815216, 173.041534, 167.066330, 163.888702
287.090546, 172.992493, 167.237518, 163.789093
287.331055, 172.806870, 166.544128, 163.155930
287.036896, 173.633179, 166.904877, 162.936737
287.628418, 173.532394, 165.843582, 162.857529
287.463989, 171.482330, 166.015030, 163.911514
287.314789, 171.551422, 170.577026, 167.231567
287.769440, 170.934906, 172.682770, 170.667450
288.465790, 171.353668, 171.518463, 170.486313
288.271606, 172.695862, 171.651535, 169.277557
282.119354, 171.622238, 167.249741, 168.167297
286.817719, 172.226227, 172.877670, 170.127502
286.509094, 173.643997, 170.783249, 169.388809
286.068237, 173.535400, 172.639191, 173.039566
286.471893, 173.494400, 171.884628, 172.054535
287.475128, 173.599854, 172.254639, 172.786316
287.006409, 172.987213, 169.713165, 169.069031
286.862030, 171.796799, 168.969086, 169.519958
284.739441, 172.239166, 170.428604, 166.826111
284.211273, 171.880493, 169.763290, 165.475922
283.020264, 170.714783, 170.126846, 165.916672
284.526642, 172.392715, 163.391937, 164.433105
284.508484, 174.661469, 165.078903, 167.353333
278.356964, 174.828934, 166.699310, 166.681931
279.500763, 172.858124, 176.180038, 170.643829
280.820251, 173.965027, 174.747452, 169.697479
285.541840, 175.970688, 169.561096, 165.821365
284.694427, 177.502335, 171.546814, 169.249283
284.675812, 178.280182, 168.275894, 164.050140
285.140472, 177.213898, 170.545105, 165.817062
285.331268, 175.685394, 171.433914, 165.431427
285.254150, 174.492050, 171.262756, 166.345810
284.888458, 175.870667, 171.856247, 166.835709
285.243073, 174.251419, 170.582504, 166.070450
284.879730, 173.847382, 170.620087, 166.566895
283.054688, 173.549042, 172.019806, 166.358490
282.618134, 172.588730, 171.967255, 167.630890
281.060944, 171.669617, 169.337433, 166.730164
279.132355, 172.254639, 169.073425, 166.425613
276.850220, 172.523056, 167.425400, 165.417099
273.199707, 171.909546, 169.498886, 164.876724
273.852051, 177.008911, 164.132614, 163.105896
268.668091, 174.804565, 168.412903, 167.485626
266.319275, 174.804382, 170.083832, 168.281448
265.745544, 175.687485, 172.972473, 169.752930
262.052368, 177.442566, 175.153061, 167.706604
261.733704, 177.015656, 178.217926, 168.803360
262.566437, 175.773239, 179.918655, 170.234009
260.214325, 176.973083, 182.698761, 175.580200
261.217834, 178.342346, 182.456467, 175.280136
261.160065, 178.560364, 184.297974, 176.258270
262.233398, 179.530838, 180.847824, 170.746201
262.855042, 179.494720, 179.759598, 169.637802
263.623901, 179.134460, 180.633972, 167.917984
264.161896, 179.645599, 177.955185, 167.718124
264.431183, 177.783875, 178.254532, 166.262848
265.223419, 176.909546, 176.521164, 165.651108
267.095184, 176.857773, 174.872498, 164.555161
268.587341, 175.897522, 173.337311, 164.170761
271.796417, 174.602448, 171.858826, 164.249146
273.836029, 173.699478, 170.150650, 164.627823
275.356445, 173.686661, 168.793304, 164.713882
275.416687, 172.913559, 168.511154, 164.655899
276.727356, 172.154800, 166.976440, 164.759232
276.586731, 171.330551, 167.150436, 164.153900
276.792877, 170.046875, 167.040359, 164.555374
276.876587, 168.813797, 166.922516, 165.549393
275.647644, 167.515900, 168.408844, 166.619034
275.997162, 166.753540, 168.573639, 168.638809
274.760559, 167.752670, 169.574310, 169.776291
273.747345, 168.066010, 166.367203, 167.625290
267.578125, 169.944000, 172.436478, 170.616241
269.772217, 170.473572, 168.992630, 167.540314
262.787537, 167.484192, 168.242401, 174.982956
267.961975, 170.511002, 169.488419, 168.227478
268.143005, 168.761230, 170.397888, 169.401733
266.982819, 168.438934, 170.617477, 166.841415
265.331085, 170.494629, 170.891357, 164.164444
262.934692, 168.886368, 172.949310, 166.483246
261.884644, 167.080933, 172.163589, 166.492493
261.686768, 167.310303, 170.451736, 165.408676
261.392273, 168.649796, 170.144424, 164.977692
261.375916, 167.655762, 169.648682, 165.893570
260.936737, 166.115677, 166.445114, 169.754868
259.114990, 165.437866, 170.977875, 172.826233
257.777008, 165.117233, 172.399292, 172.674759
259.322784, 166.200745, 172.412628, 173.047653
259.226501, 165.969620, 171.560211, 171.309784
257.231354, 166.069138, 173.677505, 172.683807
253.845276, 165.143784, 175.377716, 175.906158
254.165268, 168.900238, 177.250565, 175.308075
254.023163, 169.406296, 176.832108, 174.582535
254.450012, 169.519440, 174.713348, 172.963394
254.489853, 169.384033, 175.604660, 173.221146
256.330536, 168.147430, 171.417816, 173.233414
254.830200, 170.324158, 172.376617, 171.044678
258.709259, 170.615204, 172.983017, 170.399323
260.484711, 170.707947, 173.399750, 172.241440
261.568695, 170.059021, 174.387222, 171.264725
263.173065, 169.217316, 174.469879, 171.270660
263.911041, 168.860306, 175.201050, 170.470200
265.241302, 166.509430, 172.979584, 166.755249
266.347137, 166.108429, 174.395660, 169.162506
271.444611, 171.452194, 163.587509, 160.900970
273.981293, 168.128723, 172.354004, 174.364639
273.032654, 164.940521, 171.504227, 174.181747
272.618591, 165.999115, 168.240295, 171.625900
268.857178, 164.761414, 172.655991, 173.339905
270.337524, 163.658646, 174.393768, 183.163269
267.946320, 165.257492, 173.424820, 172.837738
270.410339, 172.013046, 165.325806, 164.481201
266.895966, 165.498993, 172.094574, 169.642639
266.608704, 164.711716, 172.573853, 169.735458
265.874390, 165.111511, 173.204712, 169.357758
266.220154, 165.475983, 172.553986, 168.200302
260.492371, 165.697128, 177.619675, 176.534378
266.660706, 166.178406, 172.327728, 166.875778
267.334747, 166.534210, 172.252426, 166.950500
267.586365, 167.364716, 173.123337, 167.345886
267.637909, 167.976334, 174.590134, 168.188934
267.750702, 167.133301, 173.170853, 165.939407
268.148499, 169.893295, 175.061295, 168.382431
268.634216, 170.666763, 174.732330, 168.595657
268.341431, 169.818954, 174.671692, 168.362320
269.097076, 170.581039, 172.319885, 165.707626
268.639771, 170.394669, 169.539429, 164.820984
268.147797, 170.640945, 169.631256, 164.031372
268.036316, 170.156891, 170.047668, 164.746262
268.269165, 169.711807, 169.995972, 165.279129
269.683624, 170.364014, 169.775665, 164.971985
269.811005, 169.632385, 169.910568, 165.746933
270.006378, 170.628113, 170.841309, 165.903275
269.936249, 171.006256, 171.430893, 166.931030
269.529480, 170.652847, 170.857498, 166.094788
268.924255, 170.761520, 170.847229, 167.503632
268.403961, 171.011185, 171.271011, 166.607666
268.061798, 170.213806, 171.108444, 168.241058
267.735474, 170.340439, 170.132233, 167.586334
267.650970, 170.376297, 170.239090, 167.734650
266.916260, 170.292786, 171.189484, 168.313965
266.676422, 170.139267, 171.297348, 168.522507
266.505920, 170.433228, 171.555161, 168.607956
266.508331, 171.324860, 171.143417, 167.377563
265.569641, 171.957672, 174.509140, 170.204041
265.940216, 172.173615, 174.908478, 171.302170
266.751831, 171.890350, 173.592636, 169.893311
267.451477, 172.453842, 172.532028, 169.311905
267.545013, 173.711792, 171.323868, 168.686646
266.665649, 173.157684, 171.172089, 166.916260
267.451111, 172.955750, 170.509735, 165.825562
268.557861, 173.208405, 170.072723, 164.446259
268.148956, 172.677078, 171.237518, 166.157471
267.999084, 172.870590, 172.572403, 167.070969
269.030609, 172.836029, 173.062698, 168.044800
269.897919, 172.946747, 173.095612, 168.154236
270.830994, 172.799591, 172.996094, 168.998108
271.843536, 173.601105, 172.631226, 167.434616
272.478455, 173.753998, 172.317886, 166.476471
272.858124, 173.821350, 172.109085, 166.306671
273.172150, 173.652985, 171.875580, 166.993637
273.251221, 173.699860, 172.279495, 167.241821
274.083496, 172.673019, 171.564056, 168.277283
274.053986, 170.242142, 172.495453, 168.379807
274.626404, 169.248962, 172.590240, 169.903442
272.789764, 171.165970, 170.154190, 172.262451
276.673950, 170.178375, 170.723099, 169.936462
280.051941, 170.615433, 170.574036, 170.851227
280.856018, 169.142517, 175.922821, 177.542801
280.940338, 167.920990, 180.473557, 183.638229
282.333618, 170.863159, 172.615067, 177.371033
283.736603, 169.597641, 171.874741, 175.293976
284.473419, 170.355896, 171.113113, 174.201096
284.246277, 169.931641, 172.200287, 174.941406
288.840546, 169.950760, 171.147415, 171.421616
288.722748, 170.817627, 170.879669, 170.236832
287.768555, 171.773224, 171.362625, 171.234863
287.375397, 171.461700, 171.638123, 171.823761
285.769104, 171.032684, 173.027481, 173.808578
284.070831, 173.001419, 169.513535, 169.740372
286.114899, 173.552261, 166.964752, 166.153809
285.332245, 173.418839, 168.550705, 167.013641
283.686096, 173.817551, 169.131302, 169.478668
282.925293, 173.562210, 169.596954, 171.015213
282.695587, 173.448074, 169.959717, 170.899445
281.634308, 173.433075, 169.584381, 171.028152
278.541595, 173.127808, 169.886093, 174.183304
276.691833, 173.251587, 170.895020, 173.725647
276.974304, 173.921860, 173.298080, 170.439713
272.424774, 172.309464, 174.186096, 175.325974
272.564575, 171.403427, 174.417618, 175.312485
271.175598, 171.771866, 176.719406, 175.838531
275.451569, 173.869965, 170.043106, 168.205521
274.599670, 173.484924, 169.249634, 168.292694
273.065033, 172.903473, 170.173553, 170.626511
272.327118, 171.692017, 171.243103, 171.160385
272.046661, 171.704651, 170.418213, 170.340744
272.178253, 172.089615, 170.083115, 169.251678
272.680847, 171.242813, 170.119873, 170.194702
269.459930, 174.119476, 184.556076, 182.025681
272.874237, 172.293671, 173.011337, 170.168884
271.137726, 171.453079, 179.750275, 183.725418
273.067688, 172.681610, 175.662445, 170.811050
272.318481, 169.545319, 178.057724, 179.604614
272.621796, 169.126114, 179.201492, 181.879333
272.217682, 172.454025, 174.819855, 170.192047
272.375854, 172.880402, 174.108032, 168.741562
272.054779, 172.443222, 170.648346, 167.280792
271.783905, 173.014709, 170.751144, 168.167114
271.544830, 172.911285, 170.486893, 168.900391
271.482117, 172.818207, 171.110275, 169.182144
272.176178, 173.218597, 170.573746, 168.564835
272.004791, 173.212402, 170.719513, 168.740677
271.961945, 173.439041, 172.031967, 167.699280
271.931915, 173.358292, 171.956390, 168.023392
271.853302, 173.580032, 172.446518, 168.003189
271.443970, 173.936371, 172.930008, 168.286438
260.876282, 188.176620, 185.093338, 190.516785
260.316803, 193.875885, 191.076279, 197.255920
271.774597, 175.058289, 173.831528, 168.458099
269.770905, 176.151459, 179.918701, 176.073074
272.678955, 175.631622, 173.776123, 167.777115
264.023865, 189.642868, 185.682953, 187.046280
270.377197, 178.298370, 180.975250, 175.109131
261.970886, 192.092621, 189.013794, 191.197632
271.485901, 179.396194, 180.296890, 173.835022
271.827515, 179.638733, 180.100555, 173.555084
271.366516, 179.711670, 180.518173, 175.320343
271.315308, 175.381805, 175.934067, 170.837494
271.678040, 176.864578, 176.396622, 168.635818
263.207977, 190.754608, 182.926025, 185.338943
270.099701, 176.710388, 176.377945, 169.650650
270.462738, 175.564240, 176.157990, 171.036438
269.849854, 174.327530, 176.815689, 171.283005
268.761566, 171.930328, 178.079117, 173.007324
268.559387, 172.818665, 178.157944, 172.686142
267.193939, 171.883408, 177.659439, 172.226471
266.833405, 171.426407, 177.187302, 171.542435
266.584564, 171.266724, 176.721802, 172.211929
267.021942, 171.612488, 179.005890, 174.873291
266.979523, 171.974472, 178.529434, 176.452026
266.934479, 171.976425, 177.755676, 175.832626
267.542358, 171.478806, 177.515305, 176.411285
267.282196, 171.738861, 177.016235, 174.819809
266.882263, 171.259216, 177.468719, 173.287735
266.736328, 170.174942, 176.854172, 171.810867
266.962463, 170.192657, 176.473938, 171.514221
266.432159, 171.313629, 174.984772, 168.382889
266.516968, 171.724304, 172.566711, 166.595764
266.656586, 170.713867, 173.758987, 167.636353
267.585052, 169.635010, 174.074295, 169.406754
268.127777, 169.372528, 174.770523, 171.603073
267.663879, 169.726013, 176.480133, 171.846863
267.859131, 169.641312, 177.209976, 172.273361
267.911499, 168.874908, 178.217392, 173.887299
267.262787, 168.178482, 177.220001, 172.405762
268.299561, 169.021759, 176.898849, 172.159271
267.828735, 168.253571, 176.874405, 172.202744
266.938873, 166.972565, 177.812439, 173.487198
267.290436, 166.763123, 177.333496, 173.529510
267.146790, 166.061264, 177.171326, 173.490952
266.983887, 166.637024, 177.320801, 173.635818
267.120453, 167.041214, 178.441849, 174.756821
267.008270, 166.647141, 178.247482, 174.576202
267.716187, 167.531799, 178.238220, 174.325348
267.652252, 167.588669, 178.960587, 174.107193
267.418213, 167.302429, 178.852463, 174.540909
268.050934, 167.781998, 179.156342, 175.063171
268.635956, 168.673248, 179.066177, 175.471298
267.811127, 168.664520, 178.943344, 175.527313
268.190155, 168.586395, 177.160416, 173.709824
268.473724, 169.245407, 177.662048, 174.054626
267.554199, 169.565536, 175.228256, 170.172531
268.318787, 170.543289, 171.113678, 167.715179
267.944031, 170.942841, 171.612350, 167.975113
267.769714, 170.327103, 170.481781, 168.092804
267.802643, 171.014557, 168.875977, 168.067200
267.843292, 171.879227, 168.793930, 169.333893
266.030792, 171.332428, 172.476135, 171.941422
266.592194, 171.402710, 170.654770, 169.401169
266.452606, 171.090439, 172.249557, 171.125534
266.314423, 171.050003, 171.128265, 169.326645
265.896027, 171.237793, 170.617874, 168.990646
265.074371, 171.215439, 174.318359, 172.005615
265.287262, 170.666794, 174.110397, 173.907227
265.253418, 171.248016, 174.487274, 174.802795
265.767029, 172.378357, 172.821152, 173.990051
266.238770, 171.285828, 172.116241, 172.720627
266.649597, 171.062286, 172.700912, 174.179733
266.717651, 170.133743, 173.444107, 173.536392
265.879944, 169.418320, 174.419159, 173.803375
265.647766, 168.875168, 174.981750, 173.609100
265.286133, 168.791931, 176.017639, 173.498932
265.383087, 167.395416, 175.573059, 173.308350
264.778351, 167.049255, 177.062576, 173.594894
265.002289, 166.065765, 176.263214, 173.683044
265.095917, 167.505981, 172.251175, 169.922226
265.342743, 166.660599, 170.802078, 169.227234
265.541870, 166.834732, 170.638580, 168.998718
265.857269, 165.548767, 171.539673, 170.104416
266.561615, 165.958344, 172.353424, 170.259872
268.026733, 165.961319, 171.476501, 171.277664
268.080841, 165.411697, 173.977585, 171.980545
268.670135, 165.200745, 172.873642, 172.434372
269.269409, 165.623337, 173.786636, 172.669876
270.215973, 166.324753, 173.348877, 172.505219
272.447632, 173.720688, 164.775909, 164.219238
274.456268, 175.035797, 163.956284, 163.895126
272.384216, 168.503601, 174.257614, 173.572586
272.996124, 168.994919, 174.949905, 174.288406
274.656464, 170.173935, 173.672119, 173.164703
275.265778, 170.457458, 174.785446, 174.523346
276.405365, 170.139069, 174.612030, 174.194260
278.149139, 171.243866, 174.495529, 174.858963
277.383514, 172.259262, 174.841461, 174.165039
281.668274, 170.123856, 173.634140, 174.858429
282.887543, 168.471329, 173.919907, 173.522446
282.472290, 170.523193, 177.301468, 172.374481
285.727356, 169.490906, 172.829910, 170.637817
286.144226, 169.953506, 171.703018, 170.954712
286.626068, 170.255859, 171.601471, 171.197830
286.747833, 170.273483, 172.279968, 173.250076
287.169312, 170.138840, 172.466873, 174.396347
285.935730, 168.015839, 174.590012, 177.288330
285.323822, 167.338150, 170.543854, 174.468964
290.900940, 168.885620, 166.915298, 169.089203
287.207611, 169.890396, 172.815430, 173.045715
285.601440, 166.889786, 170.762665, 174.993820
288.560913, 168.597778, 163.605469, 167.801132
285.073212, 164.928635, 170.845688, 174.345154
285.693420, 163.823761, 174.934464, 180.730743
293.008240, 169.060257, 164.021118, 172.203003
285.593292, 163.039368, 176.372406, 181.351334
285.317169, 163.313385, 176.515808, 180.620773
285.348114, 163.336426, 176.538834, 180.253937
285.788452, 163.659805, 176.777939, 180.033340
284.781189, 163.916718, 177.045746, 181.185135
286.241180, 163.574570, 176.873901, 180.125977
286.603882, 164.013123, 176.240723, 179.534027
290.885803, 171.377884, 163.124603, 163.631424
290.958801, 170.756531, 163.920975, 164.149612
291.444092, 169.991562, 164.467331, 164.152740
291.350159, 170.333679, 164.358109, 164.099716
291.482361, 170.676483, 164.096130, 163.878372
291.727875, 169.605774, 165.764542, 165.298737
291.638824, 170.062607, 165.496140, 165.220078
291.345947, 168.917633, 176.572327, 174.950882
289.993011, 165.349884, 175.165665, 172.347336
291.956390, 169.107956, 174.635178, 174.106842
288.916595, 166.344452, 173.764267, 172.848724
288.239594, 166.293045, 174.118301, 172.815140
291.579742, 164.818008, 174.393646, 170.960449
288.962891, 166.255951, 173.596146, 169.877380
291.647705, 164.725342, 174.337311, 170.839417
288.339905, 167.581573, 168.626022, 165.424759
292.936920, 166.418304, 173.041901, 170.192902
284.409515, 166.347336, 173.126740, 173.450546
289.443756, 168.586182, 166.527908, 178.195251
285.762756, 171.789490, 166.263901, 169.818771
286.118134, 170.630783, 166.209274, 171.329880
285.455414, 169.322586, 166.678116, 172.083267
289.096497, 166.995819, 168.006851, 171.702347
285.633453, 172.689331, 163.458817, 164.132004
285.054535, 172.745743, 164.416748, 164.740845
281.892975, 164.327545, 174.087250, 170.766602
283.348663, 163.954590, 172.717514, 170.987045
282.835968, 166.343048, 174.222107, 172.351501
282.354340, 166.325363, 174.009186, 172.673950
281.739960, 166.661911, 173.615479, 172.365860
281.833435, 165.929260, 172.935577, 171.339157
278.243347, 165.860870, 177.634995, 176.346161
280.087799, 168.066803, 174.292053, 171.370102
279.258301, 168.859344, 175.787537, 171.687469
280.105652, 169.615631, 173.358063, 170.718552
281.079895, 170.175430, 172.959579, 170.559799
281.462494, 170.609650, 172.556946, 170.292435
282.655670, 170.577209, 171.050858, 170.166122
282.838745, 170.970215, 171.095627, 169.724670
282.997192, 170.998032, 169.848312, 169.799713
283.405029, 171.049210, 169.257324, 169.290283
283.727356, 172.362305, 165.688217, 167.148773
284.855377, 173.582596, 162.537537, 163.510849
284.786285, 174.772766, 161.538345, 163.318604
284.502258, 175.155792, 161.712112, 163.321060
285.838440, 175.105453, 159.627731, 164.101074
285.494629, 174.464813, 161.750687, 164.935760
284.841125, 173.598236, 164.635910, 167.150635
285.259186, 173.506012, 164.401154, 167.169617
284.178406, 173.223480, 167.535095, 168.027100
284.541351, 173.333344, 167.214081, 167.669525
284.759521, 173.519287, 165.767944, 167.620621
284.365570, 173.116348, 167.558945, 168.206787
284.622772, 173.494843, 167.657639, 167.484070
283.858673, 172.587891, 169.258224, 168.808060
283.883698, 172.845612, 169.172287, 168.957458
283.320953, 172.633881, 170.249420, 169.039291
282.366211, 172.898148, 170.918991, 169.510590
282.695740, 172.727554, 170.764786, 169.503647
282.794189, 173.166260, 171.624786, 169.378464
282.862427, 172.731750, 172.843430, 169.587753
283.264404, 173.146698, 173.273636, 169.717209
283.071503, 173.107330, 172.625961, 169.207748
283.453217, 172.921432, 172.869644, 169.105347
283.389465, 173.233017, 172.863052, 169.736511
283.108185, 173.394791, 172.760773, 170.497894
282.887268, 173.993256, 172.597519, 170.991180
283.107941, 174.187042, 172.659012, 171.468445
282.921356, 173.839722, 173.622879, 171.840454
282.644470, 173.874786, 172.631378, 170.994156
283.303558, 173.808167, 171.930649, 170.392181
283.437897, 173.701263, 171.920074, 170.319733
283.652405, 173.472885, 171.415573, 170.553040
283.664673, 173.574249, 172.066818, 170.311874
283.826233, 172.780533, 172.594833, 169.902390
283.606049, 172.295471, 173.715851, 170.275269
283.726013, 171.709259, 176.035278, 171.867050
283.341095, 172.294876, 177.341217, 173.494049
283.450012, 172.520752, 176.691315, 172.248230
283.702271, 172.773956, 176.773560, 172.526688
283.708038, 172.790558, 176.440262, 172.170609
283.142792, 172.857559, 176.496170, 172.200287
282.924927, 174.045441, 173.162216, 169.128204
282.097137, 175.393677, 171.657333, 166.395172
281.898132, 176.512756, 170.832993, 165.794495
281.772614, 176.373383, 170.599701, 165.817963
281.440277, 176.364105, 170.510864, 165.636444
281.366821, 175.781067, 171.712845, 167.330276
281.569275, 175.464111, 172.009857, 169.180435
281.134644, 175.722534, 171.829651, 172.105789
281.440674, 174.494385, 172.655014, 172.863770
280.845062, 174.341858, 172.550446, 173.922836
281.031647, 175.153976, 169.209625, 169.716354
281.303741, 174.478790, 169.892670, 169.918030
281.974579, 171.931122, 163.350266, 166.404465
280.535645, 171.875122, 163.986633, 167.586548
276.220642, 176.628998, 165.687149, 166.861908
280.440826, 171.009430, 170.303925, 176.898132
277.018616, 177.731720, 164.758240, 165.761597
281.218506, 172.379700, 169.763672, 176.372864
278.772064, 174.600067, 171.146667, 170.767746
279.093353, 174.226974, 171.994003, 173.336212
279.979675, 174.999878, 172.684555, 173.438736
280.388855, 176.678513, 167.457214, 169.848755
280.797363, 177.097092, 164.471176, 167.057877
280.686829, 176.899673, 164.390503, 167.163681
277.811615, 181.068939, 163.248749, 162.962891
280.579987, 177.197510, 165.577164, 168.003616
280.534027, 177.355652, 165.770340, 168.161057
280.708435, 177.076324, 166.295380, 168.371552
281.186646, 175.530304, 166.933884, 169.774521
280.167999, 174.153992, 169.435974, 171.429184
280.463867, 173.729889, 170.367676, 172.039551
280.998291, 173.892334, 171.785324, 172.703735
280.644501, 173.478699, 172.585571, 173.835907
280.043884, 173.401825, 174.491119, 174.373077
280.108551, 173.391632, 174.552704, 174.598969
278.811981, 173.826279, 175.557281, 174.848038
279.330841, 174.363541, 175.640701, 174.982513
279.350769, 174.655609, 176.022675, 175.393036
279.339142, 174.885254, 175.716873, 175.114044
280.173431, 180.297821, 165.559082, 170.250717
280.312714, 181.100952, 166.540192, 169.552658
280.259033, 179.826813, 165.857193, 173.095245
278.481049, 178.673370, 168.348450, 174.653030
280.353790, 176.280396, 175.751556, 174.402466
280.712982, 175.992584, 176.120148, 175.468491
280.413330, 175.559540, 175.446014, 173.775864
280.530334, 175.593079, 175.092270, 173.437515
280.787567, 176.000916, 173.595322, 172.586182
280.589355, 176.453171, 173.692062, 171.765717
279.998657, 178.127411, 172.843246, 169.796936
277.369629, 180.473846, 165.193741, 169.157516
279.179779, 181.406189, 164.357742, 170.258087
279.017487, 181.392120, 163.645737, 169.376938
279.482269, 181.166489, 162.806992, 167.839661
279.846954, 179.068848, 160.350113, 167.978012
280.066132, 174.583603, 170.136108, 171.400467
280.269226, 173.592407, 169.975555, 172.213867
279.218903, 173.321808, 172.139740, 172.412292
279.044434, 173.302353, 172.134476, 172.804749
278.609711, 172.908829, 171.983826, 171.578613
279.623535, 173.313507, 170.819153, 170.752136
279.075104, 173.461273, 169.624176, 166.780457
278.644348, 172.565308, 172.617874, 169.430664
277.957794, 172.428009, 172.719345, 169.133789
278.197449, 172.735397, 172.446274, 168.386093
278.499939, 173.081619, 171.006348, 167.103302
278.574585, 173.133850, 171.420959, 168.137680
278.867371, 173.360199, 171.284119, 169.269257
279.495056, 173.298767, 173.447632, 172.678833
279.451965, 174.102448, 172.495255, 172.816467
278.782043, 173.630173, 173.921478, 172.965378
278.477478, 174.734894, 171.265717, 170.203690
275.204712, 177.169540, 168.537033, 166.857056
276.040253, 178.424408, 168.288651, 165.493896
277.035217, 177.441437, 168.363449, 167.186340
281.085510, 175.150070, 169.863846, 170.655014
281.445831, 174.135773, 169.977356, 171.445480
281.712799, 173.348267, 170.505890, 172.440948
282.272583, 172.756592, 170.725693, 172.854095
282.909058, 172.532532, 170.821136, 172.715378
278.970795, 172.339935, 174.489517, 172.526520
279.462341, 170.438263, 176.956558, 173.628693
283.809265, 170.821960, 174.230042, 173.471268
283.917419, 170.921967, 173.954956, 171.082382
286.132385, 169.876389, 173.297180, 171.276978
282.458008, 169.906403, 179.238785, 175.969513
289.208954, 167.657349, 173.184738, 171.848190
290.582092, 167.539749, 173.059097, 169.616348
293.136261, 167.779602, 168.583435, 165.311310
294.528473, 167.667603, 167.144226, 164.358154
296.166931, 166.373566, 165.749802, 164.953308
296.658661, 166.607391, 165.012024, 161.824554
297.420654, 168.088715, 163.247025, 160.080902
298.953766, 165.732239, 169.532974, 163.636063
299.353119, 165.462662, 169.589493, 162.833511
300.306061, 165.841690, 168.725952, 161.924728
300.776947, 165.891312, 170.008484, 162.890549
302.754028, 167.470184, 162.028885, 159.104111
303.370361, 168.029877, 161.946625, 158.435959
302.358948, 167.639328, 168.365021, 163.253220
302.843170, 169.089981, 166.374893, 159.698700
303.796661, 170.492233, 164.585815, 157.447327
303.933746, 171.313538, 164.344879, 156.028687
304.014374, 172.098373, 163.066422, 155.735001
304.721313, 171.900299, 164.543289, 155.705856
305.143066, 171.470810, 163.943054, 155.111374
304.754791, 171.474121, 163.537079, 153.833832
304.836243, 172.045471, 163.927872, 153.475861
304.204742, 171.911377, 163.317123, 153.179779
303.521484, 172.106293, 163.443130, 155.347061
303.930939, 172.483414, 162.175034, 157.604630
303.428619, 171.843826, 161.445511, 156.349625
302.019470, 172.494370, 162.082092, 158.924545
300.407410, 172.481995, 163.495270, 158.128586
300.811066, 171.837097, 163.966110, 156.703461
301.055420, 170.716309, 162.993332, 155.027023
301.603851, 171.229797, 164.085709, 157.913467
302.853821, 171.929962, 163.055450, 157.330582
302.710815, 171.405945, 163.290817, 154.338623
303.415070, 171.371552, 162.331543, 152.648407
301.253387, 171.842529, 163.589752, 154.368027
297.152222, 172.839508, 163.607742, 153.473755
293.861267, 173.970886, 160.499313, 151.673264
291.498047, 173.694901, 161.057632, 151.586472
291.628906, 174.271332, 160.622955, 150.635056
289.493774, 172.717804, 165.540939, 153.177902
289.278290, 175.132858, 165.392654, 150.635086
290.426361, 174.230453, 161.659073, 151.186630
283.465607, 166.577133, 170.865402, 157.670135
292.493317, 169.567429, 159.999634, 148.817444
293.616119, 166.824875, 157.991333, 148.456741
292.109100, 162.350998, 161.753738, 151.313461
295.103180, 165.183258, 162.630341, 152.627304
275.326630, 168.208496, 174.883453, 168.667603
298.391449, 169.664490, 157.711960, 150.892303
299.363922, 174.708008, 160.337250, 152.018280
298.777130, 174.723190, 159.921753, 152.222488
299.460175, 175.767807, 160.832962, 153.901276
300.936005, 174.488785, 158.964996, 153.020782
302.750519, 174.240891, 157.838882, 151.885483
302.430054, 173.142700, 159.244217, 152.611267
303.626068, 172.438324, 159.280502, 153.309265
304.011383, 171.359299, 159.015381, 155.841278
305.552246, 171.027283, 157.410339, 156.017242
306.233063, 170.593063, 157.074112, 155.943222
305.916595, 169.646042, 157.409653, 156.901199
306.236023, 169.578430, 157.188629, 156.542023
305.973816, 169.422897, 158.556564, 157.600967
306.045074, 169.337158, 158.059570, 157.754181
304.787994, 169.048340, 158.746216, 157.766724
305.333160, 169.270844, 158.391678, 158.117874
305.542175, 169.182159, 158.061966, 157.482193
305.548889, 169.209488, 157.593155, 156.496902
305.951996, 169.083267, 156.778107, 155.936554
305.925476, 168.970993, 156.489761, 153.014008
306.271179, 168.373123, 156.093323, 150.074905
304.785797, 168.266235, 159.821136, 151.063293
304.604095, 168.743652, 160.337753, 149.550613
304.600708, 168.387527, 160.890045, 149.708878
304.617157, 168.710480, 158.814880, 148.964462
304.440308, 168.462646, 156.941864, 148.286453
304.060150, 168.961975, 156.491135, 147.176392
303.730957, 169.389008, 156.985580, 148.670486
303.765869, 169.793304, 156.361008, 148.256805
301.440338, 169.124191, 156.383118, 146.472794
304.075562, 171.728195, 157.633392, 149.837402
302.174591, 173.689453, 159.385666, 151.879791
301.826202, 174.101654, 160.364441, 152.735291
301.937073, 174.829224, 159.972443, 156.668793
301.450287, 174.104004, 160.556824, 156.813400
301.460510, 173.876541, 160.003098, 157.957275
302.443390, 172.402832, 161.246628, 157.454849
301.871521, 170.813614, 162.281067, 158.081345
301.608521, 170.736160, 163.329681, 157.268997
302.447723, 170.366791, 163.506577, 157.321426
302.395294, 170.004105, 163.674118, 156.084839
303.003387, 170.532852, 164.357956, 156.288208
304.238251, 170.971832, 163.631424, 156.120728
304.936401, 169.412079, 164.753479, 159.906555
306.678986, 169.551880, 161.909653, 162.111649
307.165314, 168.565384, 162.316254, 162.930908
307.140869, 167.382660, 163.455170, 164.666321
308.532684, 167.289917, 161.730515, 161.572632
309.291046, 166.239838, 162.286392, 161.040665
309.942566, 164.945999, 163.316772, 159.774384
309.481781, 165.076035, 165.393600, 157.640533
307.919708, 164.276642, 169.275208, 160.278625
308.353119, 163.928009, 169.191574, 160.432587
307.947632, 163.658722, 168.618332, 159.587570
308.478638, 163.608521, 169.337494, 161.686569
307.458588, 164.234421, 170.292130, 160.921722
308.505035, 165.979904, 169.041077, 158.896759
308.283722, 165.840332, 170.991486, 159.852737
305.752533, 165.870956, 173.657227, 161.779114
308.559906, 165.903152, 172.151489, 161.573364
308.295105, 165.324799, 172.009186, 161.451569
308.555481, 164.598450, 170.862823, 162.298538
310.036865, 165.104492, 169.228806, 160.513962
308.481140, 164.881882, 170.321686, 162.619339
309.228027, 165.253235, 166.351013, 164.084244
309.589935, 167.685852, 163.899017, 159.429047
304.391296, 167.422668, 170.790512, 162.024292
306.154236, 169.006775, 168.457352, 159.789551
307.638824, 169.950195, 162.476730, 155.360199
305.432556, 168.221573, 168.614868, 159.773849
308.296173, 168.510147, 166.963913, 160.228043
308.237274, 168.368423, 166.693985, 162.791229
307.611328, 169.469467, 161.044937, 160.591690
302.509460, 167.422913, 162.388336, 163.492020
302.457703, 167.362183, 163.511688, 164.673096
306.986450, 167.687302, 166.369598, 166.361542
310.066071, 168.798920, 167.517899, 164.905365
308.558044, 167.115997, 170.464172, 162.921494
306.151031, 167.988037, 170.183990, 161.291672
307.027496, 167.434174, 170.165909, 161.570877
306.430908, 167.827942, 169.008789, 160.447830
305.917358, 168.185944, 169.006744, 160.733978
307.377930, 167.370697, 168.919479, 160.606674
308.215485, 167.489761, 168.389236, 161.156113
307.889740, 167.896149, 168.400925, 161.537872
307.479645, 168.162735, 168.437073, 161.405045
307.223206, 167.869949, 169.293991, 162.413818
306.415222, 168.506485, 169.737900, 161.959702
305.994415, 167.366821, 171.566223, 163.125900
306.459656, 167.847412, 171.081070, 162.323975
307.231689, 168.898407, 170.816483, 162.892136
307.612885, 169.441406, 170.406677, 161.889175
307.782654, 168.716690, 170.141922, 161.753571
308.015656, 169.530197, 170.178635, 162.446472
307.876678, 169.091064, 170.732452, 163.265060
307.607239, 168.618729, 169.930603, 162.943207
308.595795, 169.810028, 171.592941, 165.126205
307.959747, 169.131592, 173.835159, 166.960861
309.436462, 173.480072, 158.587555, 158.012756
309.987915, 172.797226, 158.489899, 158.504379
309.759064, 171.957870, 160.807159, 160.454178
309.217255, 169.850861, 161.949936, 162.449326
307.641022, 165.408783, 177.271317, 173.473068
307.534698, 166.028870, 176.891098, 174.148560
307.576935, 166.813019, 176.480606, 174.658920
307.257782, 167.005280, 179.981140, 176.421051
307.381012, 166.089508, 177.440491, 176.733215
308.198944, 166.327423, 177.264038, 175.090042
309.017853, 165.825653, 177.170822, 173.797989
315.623291, 166.866669, 168.466675, 166.988358
316.075409, 167.519562, 167.808441, 165.379517
316.106537, 168.541779, 167.892685, 166.541397
311.924622, 167.170563, 167.346542, 165.742371
315.712524, 171.009659, 166.715790, 165.022293
315.280548, 171.863098, 166.788315, 166.077118
314.931030, 171.743637, 166.920059, 165.994858
312.404114, 177.776001, 155.741837, 157.590073
311.644745, 178.171432, 155.216934, 157.338943
311.430908, 178.635666, 155.513977, 157.682892
308.728577, 173.099640, 172.776993, 163.202362
305.326080, 176.017975, 159.810776, 159.579071
303.030609, 180.029572, 158.330048, 156.374573
306.445007, 173.940704, 163.576492, 159.530212
304.298157, 173.174454, 164.465515, 159.399261
299.819550, 171.911591, 168.806229, 162.801697
300.304321, 173.500610, 165.669937, 158.286575
298.859528, 173.635056, 167.918808, 160.277100
294.708588, 170.402435, 163.286346, 159.225433
295.529480, 175.767883, 165.149063, 156.046204
289.421936, 173.985168, 165.869675, 161.930420
290.895111, 177.532593, 167.440308, 164.916428
289.630096, 178.637161, 167.442596, 166.374557
292.471039, 182.818924, 162.830139, 165.549026
293.114990, 181.891266, 163.284897, 166.410965
292.947479, 180.592224, 163.870071, 164.455750
288.276978, 178.621552, 168.693878, 163.169922
287.464172, 176.852478, 170.664795, 165.028290
288.481750, 177.136856, 168.497177, 162.770386
289.787689, 175.822479, 169.276749, 165.860962
288.606964, 175.848633, 170.578720, 166.830154
289.160583, 176.998917, 171.107666, 168.527405
294.661713, 176.071320, 171.607178, 167.478943
295.779053, 176.709183, 171.629929, 169.861572
298.750122, 174.821243, 171.356766, 164.308380
300.355682, 174.063522, 171.357422, 163.358170
302.666077, 173.687073, 171.136642, 162.719025
304.253540, 174.474487, 170.078506, 162.893295
305.643921, 172.879700, 171.356857, 164.370987
306.754883, 173.063004, 170.077911, 164.833954
306.464600, 173.449127, 169.314209, 164.350891
305.846039, 172.775543, 171.205353, 165.906784
305.188293, 171.969559, 170.022568, 164.667267
304.987732, 171.141632, 170.428772, 165.407608
306.525055, 170.576141, 167.078323, 167.378036
305.236206, 170.188950, 170.286148, 168.796494
304.240112, 170.632233, 168.945282, 166.476303
303.813934, 171.702423, 168.492126, 166.717087
304.103821, 170.619659, 168.456284, 167.580444
301.839111, 176.978470, 163.642639, 168.657455
303.951233, 170.767395, 170.568634, 168.536407
303.162537, 174.869614, 162.597992, 167.624298
303.940918, 173.675568, 162.595856, 166.070633
305.316040, 172.827759, 162.693832, 166.035034
305.823578, 173.544693, 163.403152, 166.720825
307.471039, 173.286499, 164.788834, 166.822556
308.689941, 172.563370, 176.636780, 169.512558
308.989014, 173.010468, 168.564148, 171.560516
309.972534, 173.023468, 168.818481, 173.261414
312.490936, 171.486710, 175.584473, 176.762344
310.842987, 171.292480, 174.910400, 181.211975
310.869873, 171.413483, 174.812729, 181.386459
314.985352, 173.079819, 174.927658, 179.358765
315.089539, 171.942154, 177.946808, 180.592697
315.713379, 172.148346, 177.957672, 180.050705
315.743317, 171.590439, 176.839523, 179.231201
315.712952, 171.808090, 177.069351, 177.693268
315.735138, 172.598785, 176.322556, 176.127350
316.819611, 171.645905, 177.535034, 176.500702
316.070404, 172.130737, 178.097748, 176.681213
317.326080, 174.070984, 174.770142, 174.646515
318.499817, 173.196793, 174.630890, 175.522095
317.787842, 170.393616, 177.259308, 178.896530
319.166565, 168.329895, 177.466888, 177.479340
318.746185, 167.236130, 178.206024, 177.671951
318.914154, 166.629639, 178.742386, 177.941254
319.154663, 166.709167, 178.485962, 177.658676
319.423126, 166.200027, 178.918839, 178.270508
319.539581, 167.018509, 178.152435, 177.581253
318.576111, 166.080872, 178.616348, 178.172028
318.529633, 166.862595, 177.102020, 176.008499
318.939117, 168.232330, 173.597778, 172.470093
319.923157, 170.414246, 168.451752, 169.343781
317.941864, 166.551392, 170.389984, 172.813019
316.516571, 167.099091, 174.181381, 173.450546
315.044464, 173.022675, 165.107803, 168.404236
313.818115, 172.881683, 161.846191, 166.101883
309.110535, 170.685318, 165.059479, 167.078064
308.105499, 170.863113, 165.699402, 168.057831
307.087128, 169.433319, 168.635666, 169.832001
309.947998, 170.830872, 166.519867, 169.365646
309.001923, 171.165482, 166.498001, 168.629044
307.709564, 171.996780, 167.234177, 167.429855
308.064453, 172.078110, 166.782990, 166.313736
307.045807, 172.187546, 167.397675, 165.987900
306.868530, 172.214355, 166.851028, 165.403381
307.429688, 172.675568, 165.378723, 164.565430
306.159576, 173.270172, 166.456833, 164.779343
309.489746, 175.700043, 164.563614, 160.894699
305.691895, 173.007263, 169.823364, 169.576157
309.789063, 174.313904, 163.045776, 161.224472
303.962433, 173.399811, 169.292542, 167.642609
305.165863, 170.084198, 172.001877, 169.907684
304.198303, 171.102844, 174.028839, 168.986847
304.100769, 170.878510, 173.767136, 169.571594
303.873840, 170.731140, 172.588287, 166.438492
303.105621, 170.267166, 173.358032, 168.923096
303.162720, 171.122345, 172.923615, 168.239990
301.855255, 171.905136, 180.102676, 171.392899
301.505615, 171.940414, 180.838501, 172.567490
302.450714, 172.338425, 179.832245, 172.523834
302.694794, 172.395920, 180.378479, 171.263199
302.355652, 172.208542, 180.439667, 171.915451
301.444000, 172.435135, 180.435059, 172.571503
302.156067, 172.515305, 180.044006, 172.474457
301.877502, 172.443649, 179.508270, 171.836609
302.522949, 172.147705, 178.579987, 171.647629
302.574432, 175.022369, 174.624725, 169.140259
301.891144, 174.879227, 173.273483, 168.033371
302.115997, 173.658463, 173.319763, 168.927048
300.891266, 172.273224, 174.996613, 169.395477
300.971405, 171.941010, 174.014786, 168.913818
298.530975, 171.726578, 171.530655, 174.247696
297.977844, 170.882797, 173.386765, 173.510269
299.892090, 170.899704, 169.172409, 167.597275
298.430359, 169.707367, 173.009796, 170.745987
296.705902, 169.986038, 174.002441, 172.223038
297.612396, 171.071609, 172.313263, 170.795685
297.211456, 170.989243, 172.622971, 171.713730
297.762573, 171.689056, 173.263031, 171.021164
297.888031, 172.100021, 171.562576, 169.635696
298.148956, 173.338272, 172.400055, 168.855026
297.759094, 173.050140, 172.246658, 169.112228
298.908936, 173.268066, 172.347412, 169.305115
299.393494, 173.887848, 172.857956, 170.053375
299.859802, 174.120712, 172.084579, 170.424500
299.634094, 173.601685, 172.271179, 170.414795
299.454834, 174.207489, 173.846878, 170.646179
299.547882, 173.879684, 173.704987, 171.742249
299.940735, 174.404007, 173.872955, 170.908905
299.683014, 174.127945, 173.772934, 170.011673
299.264343, 173.133789, 172.699371, 169.721573
300.360077, 174.057953, 173.574310, 168.155914
300.746582, 174.485931, 172.897141, 166.219681
301.035797, 174.666458, 172.369965, 164.838242
301.322906, 174.457657, 171.427292, 165.041214
301.281830, 174.254150, 170.260040, 163.512955
300.723541, 174.395142, 170.666306, 163.398712
300.555115, 174.953064, 170.295319, 163.243896
300.700256, 175.426254, 168.923187, 163.709335
300.684509, 175.314774, 168.329224, 163.979309
300.653656, 175.799423, 169.023376, 163.225449
300.440735, 175.496399, 168.120361, 163.265152
299.894958, 175.400208, 168.523163, 163.985138
299.162445, 175.717010, 169.152313, 163.640656
298.679230, 175.863220, 168.664047, 163.524994
298.030151, 175.461456, 168.649490, 163.014755
297.954254, 175.379547, 167.457123, 162.549850
298.555115, 174.917877, 167.284393, 163.378555
298.223358, 174.743591, 166.323044, 163.239822
298.445862, 174.654404, 165.946884, 162.789444
298.346008, 174.721237, 166.906067, 162.948700
298.815552, 175.299011, 167.350113, 162.852921
299.211182, 175.473099, 167.465790, 162.200027
299.127411, 175.897705, 168.463120, 163.068329
298.992859, 175.593903, 169.078186, 163.073990
299.435150, 175.498093, 169.033859, 164.148315
299.282532, 175.102020, 168.473038, 163.963409
299.402130, 174.740631, 168.463776, 163.563965
299.617035, 173.864716, 166.331131, 162.409332
299.227600, 173.565506, 166.923264, 162.010818
299.378967, 174.366425, 165.825882, 160.102478
299.506836, 175.110474, 166.020386, 159.684158
298.940765, 175.675308, 165.632080, 159.780640
298.173401, 175.287369, 165.736694, 160.483902
298.012543, 174.907761, 166.504089, 160.829712
296.554749, 172.191330, 167.107025, 161.567764
295.402802, 171.197418, 168.592819, 163.318604
294.856140, 171.631439, 166.624237, 161.727234
294.379517, 171.050110, 166.451447, 162.056091
293.683441, 171.200592, 167.039520, 162.118118
293.577026, 171.533539, 167.033279, 162.720764
293.187073, 173.517242, 165.125656, 159.686829
292.765472, 174.645874, 164.998001, 159.160187
292.648285, 173.195343, 161.437531, 161.740540
292.583557, 173.320572, 162.022812, 161.190063
292.874420, 174.507690, 167.461853, 162.462555
293.630524, 174.145721, 167.855698, 163.625229
294.441772, 174.247406, 167.522903, 162.833191
294.962646, 173.433517, 168.490723, 164.202454
295.806366, 173.667038, 167.783691, 164.432938
297.722290, 173.830109, 169.017761, 165.470505
297.755127, 173.444946, 170.045090, 166.518890
297.996216, 173.037277, 170.194199, 167.124863
298.888062, 173.810974, 169.789124, 167.165939
298.337311, 173.712311, 170.392090, 166.122696
298.346375, 173.924927, 170.449875, 166.461029
298.922150, 174.417389, 170.182922, 166.528091
299.418060, 174.637207, 169.390549, 165.621323
299.067871, 174.582062, 167.917953, 162.830185
300.354797, 174.420227, 167.080185, 161.856033
300.398804, 174.335342, 166.246353, 162.004837
301.028625, 174.632721, 166.082825, 162.755081
301.425323, 174.343201, 166.502197, 163.710114
301.567352, 174.545395, 166.680847, 164.696930
300.599518, 174.689972, 175.206406, 166.696060
301.525146, 174.789734, 161.824738, 167.327362
301.778687, 173.537415, 174.481537, 168.435349
302.653015, 173.965088, 173.776367, 168.839645
303.566437, 173.752319, 173.331604, 169.998840
303.641663, 173.257324, 173.613144, 170.176453
303.983734, 173.152390, 174.516983, 168.137222
302.642365, 173.606201, 175.280838, 169.178635
302.347626, 173.764008, 175.288971, 169.811142
301.442078, 176.744476, 163.764969, 168.810333
302.046021, 178.021881, 164.525177, 169.528168
302.604523, 178.915924, 163.815506, 169.747681
304.627014, 178.286713, 164.007614, 167.532089
303.866394, 178.049805, 177.990540, 171.536392
305.637543, 178.921494, 163.994476, 168.233551
308.930023, 179.028534, 171.004608, 166.282181
304.352539, 182.747864, 180.205399, 176.670837
304.621185, 183.365173, 181.005783, 177.636047
309.859070, 187.805176, 175.587082, 174.478607
311.125641, 190.074310, 174.290344, 172.973099
311.922668, 190.078552, 174.542374, 173.201279
311.695160, 190.694031, 173.902817, 173.709442
312.347961, 192.464325, 173.016159, 174.030350
314.359039, 194.875275, 164.596252, 170.915680
312.150818, 190.771271, 174.122314, 173.035889
307.328186, 194.152512, 178.674728, 178.990295
311.316956, 192.643433, 175.150864, 174.673828
309.199158, 198.272415, 177.136856, 176.019196
310.704987, 202.183060, 167.069199, 169.287750
312.118439, 202.966995, 166.443939, 169.780838
311.253937, 204.144638, 167.897537, 170.848999
312.513824, 196.785065, 172.322556, 172.243637
311.362244, 198.200211, 173.708450, 172.120071
310.139191, 202.360443, 177.869339, 174.742935
310.314209, 203.851196, 178.231308, 175.532089
310.112976, 204.622955, 178.276337, 175.424774
310.070953, 205.020874, 178.435959, 174.899963
310.171082, 206.577911, 178.213760, 174.867783
310.362823, 206.749786, 179.885986, 176.324890
311.471771, 207.818970, 180.598511, 176.154846
310.069458, 206.057831, 183.867691, 180.443878
310.229797, 206.157639, 184.072403, 180.799377
310.434387, 206.158539, 182.238098, 178.996643
308.851074, 208.909958, 187.915588, 186.529175
308.803772, 208.985458, 188.267105, 187.412628
309.561035, 209.612198, 186.495758, 185.011795
312.634552, 206.207199, 184.390152, 183.326080
312.407104, 207.454254, 184.407883, 183.461761
311.682373, 207.198364, 184.230606, 185.415756
314.528687, 216.988068, 176.746399, 174.075089
309.921661, 205.522736, 185.876602, 188.426071
313.808685, 216.696838, 177.069794, 175.193588
312.800934, 215.950287, 177.495743, 174.968155
312.863800, 208.706696, 182.067596, 179.377975
312.336365, 208.731689, 182.289948, 179.364929
310.810944, 205.826416, 184.114990, 182.179581
310.776215, 205.401306, 181.956863, 180.172974
311.040070, 204.747467, 183.190186, 181.863342
310.019135, 214.072922, 180.757751, 176.734909
310.581879, 212.836792, 181.237167, 177.293167
310.438843, 202.740860, 184.289307, 180.467316
311.937775, 214.247986, 171.407516, 176.403473
309.732056, 203.106384, 182.299561, 177.318863
309.027008, 202.101334, 179.901871, 176.192093
308.432770, 203.255234, 180.921280, 175.814453
307.019409, 202.109802, 181.044052, 177.630707
305.642029, 202.612305, 183.472549, 179.455200
303.981903, 203.020798, 185.113205, 179.921494
303.225250, 204.825256, 184.381485, 178.458191
301.884033, 203.903961, 185.733093, 179.821350
301.290161, 204.204773, 184.642868, 180.147018
302.234711, 204.078308, 181.260696, 178.886642
301.655273, 203.900406, 181.852051, 178.348236
301.854095, 203.903351, 181.777267, 177.534134
302.150085, 203.654785, 181.240799, 177.635834
301.506531, 202.994171, 181.967667, 177.858063
300.799713, 202.708923, 182.644394, 178.883972
299.720367, 203.084869, 184.578278, 179.655060
299.922333, 203.199005, 184.862152, 178.686630
300.000153, 203.843094, 185.077805, 178.194183
300.219940, 203.068100, 185.734543, 179.260681
306.363708, 205.434586, 181.338806, 176.076035
302.843292, 202.353088, 183.702271, 178.872345
302.453033, 202.512161, 182.294739, 178.253738
302.661346, 202.918030, 180.645157, 176.936508
302.575958, 203.287048, 181.151703, 175.096375
303.912567, 203.545883, 178.517960, 174.346375
302.739990, 202.212631, 181.435577, 174.728333
304.107941, 201.012390, 179.062241, 175.183334
304.158936, 199.871445, 179.795517, 175.197632
304.227325, 200.794571, 179.215195, 173.117966
303.213684, 199.946686, 181.098831, 175.573212
302.125366, 198.772888, 181.578064, 175.767578
298.896759, 200.975037, 181.532547, 174.438019
301.674286, 203.521362, 175.556458, 169.294083
300.398376, 195.015182, 179.078247, 174.432068
302.557648, 197.260010, 174.523636, 176.201645
298.211975, 192.502808, 189.082809, 184.041183
296.170319, 191.276520, 186.383545, 182.013412
296.454559, 189.999603, 186.084900, 179.879730
296.569031, 188.607330, 183.646011, 179.755768
295.894836, 191.493835, 176.811401, 171.892944
298.035065, 189.710388, 178.246933, 175.520126
292.913513, 188.535446, 180.298996, 171.756836
291.788879, 187.981110, 179.360168, 172.351776
296.492218, 186.963013, 176.721451, 175.665253
297.161316, 185.594894, 176.235229, 176.052567
297.866058, 184.922333, 177.138748, 174.893280
297.422028, 184.330383, 177.645599, 174.841461
295.881042, 188.406906, 169.585556, 169.565125
291.707947, 183.562714, 172.453293, 172.326736
292.508270, 183.574936, 174.355209, 170.994141
290.630432, 192.783676, 171.667892, 177.076691
294.763275, 181.207336, 174.967484, 171.485336
290.860809, 201.783539, 177.786804, 182.673187
285.348938, 185.858383, 188.950790, 189.896652
293.772217, 176.536484, 177.537613, 175.432175
293.437439, 176.087372, 177.188583, 175.143906
293.166473, 174.974442, 175.778473, 173.902908
294.982635, 177.781448, 171.418228, 168.339172
292.703278, 172.390976, 176.480103, 176.611923
291.614563, 173.489578, 174.998703, 181.471252
288.101593, 170.666382, 177.210266, 173.707397
288.418701, 170.470596, 176.935013, 174.746811
291.084351, 170.861786, 175.764389, 176.350021
289.809174, 170.243011, 175.397964, 176.906052
290.234985, 170.413940, 176.366440, 177.312988
289.726379, 171.787292, 173.858978, 175.505127
288.266754, 174.167206, 176.716537, 177.646072
289.698090, 174.324127, 176.451538, 172.541061
289.230652, 174.152985, 176.721390, 171.835938
289.146362, 175.906067, 172.500549, 169.434601
289.732971, 177.001465, 170.111588, 167.140198
289.787231, 176.708710, 171.196243, 168.140686
289.066162, 175.567261, 172.558578, 169.117538
288.918640, 175.341339, 173.442398, 170.675522
290.354736, 175.247437, 173.147003, 172.474960
290.448517, 172.752762, 176.020126, 175.916855
290.672302, 172.762787, 176.046432, 176.917816
294.241882, 176.738480, 172.286743, 173.771255
294.866150, 178.060425, 172.104767, 171.585205
294.321411, 179.391815, 173.501465, 172.145172
295.034851, 186.538361, 173.393158, 169.730240
294.343445, 191.976166, 175.968933, 177.480881
298.816010, 190.325165, 173.792755, 170.960022
299.332916, 191.673126, 167.586136, 170.785233
299.790314, 192.999115, 169.818268, 172.562805
300.779419, 195.401215, 169.461655, 171.526077
301.768097, 197.088654, 168.261246, 171.403305
302.979156, 196.456711, 170.271530, 171.944473
303.346008, 193.034851, 175.959259, 172.216461
303.237701, 192.521194, 175.942001, 173.400681
303.205292, 192.418396, 176.879700, 174.068542
301.885559, 194.433868, 179.086472, 176.819427
302.255859, 194.449493, 179.012848, 176.505920
302.300354, 195.078278, 178.970947, 176.796051
302.197296, 196.424561, 178.999329, 176.243210
301.978882, 198.568634, 178.027954, 174.425034
301.239288, 196.977371, 179.674576, 176.921112
300.526672, 194.634933, 181.059143, 179.019989
300.311462, 194.502716, 181.515686, 179.384277
299.989502, 194.878952, 181.516800, 178.958740
299.629486, 194.239471, 181.467804, 179.490677
298.679474, 192.914871, 182.320984, 180.976624
299.460297, 193.586166, 181.786682, 179.755127
301.038025, 195.365631, 180.110321, 177.298218
302.275482, 202.312927, 178.741699, 175.854843
302.936890, 202.328384, 177.198227, 175.022461
302.403412, 202.021912, 178.083405, 174.638977
302.093018, 201.991531, 177.506393, 174.931747
300.931396, 201.128723, 178.031830, 176.571365
302.282928, 202.546265, 176.663055, 174.383331
300.913879, 199.716232, 177.367111, 176.622833
300.644623, 199.467926, 177.933990, 177.195038
299.179047, 198.493683, 179.597549, 177.444199
299.366272, 199.325897, 177.148132, 176.725906
297.350159, 197.419174, 179.444061, 179.180908
298.243103, 199.894547, 176.848038, 175.196091
297.377014, 200.369904, 178.123611, 175.221512
297.299652, 200.452866, 177.066788, 174.018433
297.388580, 196.414749, 176.501556, 175.004089
292.797424, 201.563232, 179.948059, 177.080505
294.509094, 201.317017, 172.836777, 168.705246
292.015839, 190.659607, 173.209503, 171.473862
288.741180, 196.526871, 169.082352, 169.608353
284.826660, 194.287247, 180.475037, 175.627167
282.488129, 192.402618, 177.111618, 176.048157
277.049103, 189.859238, 180.288132, 179.702286
280.006165, 187.358627, 175.186646, 171.696198
279.281708, 188.038513, 174.498230, 170.873764
278.205292, 186.142517, 174.195938, 172.149078
277.555450, 184.997604, 172.840820, 169.602112
277.282257, 183.650391, 173.199173, 169.849167
276.765442, 182.963486, 172.966705, 170.788208
276.856049, 180.908356, 172.613892, 171.155289
276.049103, 180.004242, 173.015564, 170.142014
275.856964, 179.228378, 173.166473, 170.751602
275.848236, 177.863281, 172.846390, 170.426559
275.697693, 177.706299, 172.634155, 169.867203
275.372772, 178.004654, 172.607346, 169.235001
275.554504, 177.975739, 173.567352, 169.071381
276.035339, 178.503510, 172.896362, 168.716812
276.250580, 179.388947, 172.103989, 168.753891
275.384735, 176.891083, 175.033951, 172.577377
275.569977, 177.216248, 174.524445, 172.595337
275.731354, 177.466949, 173.642700, 172.968384
275.228424, 178.009613, 174.421249, 172.378281
275.129547, 178.150482, 174.738953, 171.030869
275.374298, 178.478943, 173.815063, 169.876144
275.815216, 179.281509, 171.879211, 168.554184
274.975037, 179.308319, 171.113495, 167.349426
274.794495, 180.903397, 170.601303, 165.490814
274.771088, 178.778351, 170.900208, 167.751190
273.704254, 179.161026, 172.870300, 168.273636
273.739655, 178.665405, 173.755386, 169.132034
274.222870, 176.314972, 174.367966, 170.748398
274.743988, 177.318588, 171.652161, 169.615219
274.409576, 176.019745, 173.141647, 171.053314
275.064850, 176.057281, 171.902863, 171.100922
275.002686, 176.699860, 172.073151, 170.017380
274.418884, 175.632629, 172.635986, 171.233109
274.357727, 175.868042, 173.141586, 170.029480
274.161163, 174.532516, 173.703003, 169.976852
273.453613, 173.666504, 174.300140, 170.864517
274.165649, 174.769974, 174.201447, 169.656631
273.656097, 174.523331, 173.797165, 169.256882
274.766357, 174.087250, 173.630325, 170.579910
274.798218, 173.848053, 173.060898, 169.133530
275.571716, 173.610107, 173.337845, 171.169189
276.029297, 175.883972, 173.194595, 170.354858
276.013855, 177.818832, 171.946884, 166.614929
276.467560, 178.576920, 171.450958, 166.825775
277.729767, 178.811157, 165.800934, 163.895142
278.502808, 179.706635, 165.015518, 164.202560
279.734558, 179.725998, 163.514328, 165.099945
280.586548, 179.362839, 165.922348, 166.283981
280.334961, 176.939392, 166.379990, 168.074188
280.449188, 179.082184, 166.103683, 166.277023
283.025238, 179.040863, 166.881332, 167.088730
282.592102, 178.132492, 169.176453, 169.065689
282.342377, 177.083176, 173.339767, 169.646957
283.195007, 178.154877, 170.178284, 168.709778
284.952637, 177.279358, 169.522476, 166.618744
285.610229, 177.067169, 168.875687, 166.797928
286.206451, 176.351181, 170.010117, 168.080322
285.648010, 175.596191, 171.491501, 167.972000
285.724091, 176.160980, 170.997025, 166.375610
285.244476, 175.957962, 171.925903, 165.346024
285.471649, 176.042953, 171.650436, 164.963745
285.439270, 176.130417, 170.992615, 164.801407
285.918427, 175.922516, 171.041763, 165.315201
285.937103, 176.339890, 170.337936, 165.009735
285.730713, 175.926392, 170.019073, 165.337173
285.593231, 176.447754, 169.536972, 164.616180
285.218872, 175.775848, 169.919952, 165.035172
285.779541, 175.424866, 170.143814, 166.315857
286.002930, 174.925476, 170.411057, 167.060745
286.445465, 174.818497, 170.438126, 167.851425
286.539978, 175.271729, 169.548035, 166.630371
286.574219, 175.015915, 169.894623, 166.880814
286.759888, 173.577545, 174.093948, 168.070007
286.592529, 173.259598, 173.522644, 167.661377
286.795898, 175.178879, 169.387894, 168.303848
287.148926, 174.337891, 169.325150, 169.007370
287.289063, 174.130676, 169.783981, 168.924622
287.507660, 174.496414, 169.371353, 168.038635
289.393860, 173.284714, 172.390793, 167.833939
289.139679, 172.898972, 173.804245, 168.923920
290.357056, 172.799362, 173.329803, 167.614319
292.668030, 172.542206, 171.605576, 166.482269
290.421265, 171.749512, 169.817322, 168.595718
291.351563, 171.424820, 169.598785, 169.395752
290.066956, 170.821991, 167.893661, 168.199524
290.986359, 170.652695, 168.239441, 168.162155
291.649628, 170.069016, 168.131104, 168.313568
293.354706, 169.296906, 169.599289, 171.376480
293.953339, 169.486526, 170.221069, 171.221298
293.617188, 169.281693, 171.146408, 171.007599
289.726807, 162.888794, 177.874573, 176.214951
289.474335, 162.373810, 174.687073, 174.367157
293.885651, 168.645096, 170.016296, 169.150360
293.947144, 168.461334, 170.206360, 169.150406
294.162750, 168.052490, 171.263382, 170.480606
289.630127, 164.776520, 181.172302, 177.713562
294.082458, 167.509430, 171.322830, 170.873016
289.432159, 164.600525, 183.044205, 178.548874
289.457733, 163.998352, 182.881958, 178.853455
290.213593, 164.464783, 181.807755, 177.637985
293.854309, 166.985016, 170.892395, 170.560242
292.550476, 168.284454, 170.075455, 168.167740
291.609955, 167.853378, 170.867706, 169.168762
292.024536, 168.537292, 169.786133, 167.252335
292.936920, 168.063416, 169.767197, 168.743790
293.273407, 167.434082, 170.046570, 169.182434
288.162079, 165.682526, 183.886154, 177.154800
293.970093, 167.800354, 170.200653, 169.152878
293.724854, 167.316345, 170.914429, 169.747635
294.209320, 167.279282, 170.809448, 170.322311
294.693115, 167.340118, 170.647552, 169.871201
294.175537, 167.570709, 171.300812, 169.871323
294.005005, 167.526321, 170.915527, 169.859329
294.369293, 167.112045, 171.060349, 170.293854
294.130829, 167.059341, 171.305817, 170.988525
293.391693, 167.501266, 169.271713, 169.691284
293.103119, 166.660553, 169.401703, 172.463364
292.445129, 168.975677, 167.334549, 169.950027
292.579620, 171.700012, 165.277313, 167.982727
289.490082, 172.871674, 165.294052, 166.067993
292.727295, 171.886002, 165.265854, 168.792618
291.366852, 170.430588, 168.904419, 174.777359
288.921417, 171.727737, 166.630325, 170.183655
288.005219, 169.237747, 177.408127, 179.718964
290.353638, 170.911316, 171.830948, 175.153976
289.730774, 171.041412, 174.959671, 174.553375
290.756897, 171.319763, 169.915604, 173.571335
290.165619, 169.392181, 171.407608, 171.964905
290.346252, 169.307129, 171.602707, 171.054733
290.494324, 170.413391, 171.847336, 171.238251
290.456940, 170.111038, 172.312408, 171.402756
289.311890, 170.690994, 171.264038, 170.809708
291.319519, 171.856415, 170.551666, 169.497299
291.248657, 171.893158, 169.899826, 167.984253
291.264832, 171.907516, 170.028870, 167.890213
291.446960, 172.013855, 170.267822, 168.057327
290.885254, 172.882477, 170.564453, 166.942505
290.298767, 172.984131, 171.320084, 168.019150
285.983643, 169.000427, 180.646896, 176.895432
290.008606, 172.824966, 172.112549, 168.476273
286.458038, 168.827728, 180.350891, 177.137436
286.836517, 169.174850, 179.749268, 176.651459
286.679047, 168.762085, 180.623901, 177.283997
287.229919, 168.041321, 180.322983, 177.572083
289.777313, 169.591980, 172.734802, 171.236008
288.428772, 168.700592, 179.737671, 177.316620
287.436096, 167.941544, 180.625595, 178.941727
287.302917, 168.068878, 181.256516, 179.211746
287.169739, 167.610657, 181.230240, 179.284256
287.060059, 167.372879, 180.408005, 179.197067
287.218842, 167.308838, 180.532562, 179.973618
292.204590, 168.938019, 172.950256, 171.134247
292.062592, 167.047302, 172.860535, 172.668961
293.135864, 169.157562, 173.582977, 171.430756
293.230194, 169.307388, 173.610260, 171.433060
289.368744, 166.761871, 175.423492, 172.612671
289.858734, 169.087250, 174.302567, 172.939499
289.839539, 169.917023, 171.839417, 171.762512
288.314056, 169.907013, 175.494431, 170.254425
286.752136, 167.242722, 180.724762, 180.196899
286.103790, 167.259232, 181.833237, 180.553024
286.897369, 166.403381, 181.170944, 180.790909
291.253906, 167.964249, 172.736221, 173.399063
291.284424, 168.152496, 172.681290, 172.477890
287.479553, 166.736282, 181.334518, 179.975906
289.339020, 170.217056, 175.185852, 169.436249
292.600891, 172.738007, 170.163635, 166.087952
292.671967, 173.376175, 170.003159, 165.782135
293.295776, 174.472931, 169.425827, 165.530975
292.925690, 172.967865, 171.851547, 167.183777
292.928802, 172.840088, 172.511475, 167.887680
291.540710, 171.306656, 173.199478, 171.714523
291.624084, 171.147064, 173.381287, 171.978821
292.954376, 172.649353, 172.670990, 168.712494
291.904419, 171.459412, 173.908905, 171.846329
291.703857, 171.528641, 174.010162, 171.839050
292.139526, 172.576050, 172.429108, 170.501770
292.872620, 172.764633, 171.272934, 169.964310
292.282623, 172.589584, 172.210693, 170.371414
289.073792, 170.277771, 173.082474, 171.239792
291.211609, 173.497910, 172.270203, 170.577301
291.772156, 173.305344, 171.083527, 169.803207
290.257263, 174.103516, 172.093689, 171.079727
291.052032, 173.944016, 171.354553, 169.653687
291.180206, 174.311661, 170.292679, 169.393326
290.674622, 174.355255, 170.841400, 169.606079
290.754272, 175.201660, 170.576996, 168.634720
291.004120, 175.351791, 170.538528, 168.651581
290.547241, 175.752350, 170.786362, 168.521774
290.355896, 176.326691, 170.233170, 168.375122
290.951172, 176.368668, 169.863937, 168.351456
291.076233, 177.172745, 169.535934, 167.840210
291.569458, 177.926300, 166.807816, 165.061569
291.315369, 179.648376, 165.461868, 162.791290
291.701141, 179.953888, 164.967194, 161.924850
291.163239, 178.942474, 166.122925, 163.870956
289.857788, 178.486038, 166.788788, 164.338715
289.705292, 177.469025, 167.877823, 165.751785
289.348267, 176.798386, 167.715454, 167.027924
288.531433, 177.382660, 168.506409, 168.561981
289.312378, 177.393021, 166.007309, 166.767303
290.301331, 179.542267, 164.212982, 164.594757
287.232788, 174.285034, 170.920761, 167.616409
288.082611, 180.047852, 161.635284, 165.945938
282.775360, 175.230133, 179.273193, 172.436432
284.211700, 175.741196, 176.357407, 167.316193
285.880035, 179.017944, 168.575623, 165.735153
283.840729, 176.857071, 177.154282, 166.444427
285.560211, 179.618988, 168.795380, 164.623077
285.571045, 179.277374, 168.826950, 164.946350
284.925415, 179.171082, 169.647766, 166.008057
284.573242, 179.139404, 170.180862, 166.875076
283.846222, 176.411926, 178.102692, 167.275742
284.105530, 176.703430, 178.207718, 168.023071
284.967072, 177.318268, 177.741852, 168.075195
282.926544, 176.477921, 179.571869, 177.039978
284.963440, 177.137817, 178.504990, 169.584000
284.203125, 176.962494, 179.306747, 170.423538
286.112366, 180.115356, 173.357849, 170.845139
286.006287, 179.649475, 173.952438, 171.531723
286.003021, 180.099030, 173.368500, 170.591797
286.483643, 180.289917, 173.549301, 170.484482
284.013336, 177.691315, 179.233627, 170.997330
283.675659, 177.462799, 179.361588, 171.181793
283.487396, 177.477997, 179.396561, 171.328964
283.442993, 177.108994, 178.714325, 170.373566
283.907684, 176.602417, 177.019547, 169.398361
283.364624, 177.077118, 177.450165, 169.201691
283.413300, 177.032257, 175.789215, 168.692795
281.096832, 177.162079, 176.889999, 168.495743
280.379852, 176.989120, 177.768723, 170.270081
278.976929, 176.557098, 179.824127, 171.483444
278.791382, 176.381744, 180.156097, 172.823471
284.493469, 179.824905, 172.805405, 170.615051
283.304596, 180.637283, 168.013412, 168.549118
277.837738, 178.271729, 180.208969, 172.284866
282.815125, 181.636383, 167.098297, 166.319321
282.771088, 180.224579, 171.223999, 168.559967
282.644653, 181.586823, 168.639664, 166.651382
280.833374, 182.704803, 167.987076, 167.657013
279.643860, 182.432648, 169.400467, 170.251923
278.087830, 180.473740, 169.108459, 170.525116
277.296661, 181.247620, 171.097961, 165.147415
276.449860, 182.043091, 172.750717, 166.533493
276.517609, 182.046936, 174.405182, 167.844620
275.630341, 183.768280, 180.418808, 175.435806
278.123505, 181.424377, 172.152161, 166.199524
279.505341, 179.717377, 170.985397, 164.398529
278.976471, 177.539566, 173.916718, 165.628052
279.202545, 176.160187, 172.724823, 165.457794
279.132080, 175.453171, 173.074005, 165.497330
278.365356, 176.088287, 173.534714, 164.421265
276.604065, 177.655655, 172.707214, 162.079727
276.369354, 180.198792, 171.434830, 160.468491
275.435181, 180.359467, 168.874451, 158.576340
274.379089, 179.289917, 169.523331, 159.859909
274.002563, 178.897720, 170.182373, 161.289703
274.463226, 178.608398, 169.551361, 160.790207
275.606018, 177.446136, 169.200607, 161.618423
278.206116, 176.774109, 168.858673, 160.268463
278.700836, 174.949844, 168.751251, 162.716354
278.291504, 173.249680, 169.297729, 163.241867
278.210663, 173.114944, 169.088516, 163.135742
278.781372, 172.351013, 168.558441, 163.483490
278.115021, 172.721313, 169.291687, 163.222137
278.067566, 171.866699, 169.880478, 164.000916
277.488007, 171.913208, 171.586075, 166.339676
277.126404, 172.395386, 172.119934, 165.645996
276.715851, 171.724594, 172.396744, 166.408722
276.599457, 170.573914, 172.272339, 167.442093
276.141113, 171.134399, 170.859360, 164.719803
277.073700, 170.030701, 170.293243, 165.623627
279.473663, 170.178436, 169.193466, 166.003220
278.034729, 172.927948, 156.584167, 163.234329
277.047455, 171.520355, 160.484116, 166.009491
275.079712, 172.993729, 163.494415, 167.342865
275.045868, 171.086166, 163.094452, 166.298599
274.197388, 192.214722, 175.934784, 185.135757
280.280273, 165.141098, 172.672897, 171.504807
279.666382, 164.838531, 173.519836, 170.960358
279.069122, 164.897141, 174.369827, 171.846085
278.932800, 167.348022, 172.084579, 170.040741
278.222992, 167.772888, 174.526123, 171.912079
278.282440, 167.718048, 174.214264, 172.552078
277.856354, 167.719208, 175.302582, 173.381439
277.392731, 167.894180, 175.752640, 173.605911
277.035980, 167.543976, 176.485687, 174.684616
277.191772, 166.774933, 177.055481, 175.608658
276.745239, 167.132813, 176.514954, 175.195984
275.362061, 167.043716, 178.191711, 176.194595
276.253265, 166.525253, 181.405548, 178.507385
277.419159, 166.208832, 180.612991, 183.761978
276.863831, 166.842316, 185.675858, 184.259567
277.010742, 166.341949, 187.114075, 186.549591
277.283020, 168.990494, 186.014328, 185.970261
276.681641, 170.074295, 187.350128, 187.340469
277.661469, 171.452133, 185.885223, 188.188644
278.750275, 171.018982, 186.348541, 187.621262
280.715027, 171.106995, 186.686234, 186.680450
280.236877, 170.539520, 187.189377, 187.716248
281.065948, 169.172699, 187.465622, 191.481964
271.871399, 183.323700, 194.618820, 205.122803
273.165680, 183.822449, 193.417984, 203.788269
275.803070, 180.398758, 192.894272, 205.093338
277.296509, 180.609543, 192.507355, 205.803391
279.139160, 180.903076, 192.012375, 204.335739
286.249908, 170.554855, 187.271759, 194.696976
287.406952, 170.960236, 185.640472, 194.370102
286.665985, 171.047821, 185.381424, 192.845123
285.345459, 171.051025, 186.207199, 195.614746
285.414612, 171.809418, 186.628708, 199.267303
286.766998, 172.942505, 186.409103, 201.177979
286.283386, 172.621216, 186.811584, 202.424835
284.808105, 172.974792, 188.514465, 204.547180
281.104858, 171.679626, 193.068954, 211.209503
282.455536, 173.458557, 189.689789, 202.956131
280.852051, 173.114838, 190.004639, 204.584717
279.247009, 172.176483, 193.331757, 210.319199
276.569763, 170.825439, 195.627594, 210.726700
277.977661, 173.626190, 194.296478, 209.797562
279.719971, 175.190887, 190.127533, 205.994553
279.110748, 174.093048, 190.799805, 204.872665
282.187103, 173.097351, 188.954819, 201.685425
280.076904, 171.970291, 188.127029, 196.042526
282.377960, 171.662720, 191.158188, 202.842682
281.771271, 171.400528, 191.965591, 199.855301
282.474182, 171.126129, 190.239746, 197.655014
282.724945, 170.640457, 189.822830, 197.960907
283.735443, 171.169708, 188.292435, 196.667480
284.040009, 172.881348, 190.831345, 198.202576
288.361908, 173.444946, 185.549469, 200.392868
285.587158, 172.667740, 190.660019, 198.633728
286.338257, 171.545364, 189.815933, 199.115402
281.600464, 173.270935, 188.547073, 196.059494
286.890076, 169.275833, 189.139954, 198.175217
286.793304, 168.815964, 189.075668, 195.033005
287.265778, 165.419037, 187.970718, 196.153198
293.767212, 167.811401, 180.660065, 193.052887
295.843597, 167.531036, 181.831696, 193.273972
295.254395, 166.215424, 183.518631, 194.421478
295.757202, 165.796982, 184.292679, 194.243927
298.649414, 167.158722, 181.723145, 192.707977
300.069489, 166.451096, 183.889999, 195.528488
298.252686, 169.220352, 190.597488, 199.721283
300.830200, 168.626755, 180.589966, 191.348557
296.204834, 168.969009, 192.684616, 192.492615
299.858002, 166.024490, 186.200455, 191.934616
301.103882, 169.133713, 185.684875, 191.046860
303.211395, 164.811569, 187.399277, 199.183243
304.493774, 165.137375, 187.086639, 199.877487
305.637695, 164.708176, 189.058243, 200.971161
305.836670, 174.241974, 188.085983, 201.009018
302.808502, 165.201660, 197.087708, 203.483383
312.603027, 169.633347, 182.125565, 192.742935
319.185883, 165.423370, 183.753784, 189.414108
323.107330, 163.002930, 179.462372, 187.796310
326.826752, 165.851364, 178.310394, 182.929947
331.925476, 166.125153, 175.476440, 179.974915
334.218964, 165.840912, 175.839111, 178.095428
340.692535, 168.940277, 171.577316, 172.728165
342.195404, 166.890579, 167.072525, 169.513687
339.666473, 164.230255, 169.210190, 172.160416
343.418915, 165.557831, 168.184280, 169.425583
344.085480, 168.099518, 163.253891, 157.304520
348.044159, 164.073135, 166.916428, 169.039566
346.871185, 166.384827, 164.174728, 159.444580
349.983673, 167.903366, 164.649170, 160.526047
352.776703, 167.852722, 164.015427, 161.080231
358.002625, 164.005630, 171.475372, 174.387817
364.138763, 167.095062, 164.126022, 167.580383
364.333618, 165.126465, 171.548828, 174.056931
366.849731, 165.078857, 171.598206, 175.019150
370.571259, 167.217712, 169.494186, 170.890457
369.586700, 165.467255, 173.064240, 176.072006
371.746094, 164.465591, 175.079971, 179.597839
373.218689, 165.662506, 177.169586, 182.953598
373.613861, 169.563446, 169.857483, 171.953568
378.948517, 167.726273, 176.747131, 180.931839
379.472290, 166.491837, 178.271317, 187.109375
385.684998, 169.074966, 175.126694, 184.444763
387.134338, 170.834137, 176.158493, 184.527939
387.226868, 171.049011, 181.855484, 183.966721
392.858429, 169.389236, 177.320587, 181.120773
388.074738, 171.459747, 180.359421, 187.289612
389.407867, 172.216690, 179.275269, 185.998962
388.251129, 173.146393, 179.034042, 186.129425
387.435730, 174.003723, 177.893600, 185.628510
386.242889, 173.106964, 180.007156, 188.835892
384.656555, 172.240692, 182.657211, 193.195541
379.495880, 170.565506, 186.186050, 196.267502
380.461517, 171.163239, 184.704453, 194.331039
378.601135, 171.271332, 180.469467, 192.813873
374.265686, 171.735046, 184.615997, 192.723099
378.281616, 171.583435, 181.939285, 194.312546
370.586609, 169.705399, 183.230164, 190.180283
370.140930, 170.085541, 180.246826, 187.209473
368.140900, 167.951141, 180.803741, 188.751343
368.425476, 167.479065, 180.880081, 193.750702
362.591034, 163.467682, 188.393875, 195.899933
360.613373, 164.121490, 187.095901, 193.414444
357.266663, 162.778549, 189.303299, 194.549652
356.394165, 164.243027, 183.517532, 195.673386
356.241882, 166.389221, 180.046509, 186.157761
352.692719, 164.285233, 190.326340, 199.692612
351.627441, 163.041992, 190.888397, 203.257965
353.385468, 164.348373, 185.802063, 199.637527
352.041595, 165.600281, 184.960602, 198.912125
351.458252, 166.426651, 186.189957, 200.283493
351.983704, 166.736588, 183.867828, 198.216599
352.435516, 167.448563, 182.730957, 196.537354
351.204437, 167.372833, 183.598877, 197.659042
350.416382, 167.401932, 184.190506, 198.049805
350.455383, 166.946411, 187.179230, 198.444611
351.690826, 167.111481, 184.652512, 197.914047
350.247467, 167.751038, 182.549149, 190.303299
348.734344, 167.588562, 182.811447, 189.715393
351.720367, 166.339157, 184.696198, 185.953110
348.446899, 164.437225, 182.302673, 188.361938
344.447571, 165.295425, 178.960434, 180.850067
344.745361, 163.864960, 178.550064, 184.501862
340.806396, 165.272217, 176.705017, 177.484131
339.565491, 163.604233, 177.187424, 179.490448
337.199158, 160.641968, 175.278580, 182.236740
336.360168, 160.703827, 172.467529, 178.861038
336.312103, 167.924622, 163.129959, 166.293106
335.549530, 168.304321, 162.970901, 165.923721
332.672852, 166.288208, 159.410995, 159.261520
330.782349, 164.611404, 159.549957, 159.554947
331.172363, 163.018204, 164.774643, 164.409760
330.445953, 161.764816, 164.431870, 163.956314
330.178284, 161.631790, 164.510025, 164.381729
332.806885, 161.919434, 162.732285, 161.060593
333.607483, 160.864456, 162.424286, 161.865463
334.730560, 160.399338, 164.559174, 162.971512
336.167877, 160.726318, 165.391922, 163.246017
337.198242, 159.706818, 167.487274, 165.419968
336.154144, 163.678955, 163.944763, 160.577637
337.110138, 165.875366, 163.901443, 161.111206
338.894623, 167.384003, 164.741852, 162.100388
341.013885, 164.756104, 161.606873, 167.633514
338.846954, 165.453995, 173.151382, 171.648880
342.463959, 170.114624, 162.743973, 157.595413
346.163666, 168.024811, 169.687149, 170.300735
349.360748, 167.322449, 171.331558, 173.121262
349.876190, 168.614105, 172.371918, 176.032074
351.846436, 171.615921, 168.614594, 169.030853
351.527069, 174.247543, 166.543686, 164.678238
352.115051, 173.082779, 167.034317, 165.126266
350.132477, 172.339767, 168.077362, 168.534683
351.386200, 171.663116, 167.431824, 169.295395
354.947510, 172.209335, 165.604767, 167.879074
355.816528, 172.035126, 166.326599, 168.010452
354.791504, 171.216171, 168.044571, 168.308777
354.596924, 170.544815, 167.617920, 170.614487
351.901398, 169.636108, 169.963058, 173.433594
351.717621, 171.073059, 170.131729, 170.499023
351.168060, 170.906052, 170.313431, 170.302246
350.393555, 171.573792, 169.333710, 169.989807
349.456879, 172.713074, 168.213867, 168.139740
347.797791, 172.597778, 168.149033, 167.857712
346.358734, 172.160461, 168.689224, 168.026764
344.698792, 172.223053, 169.117386, 168.040985
341.904388, 173.927795, 164.458511, 162.384995
340.887512, 174.083588, 164.713882, 161.866257
339.081848, 174.079910, 164.960953, 163.438828
341.283569, 173.114441, 163.412231, 165.904327
339.685883, 172.308990, 164.695862, 167.513245
337.634460, 172.485779, 165.781372, 167.436722
337.025909, 171.765503, 171.369049, 171.783157
337.176636, 172.257843, 169.578583, 169.602402
335.077850, 172.325470, 170.573624, 171.414993
334.111938, 171.643845, 171.743469, 173.789291
330.900787, 173.981110, 167.019012, 171.888885
331.150024, 172.422989, 165.574677, 165.881943
331.046356, 171.551453, 164.447327, 164.947037
329.751434, 171.972931, 165.725571, 166.877991
331.626190, 171.499252, 166.191727, 169.024353
327.619354, 173.163208, 169.707306, 171.434738
330.769928, 172.761627, 170.844330, 169.796097
330.668823, 172.670425, 171.140274, 170.370270
330.709442, 172.568298, 171.170258, 170.314575
330.157776, 172.157379, 171.887527, 170.742477
330.000031, 171.966507, 171.863708, 170.925476
329.822571, 171.853500, 172.398224, 172.288605
330.718964, 170.234085, 173.021149, 175.167694
324.926178, 173.429337, 169.398392, 169.729614
329.770355, 173.482040, 167.014069, 168.318787
326.595520, 173.913940, 167.959122, 168.039307
325.440948, 173.632889, 169.108093, 169.463028
328.038910, 172.931763, 168.266632, 169.673996
327.952209, 169.362793, 171.191772, 170.823395
324.059662, 172.351013, 173.021835, 172.762558
328.495392, 169.778641, 169.568817, 169.062347
328.076202, 170.013489, 170.111115, 166.473206
327.292236, 170.883591, 166.863388, 162.575714
326.419891, 171.932083, 166.510544, 161.456207
326.474823, 170.499619, 167.045883, 163.464417
325.863464, 169.228912, 169.494064, 167.307541
322.053802, 172.614227, 167.960983, 166.479248
321.679047, 172.036972, 168.142197, 167.271011
321.489716, 171.925507, 169.371964, 167.779968
322.976135, 172.784531, 168.811005, 165.524353
324.280060, 171.293442, 168.972336, 168.300232
325.177399, 169.228928, 168.793152, 171.210785
325.002930, 167.842911, 170.367172, 172.039139
325.927277, 168.974304, 167.865372, 170.307053
327.216248, 169.116119, 167.098648, 169.886719
325.514313, 168.234406, 168.080322, 170.753036
328.035553, 164.438812, 170.342194, 171.592896
321.837463, 170.974976, 167.368729, 166.233658
326.669128, 165.267303, 170.672287, 168.206558
327.031342, 165.569397, 170.331451, 169.648300
325.969452, 165.712433, 171.286880, 169.032974
329.277222, 168.403702, 168.018448, 164.584702
327.447205, 165.178223, 170.078644, 167.865051
321.817810, 169.481659, 164.146194, 164.690750
320.699982, 171.899994, 164.341568, 166.703278
320.951294, 173.222427, 161.210556, 165.320160
322.674194, 171.891052, 168.113342, 163.969467
323.080292, 170.982697, 164.905289, 163.088608
323.034576, 169.976105, 165.280090, 164.187225
321.813232, 170.040009, 166.541443, 163.842590
321.908081, 170.232513, 167.334549, 165.205826
321.538605, 170.347504, 168.962128, 166.764114
320.906464, 169.976547, 170.149277, 168.885056
321.226318, 171.459595, 170.889252, 169.992218
321.587158, 174.572342, 169.902100, 167.860428
321.310547, 175.213196, 171.011887, 170.211700
320.261536, 174.859070, 173.037872, 173.104584
320.622589, 175.295410, 173.138245, 174.274689
321.027130, 176.446442, 173.473999, 174.853836
317.302216, 174.655807, 174.134720, 177.635742
318.175476, 175.977188, 172.331467, 174.801819
321.170502, 176.624344, 174.939224, 175.457993
319.129974, 175.710297, 171.515121, 174.175034
321.463501, 175.389893, 175.509613, 175.026352
322.061829, 175.240143, 175.205429, 174.061676
322.435822, 175.605118, 175.323090, 172.969208
322.686066, 175.537720, 175.257339, 173.010269
323.216095, 175.465454, 174.959885, 173.434204
323.246338, 175.020065, 175.207352, 173.023834
323.674896, 175.438004, 174.238174, 172.709015
322.837891, 176.146301, 173.738037, 171.878113
322.726440, 176.535736, 171.442413, 171.532944
321.517883, 176.396362, 171.928253, 172.188248
320.177979, 174.913116, 173.625031, 174.880951
318.814484, 173.496796, 176.021896, 178.206360
319.964874, 174.002762, 174.118362, 177.501114
320.438873, 172.257263, 174.424362, 178.890244
320.783905, 172.310043, 173.170746, 178.523636
321.041321, 172.279007, 172.115860, 177.884888
320.911865, 171.717850, 172.342377, 177.173798
320.659882, 171.428696, 171.827042, 175.911316
320.006348, 170.926941, 173.455734, 176.792847
320.118683, 171.268021, 172.662292, 176.297043
319.793915, 171.059769, 172.785461, 175.054565
318.614227, 170.588348, 173.035767, 173.885498
318.672607, 170.297363, 172.929810, 173.961075
318.528107, 170.520798, 173.411057, 172.582947
318.903839, 169.601166, 173.834244, 173.519363
319.185394, 169.122055, 173.752457, 173.207535
318.630585, 168.862244, 174.286819, 173.336700
318.647156, 168.140289, 173.995880, 173.833221
317.985596, 167.676514, 174.277496, 174.327820
317.645294, 167.531860, 174.635590, 175.064163
317.516815, 167.330551, 174.995636, 175.609634
317.687378, 167.051224, 174.723541, 175.626282
318.557556, 166.818756, 174.177917, 175.299026
319.532013, 166.763992, 173.840195, 174.717606
320.104095, 167.970062, 173.424011, 174.649460
320.433411, 167.918182, 172.413727, 175.091232
321.039154, 168.019409, 173.103119, 176.631348
321.873505, 165.262314, 172.893906, 175.595352
322.922791, 165.346344, 174.447083, 175.922318
324.669586, 167.282562, 172.271957, 175.750595
325.195374, 167.705338, 172.825470, 175.465057
325.446259, 168.022736, 174.204056, 176.783005
326.549744, 170.283493, 170.332932, 173.015640
329.108765, 172.421631, 168.993164, 168.178741
329.676270, 171.818298, 169.860107, 169.331894
328.598572, 169.851044, 174.257370, 176.800293
331.657135, 171.545776, 166.707977, 170.061996
332.024902, 171.301239, 166.545929, 170.948471
331.858704, 170.881393, 167.239914, 171.910690
332.484589, 170.417221, 168.118759, 171.869217
332.460175, 169.871185, 168.316162, 172.518585
332.355865, 169.507767, 168.332382, 172.607651
332.005341, 169.123489, 168.437286, 172.795502
329.867920, 167.767044, 172.627792, 178.261581
329.334900, 167.635132, 172.462814, 177.222855
330.577118, 168.851517, 168.796585, 172.894745
327.111298, 169.099075, 172.976624, 176.541153
327.000000, 171.245483, 166.721619, 171.321182
326.771637, 171.739487, 166.418015, 170.770966
325.815948, 170.451904, 167.064651, 172.290024
324.858795, 169.532532, 168.493988, 173.391022
323.378937, 168.740540, 174.583893, 175.733627
324.169617, 168.717117, 172.677063, 174.145676
325.411163, 168.548431, 171.295776, 173.795166
325.561371, 168.017471, 172.559586, 173.502518
325.108826, 167.982468, 173.371170, 174.103531
325.081848, 167.930084, 173.224182, 173.682053
324.929535, 168.055084, 171.595718, 175.349442
324.653046, 168.230362, 171.062454, 177.389008
324.522583, 167.927216, 170.299850, 177.218079
322.932068, 171.156937, 170.066925, 173.424957
323.199585, 173.236359, 167.310699, 170.541168
322.566162, 174.956146, 168.215439, 169.493790
321.568848, 176.046310, 168.523163, 169.882874
320.608307, 174.717606, 170.985016, 173.525482
320.725616, 175.604553, 170.506363, 174.563019
319.296417, 175.741089, 171.828873, 175.338608
318.226288, 174.820175, 172.614746, 176.488800
318.343597, 175.710846, 171.651352, 174.441437
318.248810, 176.330917, 170.733276, 172.496796
318.532776, 177.590881, 168.368103, 170.708420
317.789093, 177.258087, 167.221039, 170.892593
316.569092, 178.831955, 167.831573, 171.247955
309.767059, 179.685501, 171.846359, 172.203156
315.254547, 180.501068, 167.375214, 169.257309
316.199493, 180.944778, 167.184311, 169.794464
316.641052, 178.851578, 168.086441, 170.057907
316.978790, 179.054398, 167.557236, 169.591156
311.211060, 177.681168, 173.200333, 174.676147
316.044678, 177.497055, 169.391113, 168.550522
315.698792, 177.369537, 170.217163, 168.743729
315.191681, 177.893417, 171.077698, 169.646591
314.299133, 178.195953, 171.512894, 171.723129
314.194580, 178.561676, 171.606079, 173.343903
313.335632, 177.988220, 171.637650, 175.251938
