538.241455, 140.082809, 118.699570, 102.554756
540.667114, 142.698273, 120.116081, 103.790344
543.340149, 139.748520, 118.712418, 104.138145
545.103149, 137.145355, 120.383354, 105.083740
548.289124, 138.451035, 118.604614, 107.016380
551.048828, 141.526596, 116.072006, 101.584129
552.597778, 141.578888, 117.968758, 105.052185
551.408203, 142.464233, 120.794540, 106.186485
553.786377, 146.230392, 114.191948, 101.698311
556.004456, 147.653107, 118.125008, 104.893349
556.367371, 143.333496, 117.617302, 103.872841
559.553589, 141.444519, 116.368767, 102.101875
561.712402, 133.425781, 118.992172, 105.177910
565.382751, 132.129852, 122.725876, 107.898056
570.304565, 129.616409, 124.115173, 108.457558
573.461182, 126.429657, 119.674911, 104.830856
578.683594, 122.562561, 122.953209, 108.284744
583.185913, 118.004532, 124.566299, 111.013771
592.942139, 114.960571, 124.085121, 110.492012
601.614136, 115.510712, 121.096397, 108.279182
608.103699, 112.512375, 122.985779, 111.590157
613.830261, 111.758347, 124.478973, 107.511276
621.561829, 105.155617, 132.204468, 120.627632
631.366821, 109.556015, 121.743668, 110.734154
644.289368, 112.253052, 116.752792, 103.815407
652.943115, 111.514961, 118.013176, 105.912842
657.282410, 111.293892, 119.085548, 108.689629
667.356689, 115.014938, 114.357025, 102.428688
673.374695, 111.410202, 116.507187, 112.781723
677.615601, 113.634949, 118.353096, 110.046059
692.477051, 114.519279, 112.186890, 107.074936
688.595764, 114.393547, 120.907570, 109.697609
690.565125, 114.726753, 122.610138, 109.220619
693.580872, 115.618881, 122.949615, 109.580070
693.236206, 121.072342, 121.327576, 107.285393
693.847839, 114.998428, 120.013634, 106.790001
694.649048, 118.543869, 117.222382, 101.317207
683.847412, 119.012161, 121.798172, 108.938522
680.412415, 122.134468, 121.615074, 107.135811
679.255066, 124.386337, 116.612854, 103.648102
677.640869, 123.391022, 117.078789, 104.560745
663.514099, 116.259872, 122.982315, 108.473221
663.524658, 122.296509, 118.963058, 101.090164
662.107056, 122.313660, 115.662148, 102.911934
658.174133, 122.698662, 116.548523, 102.122833
657.527344, 121.694427, 115.444016, 103.249069
648.795654, 120.931152, 121.639519, 112.475449
655.913025, 120.950928, 112.671791, 103.601761
655.185242, 124.112541, 111.222069, 100.679131
655.404907, 119.400299, 111.800034, 108.855415
656.773621, 120.064026, 107.632652, 107.592018
653.981079, 125.472466, 109.116577, 107.678749
647.235779, 130.318909, 111.541389, 107.317596
643.160461, 127.715683, 114.609245, 113.686981
640.936157, 135.718536, 113.081581, 108.135277
641.670166, 133.690933, 113.786247, 112.728180
632.780945, 135.426910, 114.415939, 105.787430
628.882202, 126.469681, 124.976410, 118.922905
629.838684, 134.230148, 115.143410, 108.142891
623.953003, 132.806152, 118.504753, 109.892685
623.446533, 129.612366, 120.633301, 113.954979
625.810608, 131.468826, 110.385910, 106.934586
617.464966, 130.669113, 115.303009, 113.414589
614.324646, 130.397400, 116.527481, 114.422447
611.766541, 131.704010, 114.580513, 111.935509
611.188049, 132.752731, 109.901260, 107.298790
603.329102, 134.752640, 112.534058, 105.041237
603.463379, 136.227951, 109.639282, 101.548706
599.478333, 137.849945, 110.587219, 103.966438
591.169800, 142.574677, 117.852631, 102.546379
590.028748, 138.789169, 115.335709, 105.488327
592.297974, 146.368454, 109.793335, 103.191933
584.778442, 149.198257, 121.039818, 105.173561
584.514160, 148.451035, 118.992485, 107.558540
580.224854, 154.944992, 118.993118, 104.253159
583.320435, 157.011322, 119.221390, 104.351364
579.477295, 156.145935, 122.573967, 104.374069
584.305420, 156.759567, 115.839386, 103.092537
584.657898, 159.218887, 118.231682, 101.817619
582.899414, 157.408142, 120.428909, 102.785057
576.022156, 147.307526, 129.668015, 112.557022
584.326782, 156.332718, 116.107857, 99.375931
581.624634, 151.093750, 123.943794, 104.829933
581.927002, 152.167206, 120.898186, 101.480621
588.433228, 152.188766, 118.411751, 101.648048
587.558044, 149.180862, 118.301178, 101.988274
583.985962, 146.769516, 122.945580, 107.047264
582.628479, 146.953949, 122.405869, 104.825317
588.129150, 143.839264, 112.073288, 100.088753
586.642273, 139.542374, 115.400986, 106.169434
585.588379, 138.224289, 118.235901, 104.399429
586.180115, 134.970810, 116.634277, 109.458893
579.725464, 133.823471, 120.880669, 117.593513
581.087158, 134.425812, 116.528931, 110.038704
575.960510, 128.884796, 125.066887, 117.583107
578.241028, 128.678192, 127.634598, 119.124916
577.145569, 130.654251, 121.578468, 113.898933
581.751404, 134.058701, 115.279190, 111.438461
579.989197, 135.114426, 118.148705, 113.689285
582.451355, 142.693817, 112.796860, 108.690765
574.177734, 141.594147, 118.470032, 114.707939
569.475342, 138.221466, 126.590324, 121.432091
571.623413, 144.409592, 116.808868, 113.184212
574.849304, 149.980743, 118.647018, 109.349915
574.988342, 149.332642, 111.576355, 108.631729
573.464783, 151.707703, 109.819611, 105.378151
573.273438, 152.258698, 109.383850, 106.339874
572.186096, 152.661713, 111.294151, 105.698280
574.188049, 154.058990, 113.323715, 105.297745
569.347717, 153.099442, 117.659767, 109.448387
566.889038, 152.283310, 119.833122, 111.540848
568.464417, 155.565979, 116.990578, 109.344429
561.420898, 156.490936, 118.538460, 107.706139
557.801453, 162.843155, 118.155571, 103.145103
549.200867, 159.195770, 121.451126, 105.489243
550.457336, 160.092285, 120.509239, 106.549240
549.734192, 158.105820, 122.503090, 109.072098
552.904480, 164.398605, 117.631035, 102.074127
560.007690, 165.130585, 114.244560, 107.245056
563.353760, 166.076202, 108.875450, 103.690231
564.091064, 163.420670, 111.300323, 105.638031
565.045471, 159.796204, 110.597046, 106.912544
566.335144, 158.835892, 112.015511, 110.317108
565.054443, 155.408997, 116.221519, 109.909706
565.316162, 157.002899, 114.490227, 112.903717
566.089172, 156.398132, 114.736580, 113.705971
566.977112, 155.276825, 113.959579, 110.525528
563.169189, 144.810135, 122.573212, 113.970383
562.905518, 143.047089, 122.562187, 117.340225
563.854553, 146.242081, 119.049255, 114.322166
565.469849, 153.461166, 113.951576, 112.902962
564.509705, 151.874176, 116.647316, 112.272858
563.164673, 150.936432, 117.554108, 110.043480
561.903992, 150.445541, 116.123543, 108.810562
558.448181, 150.712280, 121.222290, 109.995140
558.162292, 151.517838, 122.198074, 109.691811
557.415222, 150.723251, 121.991035, 115.509674
557.996582, 153.282990, 120.237747, 114.108025
563.467163, 155.237610, 114.278770, 106.583839
557.874268, 152.342041, 121.961296, 115.562256
561.339661, 150.908813, 117.767761, 110.293388
562.064148, 151.215424, 116.030731, 110.791519
562.922424, 152.746521, 115.579163, 108.332382
559.258362, 152.113403, 119.685371, 110.651756
559.306641, 153.111176, 118.142021, 109.619759
564.791931, 153.776886, 115.801514, 106.879425
564.265320, 156.978592, 115.152672, 105.299423
562.402832, 154.991989, 117.173424, 106.364212
562.297180, 157.228180, 117.612953, 105.982269
563.525269, 156.583923, 118.405449, 106.717209
564.496033, 158.713715, 120.614403, 105.389381
562.452026, 160.295654, 120.741234, 106.943741
559.323486, 158.217361, 123.659134, 109.214516
562.504761, 161.434753, 120.000778, 107.205322
562.711914, 161.424561, 118.296959, 105.027542
563.143494, 159.400543, 119.953522, 105.906624
564.348145, 160.648621, 117.637085, 106.849358
562.427551, 159.914978, 120.099953, 105.547661
566.342896, 162.329254, 115.998100, 103.749542
565.567261, 161.240372, 116.178360, 104.508308
562.702148, 159.784637, 120.667267, 105.280144
565.377808, 160.353760, 118.597878, 103.541588
561.108582, 157.569809, 122.968582, 108.424942
562.210388, 154.846695, 123.698257, 113.327675
563.024231, 156.300156, 121.685699, 109.267548
566.042664, 156.390488, 120.650375, 110.245224
566.028259, 156.058884, 121.222290, 110.034538
564.352295, 155.364182, 127.479156, 110.912003
563.504700, 158.003647, 126.553215, 109.424614
564.432800, 159.011215, 121.965263, 113.050186
564.089050, 155.522461, 128.710312, 117.589554
564.211914, 160.299896, 123.451775, 114.922485
566.944092, 160.815521, 121.915169, 114.161697
566.619141, 162.396805, 120.710175, 114.836975
569.059021, 162.887070, 118.308357, 109.967644
569.169312, 164.010666, 115.940887, 107.824661
568.693909, 166.047745, 116.501396, 106.220810
568.962891, 167.977814, 115.361412, 104.637344
566.563965, 165.759583, 118.370865, 106.592865
564.523987, 169.285370, 112.901955, 101.262833
568.187256, 164.891251, 116.011833, 103.062958
565.685181, 162.776611, 117.745834, 104.102341
565.808960, 163.879028, 115.580612, 100.149162
563.408142, 162.694519, 115.228531, 103.091301
562.767395, 161.924332, 114.298241, 102.546463
565.503479, 161.498032, 114.066124, 107.725349
562.695801, 162.936249, 113.353081, 103.233681
564.241211, 160.306717, 119.380981, 109.578911
563.015076, 162.707581, 117.285324, 109.162338
561.556519, 161.009003, 119.025940, 111.278702
562.185486, 161.496826, 118.493347, 107.146141
560.840149, 160.025009, 122.270973, 109.521645
564.342468, 160.079956, 118.901947, 108.343620
563.490479, 161.722931, 120.304031, 107.360245
560.306458, 163.295410, 119.309219, 108.104286
561.183899, 164.628082, 117.903732, 106.141273
565.801819, 163.823135, 119.445313, 106.865639
565.976746, 164.739334, 120.626183, 107.375038
566.437805, 165.175339, 121.077560, 107.471870
568.915771, 163.380417, 120.309700, 106.486084
570.010498, 163.567749, 115.986816, 106.348969
569.126648, 162.703079, 115.509735, 107.214722
569.638062, 161.200104, 115.584335, 108.000206
567.243958, 162.676025, 117.421669, 108.217079
566.906494, 162.169220, 118.953545, 110.860001
566.657410, 163.364090, 119.904251, 109.898857
563.244873, 161.667267, 122.882385, 111.890823
565.262268, 163.959946, 121.041336, 110.164520
562.450562, 162.468521, 122.418785, 110.436562
562.330017, 163.394562, 122.290375, 110.380836
563.052307, 165.809082, 118.529762, 107.744942
562.858948, 166.307388, 122.031799, 113.424561
561.447815, 167.157394, 121.234451, 107.586464
558.601074, 168.188538, 121.782166, 113.455879
556.440613, 169.633087, 126.688744, 112.599777
557.000854, 165.855545, 125.546051, 110.559174
557.214966, 167.854065, 122.267632, 107.999176
553.695190, 165.588043, 125.190948, 110.477287
556.257080, 166.359497, 120.511322, 107.265541
554.854431, 168.461945, 122.057693, 107.555428
556.211853, 164.485260, 118.067108, 104.320847
554.898682, 169.207870, 122.272171, 105.665047
557.260132, 164.742035, 118.507713, 110.299278
559.790649, 165.056412, 117.624359, 111.153992
559.733704, 165.837952, 117.577988, 109.545677
560.027405, 167.113312, 118.305527, 104.896210
555.461243, 166.847031, 124.568062, 107.848999
548.606750, 162.721451, 125.718941, 111.694374
548.258240, 160.710083, 127.136147, 114.042191
556.510010, 165.940735, 117.007904, 107.478622
550.111755, 165.099487, 124.113594, 112.906319
550.557251, 164.800598, 124.414017, 112.787094
551.790222, 163.027588, 124.183723, 109.509201
554.415710, 162.600845, 122.979919, 104.446571
557.938721, 161.373642, 119.949997, 106.507439
557.593384, 162.907501, 118.772972, 102.831856
559.753357, 154.515259, 120.462112, 108.472961
563.194214, 165.679291, 120.182930, 102.287796
564.306396, 165.169647, 118.894569, 103.090714
563.608276, 165.594940, 123.849472, 107.047356
574.819580, 164.773865, 116.225739, 111.988548
577.285156, 162.960419, 118.871201, 112.849388
577.690430, 165.456390, 120.817657, 112.293633
580.309570, 165.486771, 124.449173, 109.587128
590.108887, 170.166138, 116.808929, 105.348808
590.763367, 168.095886, 117.880486, 105.856125
594.864746, 165.532471, 115.463547, 111.231880
602.400208, 167.743637, 114.095360, 108.845795
603.773010, 167.242920, 110.369087, 106.020958
608.445923, 167.728348, 110.781593, 108.321777
601.802795, 173.483307, 116.970039, 103.521446
610.857727, 167.629547, 108.043770, 106.357552
604.315491, 169.235168, 118.746758, 106.347763
604.545410, 171.347916, 117.108589, 108.179611
602.214478, 172.395142, 119.492256, 105.244949
600.737366, 172.577255, 120.289604, 108.014435
598.252563, 171.421021, 121.692001, 109.403717
597.278992, 166.843201, 119.091339, 112.172424
595.872314, 168.024063, 119.643974, 114.252441
595.099487, 171.933411, 119.498489, 107.158531
593.760986, 171.259491, 121.085121, 107.808052
593.505371, 170.852020, 121.022118, 107.624863
589.180664, 167.377274, 123.033478, 112.749847
592.996521, 169.704834, 119.606987, 111.361824
589.893127, 166.673920, 122.098396, 116.134651
587.314636, 170.324158, 123.600281, 110.414589
587.080200, 170.992401, 122.736839, 110.742104
585.092957, 170.214752, 122.301147, 109.780754
589.657715, 172.198257, 120.220039, 109.928001
591.255310, 172.935913, 117.128433, 108.970505
584.676636, 171.854553, 120.987968, 109.202667
585.023193, 173.229095, 119.081322, 108.287727
586.920837, 174.659912, 120.064667, 110.155022
586.315674, 174.785339, 119.754547, 110.897179
585.269775, 172.910431, 119.812325, 113.100792
586.362244, 174.909821, 119.450417, 109.854187
583.176575, 174.186447, 122.774391, 112.999947
581.449646, 173.990631, 123.911537, 113.329933
580.456665, 174.767990, 123.620255, 113.330238
576.582458, 175.038742, 123.584282, 109.043663
581.623535, 172.119370, 122.769226, 112.624504
576.223083, 171.739792, 123.535446, 112.952194
576.685303, 171.839264, 122.552673, 107.405609
575.939514, 171.248520, 116.202614, 102.710617
574.060120, 169.204147, 124.928902, 109.386375
572.738464, 167.138962, 120.030899, 105.904716
572.858582, 170.192535, 121.877808, 108.284012
570.460388, 166.742401, 121.456673, 107.419701
574.505249, 170.279190, 120.130699, 107.518417
568.546143, 168.471710, 124.961601, 110.636391
568.540283, 172.011047, 119.850883, 104.370003
567.882690, 171.714264, 119.059525, 103.632774
569.314819, 170.898346, 120.983742, 107.443283
563.827881, 168.885056, 123.496071, 109.415710
565.861572, 170.720245, 119.196625, 104.149956
561.518188, 167.174088, 121.054565, 107.381874
562.925537, 169.658966, 122.863235, 111.029671
559.224365, 165.635620, 125.704514, 113.506546
550.086121, 160.208771, 138.473938, 123.042107
556.511475, 164.983032, 123.632355, 113.230469
554.093323, 166.874847, 124.386856, 113.842445
553.901489, 166.335114, 129.631332, 113.414886
556.713989, 163.987427, 122.519279, 111.186813
553.460388, 166.851410, 125.286842, 109.802292
556.283386, 164.768524, 121.896210, 112.637558
553.638794, 164.068680, 121.817635, 108.220543
554.601990, 163.725861, 121.955688, 108.383453
556.996582, 165.496796, 120.154892, 107.816200
556.477478, 165.523743, 119.746040, 107.121819
557.991699, 162.613983, 123.206993, 111.218857
555.253113, 159.447784, 127.699112, 114.644287
556.691528, 165.796143, 125.409958, 109.994583
557.237854, 160.834366, 123.040596, 113.261391
562.355896, 160.781830, 121.567627, 114.407600
558.535950, 158.662079, 126.396393, 115.094803
556.687195, 162.730560, 123.218086, 105.661331
557.374084, 163.307007, 122.521484, 118.267670
558.082947, 159.551880, 120.671295, 110.545547
557.766663, 157.074127, 125.167633, 118.392578
554.601929, 162.500793, 123.329231, 107.149239
554.225647, 163.615875, 120.811867, 109.043320
558.484558, 165.627563, 117.170464, 108.518929
555.793213, 162.227844, 124.821793, 114.849724
555.592346, 165.800171, 124.410042, 115.013245
551.750854, 164.343445, 120.651955, 110.809883
551.822449, 166.022247, 117.739723, 106.792435
554.421692, 167.957504, 118.967537, 107.381248
550.427856, 164.167725, 122.857750, 110.900246
545.707520, 163.769180, 118.573997, 108.371674
543.735962, 165.307007, 116.237335, 105.564941
543.536560, 167.686371, 120.547112, 104.596054
544.837585, 164.727890, 125.244690, 106.801544
542.103027, 158.466492, 116.651604, 107.348999
546.147644, 160.917816, 113.331406, 103.041656
546.087891, 158.237000, 117.313927, 109.618156
546.033936, 158.203522, 117.460670, 103.919464
547.228699, 157.575439, 117.097687, 110.166443
546.681641, 161.608521, 114.251236, 104.916924
547.505371, 163.359268, 115.018974, 103.734604
549.624512, 164.453186, 120.188538, 109.786995
551.322449, 171.982361, 114.966614, 104.462051
548.517212, 174.032639, 116.401840, 104.872795
548.393860, 176.351379, 120.967049, 107.716026
546.578735, 175.676651, 116.015549, 107.338402
546.601318, 173.882706, 123.235725, 108.860191
551.006775, 172.902969, 121.178749, 106.411308
551.099548, 168.669678, 121.556221, 107.458374
554.669617, 165.631561, 120.442459, 105.311577
557.537964, 163.749481, 117.883949, 110.344421
557.277954, 163.682358, 119.662498, 108.190811
557.195007, 163.198273, 119.931412, 109.033318
558.213013, 166.588455, 120.033546, 108.074188
562.509338, 167.349625, 119.060913, 112.394455
563.189514, 170.800659, 122.271729, 113.883667
565.973145, 175.006348, 119.618332, 111.038872
568.668884, 178.596146, 123.298164, 114.150871
572.367004, 177.817505, 118.241386, 107.445030
576.310364, 177.262207, 115.584648, 100.883415
580.292969, 173.047089, 124.719536, 109.889465
584.579590, 166.766266, 120.078720, 105.922874
584.990723, 161.219376, 126.264893, 110.004761
593.212036, 157.530365, 127.338966, 114.058464
598.608948, 155.114944, 124.624016, 110.066162
604.230042, 150.647247, 126.917641, 115.161797
616.935669, 150.316437, 125.343483, 115.607529
624.464661, 147.625504, 124.234383, 113.146057
632.814453, 147.139099, 121.715881, 115.002220
634.583252, 144.521637, 126.975609, 113.519424
646.423340, 143.595642, 121.728294, 109.739914
645.568481, 146.098846, 123.231949, 107.905594
658.809265, 146.107544, 116.018639, 109.176102
654.595032, 143.000397, 125.748367, 115.639427
658.327148, 147.086060, 120.739975, 112.454056
667.445557, 146.095078, 117.952560, 110.452789
664.861755, 144.483292, 119.775215, 116.305901
664.985535, 149.017014, 122.129143, 110.009842
662.071899, 148.051361, 124.179878, 115.555054
667.117798, 149.539047, 118.615074, 111.190727
668.268188, 146.022217, 123.824524, 121.394440
670.059204, 145.253281, 125.418968, 123.141998
669.405518, 146.327393, 126.186012, 122.641479
670.113037, 146.227783, 123.979393, 121.353416
671.922913, 146.506546, 124.498505, 115.265396
674.200073, 145.887772, 122.870796, 115.116043
670.323853, 144.889633, 119.822594, 111.720581
672.081970, 144.770386, 121.571472, 111.713120
606.527222, 535.012512, 24.488520, 24.405384
668.994873, 139.301239, 122.468117, 114.153816
670.177124, 139.970642, 120.875183, 110.608635
668.052734, 133.998032, 123.927162, 114.912712
667.081970, 135.177689, 125.313309, 109.957802
668.424744, 132.991806, 124.879318, 114.683220
668.385925, 131.733032, 124.490822, 116.117493
666.882690, 134.713776, 122.999893, 115.494911
661.309875, 135.972412, 122.293777, 108.799011
658.824463, 131.353790, 133.787689, 124.328049
657.363037, 136.990570, 124.144531, 111.134666
656.858643, 137.339172, 124.707748, 114.462479
656.455872, 136.905502, 122.582413, 111.994591
649.259583, 135.976135, 123.094215, 108.052887
651.609863, 135.686050, 119.164619, 112.862419
649.515869, 135.919769, 117.865173, 116.600441
643.337769, 136.067245, 122.194984, 112.101341
642.788574, 132.922379, 121.819336, 113.153305
638.814453, 135.242096, 119.858322, 107.778473
638.653625, 134.685394, 122.267822, 110.370903
630.889526, 128.280899, 127.875282, 118.861664
631.335144, 132.841614, 124.576447, 117.742607
636.154785, 135.848419, 120.691650, 107.370979
628.343567, 132.664200, 125.802048, 111.169632
625.719421, 132.799759, 122.123283, 112.159737
623.908997, 135.593964, 119.627907, 106.172554
619.609558, 134.734619, 124.107361, 106.970284
618.310913, 134.410446, 122.219238, 109.139557
617.527710, 134.463837, 121.497566, 108.569969
614.020691, 133.329834, 125.827942, 110.634079
615.189453, 137.345245, 120.874619, 104.761467
614.371521, 133.365555, 120.946129, 108.228233
607.354736, 135.324249, 126.636131, 108.347122
610.449768, 136.423462, 123.045197, 110.823746
608.891907, 137.496323, 124.747383, 110.942192
606.293396, 137.321915, 125.197815, 108.137711
606.348816, 136.677612, 124.326180, 112.104607
603.535156, 138.309799, 122.231903, 109.458771
602.663757, 141.186600, 120.644516, 109.289230
598.808228, 140.823792, 127.099861, 115.184929
600.999207, 142.379608, 121.429451, 114.830421
600.189270, 139.705597, 124.431274, 113.402771
598.512573, 139.313751, 124.629120, 113.636337
598.359192, 140.928802, 124.507515, 112.780693
596.208252, 141.305756, 124.287621, 111.908081
599.559448, 137.624817, 121.954170, 114.663185
601.842957, 142.560699, 118.232246, 112.618637
596.883484, 135.870819, 123.582008, 117.450264
596.740234, 141.019577, 126.230370, 111.318016
596.790222, 139.469452, 121.172386, 108.567635
596.162903, 141.400833, 130.013657, 118.866158
595.668701, 141.663681, 129.998596, 117.744698
598.823059, 140.183838, 124.105095, 117.627220
598.849915, 139.706543, 124.615257, 113.711426
597.898499, 139.249451, 126.221863, 115.467751
600.890991, 140.601929, 121.537514, 109.410728
603.306763, 140.348419, 121.527748, 112.485107
598.993286, 141.197571, 120.197235, 106.189507
599.245789, 141.121765, 125.579758, 107.263405
597.659546, 139.142883, 125.485123, 115.089317
597.798340, 139.558411, 127.559113, 113.828712
598.978088, 140.715637, 128.079865, 119.346710
599.081970, 140.731384, 125.980042, 118.117500
598.996643, 141.282959, 127.240929, 123.589882
597.743164, 138.258255, 129.476715, 125.222260
599.290955, 140.238129, 126.594353, 115.518074
595.674011, 139.057297, 128.503647, 118.574425
598.447449, 137.066986, 125.094551, 114.401733
596.791443, 134.896591, 126.432495, 111.524658
601.505310, 138.036377, 126.402504, 114.394760
608.638184, 139.245209, 116.442986, 109.111656
608.978455, 138.186783, 116.800110, 109.497253
600.221802, 136.721237, 124.741020, 111.004524
602.269958, 138.210464, 121.294434, 110.500359
600.941162, 136.907196, 122.691536, 108.169395
597.088196, 135.495499, 128.752274, 111.130577
598.483032, 137.010574, 125.035072, 107.961861
599.981323, 140.383102, 120.913872, 105.640694
599.457642, 138.225250, 122.995102, 105.334846
601.515442, 140.242950, 116.079880, 107.355965
598.413208, 140.841705, 120.543900, 103.501999
591.556091, 134.846893, 126.518242, 113.781143
594.022705, 143.244522, 118.627487, 104.690826
591.160645, 143.705353, 124.501656, 105.814384
592.224182, 141.863251, 123.166862, 109.982460
592.919983, 142.034637, 122.449219, 112.139427
594.169189, 144.604797, 121.461586, 110.949646
590.505554, 143.534103, 121.677765, 115.877365
592.307373, 144.321365, 120.357903, 114.204369
589.291626, 143.493240, 122.625191, 115.444344
587.676147, 140.075500, 124.885933, 117.952629
586.593689, 143.007904, 124.194496, 115.865387
586.213257, 142.153442, 124.657974, 119.141113
585.586731, 141.768219, 125.504280, 119.012749
585.020020, 140.441376, 124.441483, 118.796707
587.059448, 146.281723, 118.391273, 108.351334
587.627563, 143.153107, 118.992737, 113.162209
586.862427, 142.565735, 120.583336, 114.875664
580.058472, 138.504303, 126.670219, 118.793953
580.084106, 137.747833, 126.894897, 118.639168
581.708618, 143.810425, 120.688309, 112.592834
579.789246, 141.207855, 121.497246, 113.271767
582.878540, 136.244110, 121.391083, 110.888123
579.766785, 133.748474, 125.993965, 117.234657
581.181458, 130.587158, 128.713577, 118.068230
584.645874, 139.312973, 119.366493, 109.839737
585.923340, 140.984283, 120.672935, 108.681816
588.581726, 140.630005, 122.248413, 112.236008
587.762817, 134.627167, 129.889603, 122.886551
595.394653, 138.868454, 122.221954, 116.728683
584.530579, 139.384125, 137.536835, 129.116531
585.972900, 141.541031, 126.840210, 117.703056
596.072754, 140.905731, 118.384216, 118.395393
597.617737, 144.620148, 113.508331, 110.057777
597.174988, 146.556503, 111.858124, 106.748360
590.503845, 147.688721, 120.078148, 111.882332
593.934387, 147.725433, 112.659943, 108.422188
590.075073, 151.822067, 114.051445, 108.239044
590.552429, 151.933487, 110.488800, 105.889099
589.156311, 152.351669, 112.843987, 107.477203
586.352051, 152.213913, 114.275940, 111.918190
580.350525, 151.106354, 119.362778, 106.690544
571.444153, 147.426453, 129.209000, 118.695114
571.200562, 148.893738, 127.906090, 113.671700
570.044250, 146.143295, 127.681664, 114.691574
571.983337, 146.388153, 123.657051, 111.290123
576.332092, 146.212128, 119.492569, 110.063728
575.681458, 147.070465, 121.593964, 107.574196
576.304138, 144.698090, 120.234032, 109.642426
574.834106, 143.487579, 124.185989, 111.388062
579.928772, 145.396164, 121.848824, 108.514023
580.582703, 144.461929, 121.852036, 110.389526
580.601074, 146.888184, 117.211601, 109.440262
579.972778, 145.841049, 120.676903, 111.773224
581.464844, 149.352325, 119.074265, 117.471909
576.378052, 147.051498, 126.122749, 116.810303
579.545959, 150.024261, 122.980423, 112.868950
576.228455, 150.719391, 125.373726, 112.080360
580.588928, 151.671448, 120.978134, 111.007172
577.688782, 153.873810, 122.695694, 108.319466
579.649109, 156.319229, 120.626686, 108.510971
579.487122, 157.534424, 119.834190, 108.142960
586.068420, 154.042755, 112.090683, 108.702545
585.554138, 157.053833, 114.241096, 107.551048
581.418762, 155.278412, 114.824974, 112.256554
579.760193, 158.684875, 117.890121, 111.419205
576.886597, 166.851288, 118.734726, 105.761261
581.181885, 163.069870, 116.265373, 111.583458
573.827576, 165.555267, 119.757256, 109.263161
568.296509, 165.959503, 120.343788, 110.342537
569.045471, 164.129501, 118.249954, 110.160286
563.382874, 164.334900, 122.987289, 114.313339
557.224670, 164.771286, 124.968285, 115.968781
548.269592, 166.215195, 125.257164, 114.933144
541.411682, 168.659302, 121.596230, 111.342163
531.682373, 167.011581, 126.057159, 111.680878
522.243469, 167.033539, 129.417801, 112.899216
514.809448, 169.457352, 132.686722, 111.619270
515.271729, 169.510742, 122.530182, 106.640778
514.259338, 167.730728, 118.859795, 108.411331
510.291992, 170.179291, 123.526123, 106.495293
508.376587, 170.608795, 120.477043, 108.676117
507.671509, 169.028473, 123.824936, 114.818703
502.265686, 164.573318, 125.277298, 115.235558
500.344116, 166.868393, 123.892982, 117.129715
500.757996, 170.135666, 122.391441, 115.325050
492.717041, 170.161438, 129.930710, 119.145767
493.229462, 168.343338, 128.132355, 119.163887
496.847809, 162.350174, 123.788956, 120.961441
493.839996, 168.871780, 123.544998, 114.852242
494.400940, 164.275009, 121.867630, 117.383286
492.037933, 168.273575, 123.425598, 113.887260
488.866760, 158.749573, 125.273109, 120.767654
489.357025, 159.523499, 122.034950, 116.170456
492.742676, 158.406311, 125.380943, 120.075317
488.093994, 155.067902, 128.661880, 122.219345
492.179138, 157.521881, 121.587288, 118.167610
490.367889, 154.499130, 124.746597, 120.346352
494.343781, 156.801346, 123.505707, 118.734871
495.446747, 162.115540, 119.780411, 110.219109
494.414429, 162.283386, 118.825737, 111.204239
496.580994, 157.462570, 118.080620, 116.300766
496.505493, 152.748444, 129.097168, 121.952576
499.425751, 153.412354, 127.178047, 120.582954
504.772705, 155.682968, 118.834183, 117.146614
505.375153, 158.002304, 116.957024, 114.625481
501.808228, 151.947021, 128.497131, 123.892456
506.887451, 159.614853, 124.787010, 113.089615
508.989258, 155.134186, 128.448456, 119.350014
508.562469, 154.506332, 126.257492, 118.228104
508.595734, 151.138443, 129.833466, 125.153786
509.725037, 149.613449, 129.795944, 124.555313
510.959564, 157.280838, 127.621803, 116.315254
512.883301, 148.212296, 132.411819, 123.779953
512.676025, 146.109116, 132.048080, 123.228165
514.712036, 145.594910, 130.642410, 122.451599
514.169861, 142.038269, 132.888016, 126.638313
516.644592, 140.133652, 133.995987, 127.292542
516.408020, 139.921036, 133.877914, 126.195663
516.951782, 142.862701, 132.509674, 125.061630
518.867920, 140.926849, 135.850784, 130.015686
520.441223, 143.580597, 133.916916, 131.048462
519.155273, 142.986618, 138.742035, 136.373596
522.120544, 147.367157, 133.099792, 131.822418
521.150269, 146.394836, 136.014038, 132.875534
519.754517, 146.335052, 134.538544, 130.403732
520.867737, 145.197006, 134.079163, 129.906509
522.325623, 144.523041, 135.626358, 131.875519
529.057129, 152.582458, 120.828873, 114.869301
525.090637, 147.835861, 129.214996, 123.593971
529.737183, 144.803528, 125.708229, 123.560631
529.043335, 153.529694, 123.963959, 115.336678
529.291565, 150.189774, 124.734718, 118.507538
525.758606, 142.755890, 127.291206, 119.303238
530.038879, 145.614548, 118.208244, 112.432907
529.469604, 145.148041, 116.695961, 111.665916
525.268250, 146.580688, 117.290802, 111.197273
521.915833, 143.148499, 122.007980, 116.961250
523.862671, 147.351913, 118.191605, 113.044601
523.117004, 153.805252, 119.801048, 109.871132
521.266724, 149.293793, 118.310127, 113.811081
519.001953, 151.692307, 122.497665, 118.370079
519.279053, 151.524963, 123.803413, 121.644264
519.729553, 162.103882, 114.679306, 107.280731
519.074890, 162.237045, 114.424446, 107.159729
519.336365, 150.121231, 129.318390, 125.434708
523.838501, 161.231308, 123.138885, 111.796432
523.376160, 157.149017, 122.207901, 113.044281
525.375977, 153.015488, 127.287872, 119.821312
528.332092, 157.086548, 120.729706, 112.863220
531.277344, 158.051743, 122.009621, 112.119698
540.724731, 158.064362, 117.293198, 110.451439
537.648865, 156.063370, 122.068779, 110.962967
538.820740, 150.569519, 123.653145, 114.212006
541.036804, 153.124725, 118.107498, 105.964561
545.678650, 152.513901, 119.217415, 108.714561
544.602356, 147.222137, 124.077682, 114.786049
547.742798, 151.856140, 116.677437, 108.190651
549.807495, 151.468979, 119.078239, 112.221176
547.197571, 152.384048, 120.686226, 113.560310
549.050110, 156.958374, 119.226936, 108.092079
552.081787, 154.800018, 118.219460, 113.838699
551.614807, 156.728836, 121.405701, 119.070953
547.761963, 161.157562, 122.094681, 115.698746
545.768005, 159.622177, 127.275650, 119.836617
547.852112, 159.980499, 120.555618, 118.119484
547.963562, 160.330353, 124.120468, 120.297401
546.895081, 158.442825, 119.321190, 115.635162
544.030762, 154.829300, 123.139328, 116.545517
542.954163, 154.798035, 125.280418, 117.767654
544.071960, 155.161652, 122.872246, 115.221664
539.699524, 152.037262, 127.215851, 121.293213
546.037598, 155.447998, 118.675812, 116.494850
543.459167, 156.710495, 118.825958, 114.379356
538.473083, 154.905914, 123.823326, 116.515854
540.804077, 156.550797, 119.863548, 111.515068
536.438660, 157.713104, 124.804779, 117.378075
534.404663, 158.675735, 123.799133, 118.855957
536.252075, 161.520676, 119.577942, 117.517746
536.738098, 161.515381, 117.248337, 110.174561
537.734253, 160.802490, 117.758057, 111.690285
534.201660, 157.254974, 130.000992, 120.845558
538.839294, 163.656952, 115.867737, 111.289352
536.716248, 160.694305, 125.566780, 114.254692
532.768738, 154.563126, 125.620461, 118.002159
535.942627, 156.309464, 122.724678, 116.320396
536.455078, 157.125870, 119.242996, 113.496613
539.450134, 157.410019, 117.872665, 115.455292
537.468018, 156.191803, 118.391525, 113.143867
537.031189, 152.675247, 120.496140, 115.402946
534.474426, 152.792099, 124.712730, 117.378334
541.172424, 156.802536, 118.468330, 115.276436
536.048279, 158.156097, 119.972366, 112.748993
538.937317, 157.640594, 119.175705, 112.511864
535.707092, 152.856384, 127.394096, 119.200424
537.123108, 153.775940, 122.017624, 117.636490
538.425354, 153.627853, 124.451187, 118.831490
542.024536, 154.187927, 120.352165, 116.011284
543.292786, 152.861877, 123.619812, 117.856819
542.572388, 152.776917, 124.649971, 119.525963
546.470276, 160.810852, 122.450226, 111.955544
545.280334, 157.320282, 121.131935, 109.834518
549.287476, 159.773880, 115.678024, 109.001694
553.030090, 159.287811, 117.058372, 110.017838
551.327209, 154.546677, 122.970848, 118.073738
552.428101, 156.042358, 123.813499, 117.489502
553.990967, 154.888947, 125.657196, 117.306114
557.537537, 156.032272, 124.953415, 117.755936
557.801208, 154.992615, 125.959625, 117.520103
553.956543, 145.786896, 136.899460, 128.057602
558.713440, 154.363098, 125.518707, 118.858772
558.577881, 155.005157, 120.322174, 111.856369
553.920715, 154.744080, 124.552567, 116.347839
560.541382, 153.612473, 123.787285, 116.592636
551.690186, 153.119507, 127.626717, 120.426384
552.100464, 157.242432, 124.283211, 113.636711
555.622498, 154.323471, 124.112083, 118.640190
550.700256, 159.730087, 120.574142, 110.977745
553.768921, 157.272369, 125.939278, 117.851227
552.557312, 157.058929, 125.379593, 119.015320
555.581665, 157.012390, 126.570160, 119.705811
556.200989, 156.459091, 122.413300, 119.315338
552.375000, 151.626938, 129.203461, 122.815079
554.574646, 154.464417, 127.860283, 125.036324
553.820313, 153.480225, 125.440765, 121.780441
559.670044, 153.511414, 124.256813, 121.611954
557.182190, 154.778595, 121.395874, 114.174881
558.076721, 152.730972, 121.243210, 119.758484
559.362488, 149.862411, 123.260361, 117.737366
552.951843, 148.314026, 127.560814, 119.070526
555.017578, 149.719391, 125.881439, 119.905800
557.570862, 151.066406, 125.214447, 116.124023
552.943726, 151.014221, 125.812508, 115.108574
550.694580, 152.861755, 125.338821, 113.304588
550.861450, 150.228851, 124.756393, 116.816711
546.828308, 148.867950, 127.595909, 122.543839
546.254211, 144.555267, 130.762680, 124.579681
549.555481, 150.201248, 126.513206, 119.374794
550.626892, 147.051727, 124.544945, 123.052330
541.786987, 156.199081, 125.108032, 113.917343
554.023560, 154.615845, 119.732811, 122.232643
549.954895, 161.365463, 120.468857, 113.140366
556.444885, 160.179718, 117.019936, 118.390160
555.228943, 161.236786, 120.645088, 120.228493
552.236389, 161.639954, 129.260544, 121.057762
554.153320, 170.291519, 119.275703, 115.003822
553.582886, 169.282654, 124.333054, 119.134262
557.026184, 168.786148, 121.626099, 117.167702
554.971802, 165.335281, 129.048019, 120.113342
554.633606, 166.707336, 119.170540, 113.614754
555.095337, 168.025833, 117.600540, 110.840881
557.880310, 166.988815, 117.241158, 118.187271
557.276367, 162.859482, 127.808807, 118.951614
547.269653, 161.462830, 132.527115, 125.955734
558.269653, 168.138489, 118.346100, 112.439957
555.919556, 167.299728, 119.471085, 109.690262
557.891418, 164.139648, 117.094917, 118.059677
555.468079, 164.614868, 122.854729, 111.392807
557.479919, 164.910004, 123.109207, 112.396652
557.703796, 165.573837, 120.360168, 109.307892
557.434021, 164.037613, 122.550217, 112.446342
558.342651, 161.596786, 121.399902, 115.807861
560.249146, 159.079422, 119.994476, 112.993484
559.602356, 158.281052, 121.208931, 114.202637
557.574463, 158.302109, 122.714790, 119.156914
557.223450, 158.217148, 122.728584, 118.735596
558.877625, 158.738876, 121.465370, 118.006393
563.257751, 162.678482, 119.723427, 111.596588
563.502258, 160.035919, 121.181023, 113.420464
565.055542, 159.732407, 118.181274, 109.971001
560.282410, 154.842987, 120.975616, 116.051216
554.580627, 152.550247, 135.295700, 122.408653
561.252747, 151.157227, 121.135910, 113.475105
563.475037, 153.817123, 120.640488, 108.949524
560.295044, 151.212448, 124.558365, 108.285362
559.966736, 150.910828, 125.966370, 107.876122
564.170349, 150.781738, 122.594254, 107.872833
566.148743, 149.387009, 122.524384, 108.681366
562.802979, 145.020737, 127.169106, 111.102699
564.713013, 143.856049, 128.161453, 112.905067
572.201843, 150.689957, 122.311234, 110.140862
571.812012, 144.317154, 123.330994, 113.943626
567.688538, 146.625549, 126.028748, 112.733246
569.336487, 147.721909, 123.865417, 113.310379
568.820679, 148.472855, 122.815033, 113.052254
569.021179, 149.791168, 124.212013, 113.479156
571.027893, 154.473358, 120.137375, 109.984749
571.711914, 152.088074, 116.521744, 110.522072
571.356506, 154.671295, 125.336243, 109.079254
569.118286, 151.850449, 124.874779, 116.108986
567.978821, 149.995667, 126.683136, 116.637527
570.309814, 152.230774, 127.125443, 115.336044
570.461792, 154.046021, 124.498131, 114.244057
570.080688, 153.208771, 125.624054, 116.594810
568.110596, 152.457306, 126.507782, 117.733261
568.311462, 153.599472, 128.093277, 119.154289
568.480286, 153.077377, 128.490723, 119.838829
568.400757, 153.199692, 126.511063, 118.228531
568.274597, 152.712128, 126.941650, 118.418167
568.704895, 152.065216, 127.023682, 118.511841
568.804138, 152.587143, 126.120361, 117.516533
569.221924, 153.651886, 123.579430, 116.353989
568.694092, 151.247452, 125.383430, 116.379158
575.223694, 157.287964, 121.224998, 111.755524
570.530701, 155.269592, 121.322029, 110.080612
564.747498, 151.128036, 126.830002, 115.047569
565.722717, 154.044449, 123.163269, 111.557610
564.314819, 150.321976, 121.836983, 113.673447
564.376587, 152.079727, 119.969971, 113.757111
560.641479, 156.310913, 121.425545, 107.925316
560.992981, 151.781616, 120.291428, 113.087135
563.128967, 154.653870, 116.408646, 108.922913
558.871216, 156.595306, 120.049927, 111.282318
559.151062, 157.809021, 117.943428, 109.013115
558.867615, 157.953674, 118.301933, 111.705833
559.473572, 161.112244, 115.403061, 107.150246
557.386169, 163.129898, 117.407555, 107.823807
558.395935, 162.744141, 117.863663, 110.157867
556.821838, 163.658783, 117.257790, 105.225571
556.177612, 157.641129, 121.355614, 114.346695
557.149841, 160.969009, 118.846687, 112.537170
553.847229, 162.531036, 122.078362, 109.695747
558.717468, 161.494751, 118.478287, 112.285324
557.818481, 163.388000, 118.263062, 109.658257
557.756042, 162.944550, 117.241722, 112.346024
551.799622, 162.671097, 120.689507, 108.828827
557.904846, 163.916290, 116.002068, 110.827911
559.891052, 163.616943, 115.337532, 107.942612
551.377014, 161.408279, 123.720818, 116.224861
555.898193, 163.611160, 121.452133, 112.652130
553.306519, 160.803314, 122.499054, 112.876228
549.794556, 161.763290, 123.703239, 109.882866
549.487915, 162.695618, 123.838951, 107.690987
548.909119, 156.689392, 122.746414, 112.728065
548.699463, 159.188492, 125.293839, 111.300507
548.222778, 155.326996, 123.156090, 115.025009
547.479248, 155.758102, 122.549713, 112.929398
548.018738, 155.257629, 121.950584, 114.444977
554.598877, 159.269333, 117.774002, 110.649925
552.348450, 158.551941, 119.833054, 111.259056
556.423828, 158.608704, 114.702301, 107.545258
554.048462, 158.432358, 118.522957, 110.824066
553.479980, 159.489227, 120.314552, 111.894821
547.964539, 153.938980, 125.630859, 116.806442
548.351685, 153.603439, 125.469940, 117.382660
547.979126, 153.608246, 125.926804, 117.660713
552.632813, 157.631927, 120.642311, 111.965271
547.058533, 158.838074, 124.439407, 111.027306
552.302734, 157.748932, 122.548386, 110.617233
554.760193, 158.445435, 118.018784, 107.710655
551.702148, 152.488037, 125.176392, 113.470222
553.876343, 152.018005, 123.852310, 114.132881
553.342346, 150.675812, 123.575714, 112.530548
555.764832, 149.079102, 124.685127, 115.207352
553.598206, 148.807877, 123.001724, 115.713432
557.966736, 151.123779, 121.436890, 108.896065
559.493103, 151.969940, 116.497238, 110.656761
556.649536, 153.020828, 121.859917, 109.788177
556.231506, 150.080963, 125.337692, 110.966125
561.295227, 146.267853, 117.460289, 107.554871
560.367493, 147.314987, 118.962685, 104.643181
555.162415, 139.774292, 124.844917, 109.792885
555.647949, 141.388824, 124.313011, 109.553055
555.276306, 138.265320, 125.492561, 117.916748
556.122192, 141.692993, 127.266953, 113.003471
558.677795, 141.506744, 124.714745, 109.999680
556.103516, 144.529663, 127.247543, 107.561852
562.259277, 143.896790, 120.950287, 106.889404
558.235474, 136.467361, 126.690880, 114.001770
554.615845, 136.888428, 129.886261, 116.312569
557.092957, 145.653931, 131.365463, 117.129112
555.719666, 144.490906, 133.325851, 119.352547
555.787903, 143.801239, 134.207062, 122.009842
555.935852, 146.865219, 133.070053, 120.178558
564.091248, 151.879578, 119.076981, 106.414597
563.200928, 148.812256, 118.660248, 110.556221
558.708923, 144.683273, 128.678925, 112.787354
564.859619, 149.210571, 122.401138, 108.591064
562.244385, 143.702301, 122.398308, 114.884781
563.791504, 149.194153, 120.938194, 109.588287
562.420837, 145.238663, 125.419472, 110.540298
563.041870, 143.760208, 128.109543, 114.551338
564.465393, 144.522400, 125.379967, 110.971939
565.299561, 145.216293, 125.960258, 109.908524
564.979919, 140.881744, 123.979393, 110.831070
567.508972, 144.601685, 125.614037, 108.384964
566.372437, 143.269821, 128.803879, 110.276566
572.409546, 143.135269, 124.057838, 109.286636
573.761230, 142.115707, 126.068443, 110.576042
575.762268, 143.384674, 127.756516, 113.952888
582.395325, 147.463440, 123.398849, 107.576065
581.053894, 143.107971, 127.118065, 115.725937
586.723999, 143.881287, 122.823914, 110.915871
587.613037, 143.142746, 123.457191, 112.764137
589.061584, 142.598099, 123.351784, 113.373375
589.344604, 141.415344, 121.643295, 114.327164
588.984009, 142.287506, 122.415886, 112.021431
586.259338, 138.947433, 123.944046, 112.910812
587.765747, 144.578674, 119.540268, 111.739021
583.664917, 143.579987, 121.816254, 112.787079
581.722290, 137.016296, 129.391724, 120.144424
583.324463, 141.054291, 126.433372, 118.523026
580.952087, 147.159943, 127.300346, 115.393074
583.096191, 147.353027, 124.662575, 113.196793
573.503967, 136.722931, 138.086761, 123.347672
582.685181, 146.802292, 124.482376, 111.527260
582.329590, 145.741745, 124.368652, 111.893730
580.878723, 146.373322, 126.222679, 113.410629
579.331787, 144.738144, 125.270020, 114.130852
573.911865, 138.814178, 132.038132, 120.488007
581.879822, 144.280563, 124.135963, 110.930367
584.065002, 143.143768, 119.077606, 114.458740
580.765076, 143.046661, 125.182129, 112.508720
578.277527, 141.766403, 127.502472, 114.749290
572.259827, 136.401123, 136.635025, 125.679329
578.507690, 135.458374, 124.290268, 118.476631
579.263672, 133.407837, 124.616829, 119.531639
575.503052, 131.435516, 130.139236, 121.291534
574.608032, 127.458435, 136.268448, 127.971886
573.839722, 126.150085, 138.109695, 129.942429
576.993042, 134.780334, 124.381126, 112.507011
580.710938, 133.328827, 122.343742, 115.268166
579.833313, 131.587204, 121.307724, 115.009392
576.677979, 129.830017, 124.781532, 118.310616
569.270569, 132.146423, 132.293747, 120.559532
580.495300, 139.926712, 118.681992, 114.783966
579.701843, 141.668762, 117.570297, 117.250504
572.020630, 141.591110, 125.130524, 119.981071
571.406799, 141.883392, 123.315872, 118.253609
569.504456, 144.109344, 121.074158, 115.487572
570.137573, 146.934662, 116.377525, 114.642632
570.144531, 147.458252, 118.250771, 116.156235
570.777283, 148.677841, 123.202904, 118.258339
571.456299, 148.327515, 120.173164, 114.940056
568.012451, 144.246262, 121.232681, 118.392525
565.275146, 144.576065, 124.729927, 123.306732
562.318848, 143.240448, 128.579575, 125.580734
561.525146, 146.314560, 127.644112, 125.623825
564.849915, 148.605972, 119.940857, 118.309525
563.563538, 150.509705, 132.506073, 123.829132
566.119202, 156.189758, 121.241631, 114.421890
567.631836, 150.077194, 126.436966, 121.019203
562.606567, 144.056870, 131.032547, 126.339478
569.581177, 146.540207, 122.373672, 118.442795
575.260803, 151.175858, 119.665398, 115.096977
573.830200, 142.817154, 126.350395, 117.907372
575.759583, 140.267639, 121.794449, 116.236542
584.116638, 143.185516, 117.339699, 118.458076
583.586853, 143.422638, 114.450592, 113.372948
582.259155, 140.549911, 118.097542, 112.013916
584.855896, 142.412231, 120.624168, 115.311646
583.921875, 141.042175, 122.674088, 115.805946
582.601379, 139.679352, 124.883034, 115.445877
583.149353, 139.869812, 122.646996, 111.467461
585.774658, 140.001923, 121.658607, 110.352959
588.015381, 141.584488, 121.052734, 108.668045
587.713196, 140.708405, 122.620720, 109.674782
586.937622, 141.500610, 120.637589, 110.034210
587.840393, 141.538742, 120.973038, 110.234818
581.100342, 140.232361, 125.689140, 116.196854
593.950623, 143.039581, 116.477638, 113.707817
581.602661, 140.355530, 120.445862, 113.883430
582.010986, 140.760162, 121.336708, 114.186554
580.270935, 141.520950, 124.224487, 117.416695
578.763306, 139.936890, 125.108597, 117.246887
578.133545, 141.386597, 122.859955, 116.789589
578.615112, 140.189072, 123.296654, 119.472794
582.250122, 143.134247, 118.097725, 112.807777
582.718628, 143.618515, 115.577339, 110.007477
579.801819, 141.182037, 125.527153, 120.083443
582.883118, 142.426605, 117.489586, 113.773636
578.924622, 140.636703, 127.333427, 120.115166
581.240662, 139.694565, 120.056602, 116.528282
577.657959, 135.007172, 131.929565, 122.748703
582.603210, 141.452301, 119.179993, 115.828560
583.330261, 142.221619, 119.764191, 116.794594
578.087280, 135.027618, 132.211716, 122.411324
577.441223, 140.762833, 129.766296, 121.426331
576.735901, 141.911255, 129.603485, 120.917030
576.579468, 134.387207, 131.158875, 121.379036
575.840881, 145.221085, 129.444016, 118.082031
574.995361, 140.321503, 129.603607, 116.927979
576.956726, 144.274704, 126.102592, 115.320877
573.887329, 144.950134, 129.515533, 118.566940
573.499207, 142.295715, 123.990417, 117.874962
569.361572, 142.827698, 130.183151, 117.867546
569.650085, 145.962372, 122.756561, 112.177902
569.197144, 140.173126, 124.319191, 114.906822
567.859070, 144.516174, 125.991386, 105.146004
570.451233, 139.046539, 119.310539, 109.639938
565.113464, 139.442734, 122.913445, 109.982216
566.599609, 146.637070, 121.065086, 103.406876
560.902039, 147.026611, 127.255608, 105.116882
557.737061, 145.498444, 130.099792, 109.001076
559.904907, 149.500885, 124.896645, 105.325394
554.874084, 147.958130, 129.080093, 108.848137
557.294983, 144.142044, 128.219101, 113.039680
559.841614, 146.555618, 120.130196, 104.785217
555.523193, 146.921005, 121.045937, 103.175964
787.205139, 391.177826, 68.116173, 60.181519
558.164551, 143.045258, 120.744827, 106.874077
552.782471, 139.050400, 126.198235, 110.843155
551.294434, 138.499054, 125.740112, 111.316025
551.664673, 145.167267, 118.530838, 104.442879
551.827271, 143.445007, 122.564011, 110.045670
552.492065, 147.824417, 119.577820, 106.717178
552.993958, 147.187103, 119.164619, 106.493446
551.726013, 143.805130, 120.007713, 108.641296
550.444702, 144.034454, 121.267403, 108.746971
552.729065, 143.899368, 123.543640, 111.179817
555.000732, 149.162506, 120.798256, 106.118469
558.691284, 145.736954, 118.960793, 108.365082
554.935059, 144.251465, 125.567162, 112.955284
557.504517, 147.481232, 122.204498, 106.769791
559.592285, 147.537201, 121.655457, 106.576004
560.063416, 148.616028, 124.487228, 108.787491
558.556091, 151.801758, 121.883224, 105.363960
558.116455, 148.816574, 123.765862, 108.594200
556.916382, 148.744598, 121.090034, 108.959740
555.773682, 147.501541, 122.387032, 110.569710
556.336853, 150.413315, 122.077225, 105.085922
555.375732, 149.054703, 125.915649, 108.715141
558.680298, 141.361893, 137.691833, 123.836693
557.393555, 151.810608, 123.371384, 111.184418
555.107117, 149.521027, 121.791237, 113.458595
553.053650, 148.013184, 123.274101, 112.812126
549.770569, 147.475540, 126.148712, 109.133789
555.558899, 145.101349, 117.395020, 108.673439
550.391724, 145.891663, 119.579956, 105.766411
547.653687, 143.241058, 120.459404, 108.757446
549.191040, 142.966125, 118.867546, 108.563660
548.776550, 141.845062, 117.222252, 107.393562
543.876221, 140.491379, 122.455582, 109.783127
539.358215, 137.678604, 133.149124, 118.727753
541.152649, 134.584747, 134.332001, 120.674385
547.233643, 140.028748, 121.268028, 109.286026
549.051025, 142.800079, 123.546288, 108.344498
550.176453, 142.347107, 123.181793, 106.648941
550.413513, 135.059875, 126.865974, 112.510040
556.990845, 136.660797, 122.125046, 109.476112
555.989197, 136.670975, 124.635796, 109.391914
559.474731, 135.810516, 123.742554, 109.642326
560.161560, 138.054123, 122.079056, 109.366096
563.760986, 139.798035, 116.633774, 103.879059
562.674377, 140.442978, 120.894905, 107.777458
564.169861, 145.148117, 119.081139, 103.226059
565.010315, 143.362396, 116.762619, 103.913780
563.535461, 142.982697, 119.209984, 106.333939
561.030579, 143.783508, 117.265282, 105.837173
565.495911, 144.055435, 115.915245, 108.126877
556.341614, 142.704590, 123.092827, 108.149521
555.810486, 149.457397, 122.285149, 101.128349
555.463196, 146.519180, 124.002579, 104.024872
555.931091, 146.832321, 118.099617, 101.484535
766.465637, 357.452637, 124.502914, 121.314125
771.123657, 366.935944, 113.308914, 103.426842
765.856934, 365.911285, 111.921883, 102.010521
780.026794, 369.873077, 104.282967, 93.606071
781.449768, 367.531464, 106.818855, 95.658806
556.923828, 152.653397, 124.279808, 107.085999
557.879700, 151.632599, 126.206047, 108.812111
556.086182, 149.192062, 129.488815, 112.431175
555.226746, 152.528992, 123.121498, 103.490860
553.825867, 148.459549, 122.921700, 107.724113
549.577332, 150.088577, 126.362869, 106.892639
549.840088, 149.694672, 125.260948, 106.006149
547.268250, 143.291641, 127.835709, 112.336304
548.153748, 148.915726, 128.317520, 108.780556
543.185730, 139.836777, 138.492844, 121.988716
553.070190, 147.328766, 127.926315, 108.767883
555.981750, 145.169968, 122.091843, 104.580513
559.739075, 145.275833, 119.955040, 103.849586
568.540833, 144.349121, 114.115898, 102.912598
787.808411, 409.978271, 79.785561, 73.086601
570.592529, 143.926407, 118.347359, 109.524780
581.481323, 143.693344, 112.563667, 99.963928
582.924683, 144.154068, 116.328880, 107.255363
587.600464, 146.798553, 112.716270, 106.497093
587.511353, 145.917191, 116.065323, 107.956711
589.023987, 147.167328, 116.220825, 107.205330
589.037170, 149.010574, 114.130646, 111.983414
586.525391, 150.308258, 115.361412, 107.367577
581.617920, 152.196594, 116.088448, 103.986946
577.173706, 151.307205, 120.168755, 108.891098
570.401245, 159.806946, 119.189003, 101.969315
571.798889, 154.226349, 115.898613, 107.156578
570.319763, 156.007751, 117.625809, 103.488716
566.022461, 152.823364, 123.581192, 108.426834
564.219421, 154.375854, 123.092827, 107.602501
570.804321, 151.737488, 123.282791, 108.299301
572.471985, 151.718475, 120.904045, 107.381317
573.767578, 148.414200, 120.207634, 108.925888
568.939514, 147.257843, 125.268379, 107.329140
576.714172, 147.985626, 120.015457, 106.938988
575.744568, 146.770309, 117.957855, 112.268547
576.978271, 145.663406, 119.834312, 113.249947
577.721558, 147.787033, 121.469902, 111.467827
574.107422, 147.671143, 122.477066, 111.339149
575.540466, 148.141724, 121.183350, 112.189667
579.780945, 151.102859, 117.452286, 109.147423
574.907776, 150.461334, 122.231842, 111.183914
579.905212, 148.787918, 119.976898, 112.110474
579.906677, 151.548737, 117.896614, 107.027420
575.752502, 150.879486, 123.669655, 114.596718
575.533020, 152.002747, 124.274643, 114.338333
580.454773, 154.762283, 119.433342, 107.636925
580.773499, 154.341141, 121.091362, 109.138176
578.894165, 154.435776, 120.713066, 110.115578
577.453918, 151.907623, 119.141434, 113.390167
577.738892, 152.767029, 118.587227, 112.940521
573.056458, 153.896133, 121.577522, 112.828300
568.405823, 150.726929, 124.978172, 116.426888
572.261902, 154.585449, 120.321480, 110.764885
568.586731, 152.085083, 125.855415, 114.980209
575.611328, 156.096283, 117.948151, 107.536430
575.463318, 156.087250, 117.931267, 107.476151
575.038513, 156.079514, 117.267113, 107.440063
575.190308, 155.773315, 117.842995, 107.612183
575.431396, 156.375381, 117.920425, 106.272484
567.728027, 151.576309, 125.805641, 116.672066
568.951477, 152.517273, 124.829414, 115.188217
572.580750, 153.899963, 121.752045, 112.813820
570.476990, 153.207062, 122.314003, 110.283852
573.610596, 152.875107, 119.758522, 109.850616
572.418335, 153.590637, 119.673332, 109.421173
572.612366, 153.500534, 126.137306, 113.491951
574.853760, 155.439484, 119.010567, 108.207138
577.338806, 153.699066, 119.468750, 110.272774
576.394226, 154.006119, 121.636932, 112.268227
575.428284, 154.391281, 121.825386, 111.955147
575.908386, 154.491714, 121.957642, 111.374947
575.639038, 152.480850, 122.622673, 114.186340
577.483582, 153.565811, 121.901314, 112.951721
576.353821, 152.625168, 122.555634, 113.616150
572.474304, 153.399460, 123.597450, 112.294838
577.063965, 153.239716, 121.876610, 113.153290
578.789429, 153.712219, 121.005737, 112.517303
577.521179, 152.975128, 123.790627, 115.248909
576.589111, 153.960449, 123.576782, 115.303864
579.552368, 154.523972, 120.369743, 111.445770
581.009460, 152.875153, 120.385437, 111.985367
575.823669, 153.455597, 127.031372, 112.449654
579.838989, 153.049301, 124.121475, 110.935524
583.915833, 152.129059, 121.680344, 112.231514
585.368164, 152.606125, 120.332695, 110.431984
582.731812, 150.672287, 125.574783, 113.130844
585.835083, 153.223969, 118.921921, 106.799271
589.062622, 152.539490, 121.867416, 110.004898
587.975464, 152.197449, 122.785484, 107.950806
588.739868, 149.860718, 125.088371, 114.620491
594.984558, 155.610626, 120.187843, 105.224037
587.599060, 153.341217, 125.538429, 110.600937
597.836548, 150.055542, 115.985054, 112.389145
589.460205, 151.711731, 124.116875, 109.912422
591.209595, 152.702301, 123.923447, 112.945679
587.192505, 151.268097, 125.031349, 111.028099
584.100586, 151.148132, 127.146988, 112.471725
583.282837, 146.061569, 127.667801, 115.913307
579.465515, 148.970093, 124.921341, 108.995903
577.413452, 148.124283, 119.566727, 108.264839
569.311462, 147.354004, 124.467880, 108.786507
570.572754, 145.299118, 121.016762, 108.452675
560.532227, 145.227325, 128.867126, 109.529808
563.917725, 149.078110, 121.854431, 103.193352
564.046326, 149.685989, 120.329109, 102.536552
563.759460, 145.807007, 117.404785, 105.216019
565.331299, 143.826797, 118.979187, 108.591553
567.286072, 145.185944, 117.050560, 107.864838
568.183960, 144.956253, 113.925369, 108.836075
566.005798, 146.131027, 119.521744, 111.888397
567.498047, 147.499664, 117.899574, 110.948822
572.206848, 147.769745, 116.396866, 108.531738
571.316101, 150.658096, 117.418961, 108.044426
574.029358, 151.642578, 115.660446, 106.904312
573.285583, 144.012619, 120.447372, 118.218124
575.867065, 146.164322, 120.248650, 117.667076
577.514221, 147.418549, 118.250458, 115.221954
573.435181, 148.911942, 124.974144, 113.939011
581.333740, 149.632599, 121.249069, 111.531067
584.242126, 150.100250, 116.613670, 107.414581
585.301453, 148.400406, 111.676346, 105.941086
579.450989, 146.761841, 120.386635, 111.794739
581.575378, 143.391953, 116.669685, 112.076675
581.571411, 142.934494, 116.103760, 111.062950
580.989563, 141.348236, 116.376450, 111.099670
579.302795, 144.098572, 118.074791, 107.002472
574.626221, 139.140823, 121.186058, 113.457275
575.504150, 142.145630, 118.874413, 109.389847
569.119080, 142.316498, 124.433670, 108.202530
569.528687, 142.162872, 124.064827, 108.150131
569.613770, 140.355499, 124.661316, 109.224266
571.041809, 143.531967, 119.976524, 105.225929
569.665161, 141.739059, 122.183769, 106.925636
567.624451, 140.190765, 127.615318, 107.738617
566.854675, 140.562500, 122.472466, 106.562080
568.438354, 139.194855, 125.476807, 111.353424
567.849792, 142.503052, 126.493797, 107.197571
566.686829, 140.749512, 129.220154, 110.081726
565.778931, 135.983322, 122.755493, 112.642395
568.385437, 137.312714, 125.240723, 110.948738
566.975342, 142.349518, 123.116959, 105.084015
566.137329, 142.607513, 123.866173, 105.425827
562.835266, 140.508911, 123.220985, 105.894699
562.898926, 141.083008, 124.460449, 106.405373
563.587708, 142.041199, 123.372009, 106.513504
566.924072, 139.922256, 125.103745, 111.298035
563.512268, 144.067764, 125.592552, 109.025902
566.004089, 141.077316, 122.670242, 110.123878
568.144958, 141.234787, 121.527748, 107.217918
566.916809, 142.839767, 123.102592, 105.680794
568.488098, 144.736389, 123.552147, 106.026405
568.611572, 143.045288, 119.783661, 107.998573
567.523804, 143.746918, 124.717262, 106.051872
566.699646, 143.798401, 126.482521, 108.007217
564.500366, 140.615036, 122.502838, 110.706833
563.831787, 140.378693, 123.604759, 109.189041
565.320740, 139.087982, 121.490631, 111.513184
568.830872, 136.107422, 126.438225, 113.032669
567.575500, 140.077133, 118.552696, 108.486534
567.969238, 141.236877, 123.557945, 108.221992
577.629456, 141.198761, 118.121986, 111.806747
573.504700, 140.812897, 119.451736, 108.144920
575.680542, 144.156708, 118.755142, 107.755707
574.122070, 142.709518, 123.714264, 111.420967
576.506104, 145.072327, 122.999580, 113.270950
574.428101, 144.315231, 126.524231, 115.062637
574.023254, 142.173370, 127.754242, 115.011337
575.462463, 140.816803, 125.992897, 112.766975
576.876526, 140.208389, 126.747276, 116.538490
577.559631, 140.606201, 124.287682, 111.963203
579.489502, 140.770187, 122.834061, 108.967194
578.852417, 137.944687, 120.574516, 111.683372
581.542664, 136.638153, 121.559433, 112.039986
581.384705, 137.747543, 120.551834, 107.985626
578.382019, 132.987366, 123.131889, 111.635780
586.859375, 135.808273, 117.108589, 111.468384
576.563660, 131.485840, 126.581818, 112.051598
578.035706, 133.592316, 125.498543, 112.877861
576.993408, 133.149719, 124.366631, 109.893143
576.773499, 134.522903, 124.580727, 108.672539
580.197998, 135.365524, 123.930878, 111.366837
579.491943, 132.772797, 124.533035, 112.698990
578.353577, 132.386703, 125.405800, 111.612366
584.723633, 135.413330, 118.146622, 111.051628
581.721985, 132.284576, 123.815132, 112.498711
581.246399, 136.753204, 120.777779, 113.912827
582.435181, 136.636932, 119.514870, 107.300789
576.209656, 132.682709, 124.932999, 119.884346
580.557556, 137.347748, 124.537445, 112.926926
577.204346, 134.517731, 125.191071, 121.644493
597.721497, 134.033722, 114.636963, 107.346100
579.097961, 134.551559, 124.049141, 120.338570
579.955688, 132.974350, 126.566574, 116.856262
580.760925, 131.069931, 127.676117, 118.183388
580.439819, 129.590195, 127.231857, 119.190598
582.205017, 135.389008, 123.346931, 114.593811
577.188965, 129.119781, 127.935387, 114.818336
589.000000, 130.109894, 127.341743, 120.194962
582.984253, 129.386368, 123.424561, 112.871315
577.959717, 125.272598, 130.034271, 117.071114
578.517944, 124.865234, 127.768166, 114.960045
577.737366, 123.788162, 127.196892, 112.180420
576.526489, 122.174881, 129.101196, 114.611504
576.459473, 119.578369, 129.007126, 113.698792
572.955933, 114.168793, 130.264801, 118.020401
574.948120, 116.976944, 127.849571, 112.018280
575.925110, 116.483887, 126.623154, 113.230736
575.241882, 113.083900, 125.712456, 116.172112
576.483398, 112.993515, 126.707329, 114.010506
581.026428, 112.143982, 125.260635, 114.585991
580.689514, 114.563873, 124.074280, 111.807442
581.206909, 112.548988, 126.375664, 116.493668
583.043640, 115.620682, 131.237823, 119.656395
583.704224, 117.136383, 128.503967, 117.962639
587.129761, 117.516830, 126.439484, 115.211395
589.042908, 115.681686, 127.271492, 119.908134
590.156128, 111.385010, 129.173340, 119.087959
592.045288, 110.444717, 127.851402, 116.520668
595.267456, 113.655602, 125.243622, 112.158951
595.703796, 108.170349, 128.419525, 115.998024
598.068542, 108.624344, 129.767685, 115.282539
600.832764, 108.623398, 125.509949, 113.793373
598.406433, 114.744164, 126.080475, 109.489830
596.576721, 108.089775, 124.865959, 116.141716
594.386169, 108.450195, 129.172012, 118.511261
600.259338, 114.656509, 122.173691, 111.867653
597.579285, 113.473816, 125.392570, 111.352692
597.630859, 116.902397, 126.423668, 111.558502
596.280640, 113.003494, 128.414368, 118.136116
601.987976, 112.205856, 129.011734, 123.004097
602.552551, 113.478348, 128.797943, 122.897041
606.657043, 116.359451, 121.679024, 116.530243
602.300903, 118.218796, 126.595871, 118.923637
606.652649, 113.864944, 123.824715, 120.455956
608.998657, 112.116867, 125.287666, 119.324310
611.044312, 115.893608, 122.777542, 118.294243
609.266968, 114.869629, 124.877052, 123.282120
604.585083, 115.670303, 129.497696, 123.249748
605.277466, 112.248497, 130.235626, 122.644150
604.977966, 115.957382, 125.616371, 121.067009
602.771240, 113.419083, 127.923042, 125.465042
599.311157, 110.222107, 136.127762, 135.269928
602.113525, 110.683548, 127.760040, 129.254288
599.721436, 110.169586, 129.629822, 129.757736
599.088867, 106.965317, 129.441055, 130.003998
602.522400, 108.920898, 126.417938, 123.447769
599.524963, 104.149155, 131.209656, 130.565552
596.132996, 99.783607, 133.102875, 133.275421
595.186462, 101.056671, 132.379364, 132.135727
597.057739, 100.624847, 127.963425, 129.035568
601.249329, 104.372009, 124.661880, 122.486023
593.886963, 104.865616, 130.854050, 131.594177
593.689392, 103.964371, 126.261681, 129.050217
595.219971, 107.872452, 124.653625, 125.277489
595.273804, 114.192566, 125.582977, 120.603790
591.069641, 112.755806, 130.388870, 124.032822
591.183655, 117.836342, 127.615189, 127.985168
588.608032, 119.859390, 128.083511, 128.921066
593.302612, 123.063980, 123.758369, 118.612503
587.675903, 126.979652, 125.951561, 124.379021
588.409912, 129.480682, 123.025597, 122.678558
588.740234, 131.902618, 125.257042, 112.887718
589.697083, 131.151154, 122.716049, 113.281677
588.422485, 127.696991, 119.437439, 111.051025
585.786621, 129.379471, 120.549629, 113.069557
581.941345, 123.762497, 120.328224, 114.488380
580.213745, 125.296799, 117.894218, 112.768394
578.792419, 126.376144, 121.417480, 110.434319
575.942871, 126.023766, 124.112778, 116.620613
574.992432, 128.157043, 121.014999, 116.203247
576.594849, 131.612091, 117.907005, 109.369995
563.806335, 128.170074, 130.104523, 125.166519
571.206848, 128.068939, 119.248795, 117.016922
569.822693, 131.225494, 114.513664, 116.726265
564.189087, 133.665436, 117.795738, 117.209213
557.937561, 134.075272, 128.140228, 118.843941
554.610291, 132.828003, 130.697601, 123.420815
558.435730, 139.616516, 117.273285, 111.466606
552.268250, 138.742218, 117.621902, 110.637611
552.566772, 138.565628, 117.453926, 112.101036
550.804871, 137.805344, 117.945503, 112.420059
550.579834, 138.662827, 118.333374, 111.972137
543.773621, 137.058792, 126.909645, 116.892944
545.185120, 139.621796, 124.414452, 115.221519
547.434082, 142.036636, 121.575752, 111.997086
549.609863, 135.022141, 120.936363, 112.707970
547.706482, 133.548965, 120.990486, 109.458427
547.182922, 131.379135, 115.935028, 107.568542
549.299072, 127.017975, 125.769600, 116.349762
550.611816, 124.688065, 123.802658, 116.512100
551.043213, 119.871643, 130.357925, 119.735657
554.715881, 122.529152, 123.844620, 116.277374
551.026794, 122.731857, 125.293900, 115.484497
554.579834, 123.518440, 124.071320, 116.713295
560.535889, 124.924088, 121.272186, 115.102516
554.256958, 127.804436, 121.446655, 112.171074
556.130920, 129.144821, 121.426117, 114.647316
557.157532, 129.815201, 123.183434, 115.258492
557.036743, 128.580139, 123.402000, 120.288506
555.999207, 129.310028, 124.171814, 120.855545
556.747498, 129.369461, 122.482544, 118.729362
558.237793, 127.613953, 125.383247, 119.837250
557.069336, 127.560043, 124.043594, 116.106041
554.943298, 124.442787, 126.257332, 119.984497
557.526184, 124.287590, 126.656609, 117.295776
558.895325, 125.271576, 125.807404, 116.830215
556.720947, 122.223663, 126.205544, 114.225380
556.931458, 122.912292, 128.488770, 117.892380
561.872375, 122.472580, 124.247490, 117.780212
562.760559, 124.169983, 124.634789, 112.925110
555.239502, 121.140686, 125.372093, 115.837120
557.411133, 122.496605, 125.002686, 117.811661
555.136902, 123.599869, 125.352432, 116.464439
553.814941, 123.349350, 125.332146, 116.375633
549.958618, 120.641571, 130.091354, 119.255005
551.048645, 121.589561, 124.756142, 117.802475
557.715454, 123.160049, 120.934036, 112.568398
555.897583, 126.626022, 124.240616, 110.981415
551.151855, 119.762001, 128.770233, 117.326248
555.518127, 126.009460, 121.583504, 105.651276
555.814575, 127.008629, 120.472763, 105.702278
547.974792, 120.904999, 123.559898, 113.570816
549.026428, 120.774841, 121.282837, 112.235077
549.843567, 121.011810, 131.304474, 115.726227
552.338745, 125.143036, 121.851097, 107.833549
548.508911, 120.272415, 120.646408, 109.047104
549.448303, 119.585129, 122.885223, 111.155151
548.836487, 122.072998, 118.672661, 107.429070
548.543823, 122.110809, 120.854332, 110.473724
548.097290, 124.548180, 120.063789, 107.535660
542.512634, 121.093140, 120.709541, 113.525063
540.961792, 121.394592, 126.268990, 116.211845
540.081848, 121.761398, 121.953667, 111.749557
534.907166, 121.351624, 130.337646, 114.216232
530.813904, 120.629700, 130.390823, 115.547096
535.204773, 123.275436, 121.480301, 110.734299
533.458862, 125.081711, 122.955093, 108.482300
529.112915, 124.101387, 120.432945, 113.849281
529.251709, 131.199692, 122.111122, 109.759750
530.182373, 124.508316, 120.021255, 109.936256
530.503723, 124.929573, 121.968857, 105.034447
530.698608, 121.944794, 120.287148, 107.849319
534.354736, 124.965271, 114.651138, 110.239456
534.843628, 126.144180, 120.369560, 116.315689
539.395630, 127.265671, 121.228714, 112.414146
538.216614, 129.806778, 125.535408, 117.758240
542.222229, 129.084045, 122.805710, 112.440712
543.216309, 130.132797, 124.194687, 112.784645
551.809875, 127.439835, 120.744446, 113.814217
546.893005, 129.249756, 125.261070, 111.273552
552.791992, 127.715614, 121.351196, 106.934471
551.708801, 119.851761, 115.316620, 104.179184
554.211975, 120.827042, 113.415901, 101.369850
552.389465, 119.768921, 112.964836, 103.176460
552.983154, 119.109940, 117.349907, 105.180916
555.148132, 115.157425, 119.028145, 108.547356
555.878662, 115.661751, 120.234406, 108.008438
562.294189, 118.555420, 117.558395, 108.370895
557.894531, 115.461853, 123.360733, 112.600037
562.478394, 118.139099, 117.984505, 108.485756
561.389282, 120.109360, 120.445351, 110.313278
564.596558, 122.859039, 122.146469, 107.535934
564.828491, 126.899033, 121.288696, 104.136963
571.502686, 126.275993, 116.676300, 106.347809
573.796631, 125.420822, 118.256508, 110.135437
573.492065, 126.378464, 117.398293, 110.936554
570.539307, 126.935478, 117.683586, 106.586304
570.818237, 128.985916, 120.495819, 105.953835
573.687073, 125.413055, 120.521088, 110.585327
571.692078, 121.857086, 122.811882, 111.794411
574.133911, 120.668541, 123.457451, 109.367004
575.439575, 121.253647, 118.872902, 105.672318
574.253296, 120.122498, 119.895119, 109.508705
577.652832, 119.248550, 118.324677, 109.172272
572.843140, 115.473358, 128.865997, 117.308716
575.375549, 114.263458, 129.316360, 119.323341
572.499512, 112.013184, 130.113586, 118.893143
574.280273, 120.299057, 122.168266, 111.316002
575.523621, 119.475006, 122.456589, 114.958252
573.666809, 119.920364, 120.802727, 111.996475
573.463135, 118.452057, 121.285294, 111.449577
580.137817, 122.278305, 115.747963, 105.842735
572.496216, 118.384193, 115.824516, 106.875725
571.779419, 118.357529, 118.292732, 108.244675
569.960449, 123.388153, 122.236313, 107.449371
569.675537, 116.782928, 122.212944, 112.177261
567.517273, 119.197334, 121.729431, 107.295052
567.075806, 116.515800, 121.839439, 109.459549
564.089111, 116.182236, 124.196449, 110.540428
567.641541, 116.524292, 118.669197, 109.674927
564.701660, 117.125992, 121.170311, 107.049370
570.510498, 118.209137, 116.728973, 109.786171
567.723877, 118.811935, 119.640259, 110.836937
567.799316, 122.964638, 121.093124, 113.103127
568.040100, 121.300568, 118.012421, 113.797882
569.657043, 123.704239, 116.419739, 111.870216
561.522278, 123.688782, 121.844795, 111.880447
569.737854, 122.980453, 118.029747, 110.852928
568.075989, 124.706894, 119.463966, 107.724564
568.125610, 124.128159, 118.615013, 106.264893
569.785034, 119.595055, 118.660248, 109.917236
571.182617, 112.025520, 128.928680, 119.338318
571.825012, 116.393967, 116.718071, 109.595871
568.859497, 116.816162, 118.419693, 114.820251
573.437561, 115.157043, 117.302521, 108.835884
574.836487, 119.626205, 116.184975, 107.808647
568.585999, 116.512634, 121.299599, 113.468246
568.001770, 118.409775, 122.392509, 114.199379
567.201111, 121.149117, 126.864464, 119.422821
566.012207, 121.075935, 128.974625, 121.283920
566.220032, 121.202499, 128.559402, 119.687057
569.905701, 116.746284, 121.887634, 115.028458
570.067444, 116.378372, 122.256355, 115.927963
570.576294, 116.726700, 122.821960, 116.804115
569.678650, 117.661285, 124.248749, 117.604019
570.687500, 116.678711, 123.959671, 116.817902
571.264038, 115.732430, 123.958290, 117.616035
573.758850, 117.790695, 121.916687, 114.191071
568.149658, 121.268158, 123.995209, 109.132202
573.188049, 116.745392, 121.057716, 116.398796
571.801453, 117.096230, 121.080963, 114.201584
570.813232, 115.879990, 122.868713, 115.605850
570.443054, 122.192551, 120.761459, 109.046577
565.831055, 119.549622, 127.524017, 112.911842
570.647766, 122.120071, 122.412041, 109.334656
567.494873, 122.417473, 126.336662, 110.627831
569.830811, 118.437103, 122.626450, 111.842400
568.389526, 116.811844, 123.894653, 113.194519
571.904297, 122.892853, 122.242050, 108.346786
570.938049, 124.031654, 120.891060, 106.052017
567.947021, 125.122681, 121.367584, 105.328957
563.385132, 130.245361, 121.408348, 102.719025
565.878052, 136.155380, 114.770348, 105.150024
559.012207, 138.169800, 121.460197, 109.826714
564.541931, 147.642517, 118.043419, 113.212952
561.023499, 152.200165, 123.297218, 112.308128
559.711060, 152.176346, 121.694397, 105.631310
567.047607, 146.972702, 119.721657, 105.822655
568.949524, 141.200226, 116.159454, 105.349281
567.417297, 136.033066, 123.713379, 112.646759
568.847412, 132.124756, 122.401390, 113.020004
571.230042, 130.479706, 122.318039, 107.443604
572.073364, 127.988693, 122.147163, 110.340904
571.998962, 127.118179, 124.302238, 111.169205
573.096008, 123.077744, 125.022156, 112.370743
573.766846, 124.252319, 124.279617, 112.311264
579.964966, 124.016808, 118.323044, 110.867287
573.783875, 121.925735, 128.225403, 117.968689
576.659668, 122.961067, 126.297340, 115.220146
580.244446, 125.383820, 117.055977, 113.296730
578.412964, 124.930695, 117.325455, 114.397552
573.551819, 124.525566, 124.057709, 117.027802
576.740112, 130.743561, 119.766647, 110.480415
575.560303, 128.635544, 121.644936, 112.958984
569.774658, 124.537621, 127.627098, 122.631004
572.727417, 124.969864, 123.699333, 114.294037
572.979309, 127.536987, 123.423042, 115.735680
573.889832, 128.749313, 120.537910, 112.146584
572.754028, 129.797882, 121.894257, 114.126968
570.732605, 128.190765, 121.405067, 111.937347
569.362000, 128.298615, 122.823036, 118.538002
569.263611, 129.451004, 125.144577, 114.946075
570.522644, 130.496399, 121.057716, 114.928680
570.271545, 130.468628, 120.399048, 114.622963
567.998474, 128.008621, 124.357620, 116.042000
568.193542, 129.037125, 124.564407, 114.178627
569.132141, 129.549362, 121.351517, 111.536911
565.335815, 127.578186, 124.766663, 115.979538
569.775879, 130.781540, 124.904579, 110.737862
569.999451, 130.760742, 122.504913, 108.852493
563.773071, 126.344032, 127.960907, 114.721161
566.057800, 126.585922, 122.680702, 111.367355
563.369568, 125.534050, 123.489960, 113.528496
564.202332, 125.939545, 123.024780, 113.183937
564.208313, 127.307587, 124.588036, 115.582108
564.498840, 126.050568, 123.089676, 114.450539
563.739685, 126.773560, 124.077682, 115.308815
564.066833, 126.760529, 121.034401, 113.069252
564.554993, 128.240936, 126.143669, 113.081017
568.270264, 124.800919, 123.708595, 112.399574
562.186951, 127.266693, 123.801964, 111.806168
562.117371, 125.526627, 122.605537, 115.597382
562.231750, 126.073212, 127.826706, 117.547691
566.901245, 126.305321, 125.146713, 114.408432
561.798767, 121.614952, 130.018509, 122.284172
563.261597, 122.917160, 125.584930, 119.070152
565.639343, 123.497879, 127.970673, 120.530922
563.659790, 123.068817, 126.357140, 119.228798
563.107910, 122.937355, 129.679413, 121.680313
558.440063, 120.259583, 139.070602, 129.512604
564.216614, 123.729897, 127.374756, 123.463036
565.317749, 124.104744, 125.657135, 117.712799
564.130127, 121.251068, 129.508026, 125.628769
564.969238, 122.710640, 131.983749, 126.996292
563.548157, 121.625504, 130.686447, 123.449272
565.184387, 120.624283, 124.745995, 124.877014
564.272217, 120.742172, 126.868248, 119.522881
563.500916, 121.888748, 128.673065, 119.415314
566.097656, 122.671249, 127.032501, 118.262619
567.714478, 123.701485, 127.167969, 118.391678
565.333130, 125.643326, 129.520569, 117.720131
563.501770, 126.748466, 125.750572, 120.978722
568.261108, 127.661301, 123.113434, 116.881737
562.016174, 126.962906, 129.186127, 120.219742
564.156067, 126.199646, 127.402542, 119.442680
563.864136, 124.344833, 128.670486, 122.296768
561.913025, 129.374313, 130.054993, 121.275879
565.093933, 127.855133, 129.138367, 121.723320
564.558594, 123.741119, 128.157364, 120.610954
564.514954, 123.923805, 127.610146, 119.905327
561.316895, 123.121185, 125.783401, 121.773232
564.790833, 125.806854, 126.940453, 118.036888
563.974182, 123.884827, 127.146606, 119.171936
564.001648, 124.080078, 123.707520, 118.075233
564.479370, 124.371376, 128.464081, 118.601250
568.271057, 127.152023, 123.753639, 113.486275
567.515320, 124.793991, 125.806519, 117.065170
566.254883, 122.805389, 127.659988, 117.783424
566.510803, 122.656990, 127.033195, 119.276131
566.035828, 122.596924, 127.663834, 119.186623
561.378662, 121.164734, 131.391296, 123.491188
564.895874, 122.452637, 128.040359, 121.664421
563.564880, 125.596230, 126.386627, 115.082253
564.566956, 126.511124, 125.642456, 114.032127
563.872742, 126.768936, 122.741753, 117.552002
559.651184, 125.867294, 125.041687, 117.249557
559.578369, 126.854645, 126.830757, 118.415543
558.729370, 126.863068, 121.079704, 114.690529
554.300659, 121.921906, 126.000015, 121.063507
548.789551, 115.306908, 140.083252, 127.707733
553.579224, 130.244064, 119.733818, 112.606316
559.322998, 125.719360, 120.961380, 118.979317
555.977661, 124.140564, 126.025970, 121.782005
551.660522, 121.071762, 127.952209, 128.906265
559.087646, 126.808182, 121.350258, 121.646469
556.290527, 127.053452, 125.296928, 124.736267
564.138123, 129.956833, 121.885559, 123.786522
563.440918, 130.757263, 121.600075, 121.974625
561.277710, 128.061462, 124.247612, 119.538857
570.907654, 131.895447, 119.638176, 117.367683
564.550049, 129.223175, 123.763535, 117.282043
570.594299, 130.393829, 124.370094, 117.191414
569.457764, 128.824371, 128.251175, 119.211929
568.356140, 126.559128, 131.691467, 127.446457
570.841736, 125.853416, 127.671013, 122.344292
576.816345, 125.114479, 123.330360, 117.158844
577.823792, 126.531586, 122.748749, 112.811111
575.884583, 121.066452, 128.392624, 121.769157
577.608032, 123.967255, 123.885704, 116.002319
577.339294, 126.736221, 121.725777, 114.628632
577.560425, 125.775238, 129.055450, 118.518463
574.469604, 122.218681, 128.722778, 120.881905
577.379639, 126.660065, 126.359528, 117.955650
572.916748, 123.915092, 125.998566, 120.514198
577.252258, 126.481827, 123.948395, 115.749992
570.299683, 128.916550, 124.884865, 114.145302
573.231750, 128.579346, 119.309662, 112.958656
568.075928, 125.087227, 125.711380, 117.840424
566.440979, 127.958923, 126.872719, 115.413734
565.960815, 129.248016, 124.907104, 116.118782
562.021606, 125.944519, 130.784164, 122.009407
565.145813, 126.322945, 125.163979, 118.024567
566.946838, 126.759781, 122.704453, 118.888603
564.080688, 120.793411, 124.679459, 121.156471
570.260986, 127.361328, 119.552925, 114.951485
571.914734, 127.155365, 119.753418, 114.773720
562.992798, 119.341896, 124.865768, 123.872849
566.835205, 125.278091, 120.450897, 114.706665
566.323547, 123.594551, 122.175705, 114.817863
565.510742, 124.252342, 123.119987, 114.323441
567.661438, 125.127518, 119.790337, 112.253609
567.356445, 123.878433, 122.425652, 113.029320
565.440979, 118.193268, 128.867386, 119.667000
571.029846, 119.803802, 121.492020, 116.624496
570.488098, 122.442032, 123.320915, 115.078674
567.013916, 120.391319, 122.154221, 113.221634
569.433167, 118.112099, 124.330086, 114.961479
570.691956, 118.518242, 122.304993, 111.979286
570.831177, 118.405228, 121.887383, 110.644295
569.363647, 117.255867, 125.719444, 116.133034
566.816040, 115.263512, 129.773224, 118.756729
568.607239, 119.778214, 125.593559, 115.064316
568.376953, 120.934433, 126.909264, 114.882576
569.520020, 122.716324, 126.577278, 115.116486
570.813354, 124.070847, 126.497330, 117.487129
573.459778, 127.341774, 120.632294, 115.759750
574.990417, 128.172073, 119.581787, 114.102913
570.858521, 131.463470, 121.650169, 115.649414
568.268677, 130.292038, 125.732109, 119.946205
574.769043, 135.557266, 122.301216, 115.699738
573.624329, 136.176331, 122.742004, 116.636368
573.276550, 138.422928, 122.553116, 116.086067
580.742981, 141.196793, 119.256042, 114.770660
579.394104, 140.548370, 121.528816, 116.063606
572.555237, 138.167862, 125.587135, 117.615326
575.712097, 136.712601, 121.170242, 117.727440
573.497070, 134.761261, 125.615234, 116.794235
577.546082, 136.219482, 118.778893, 114.831749
571.808655, 135.238937, 123.928551, 115.631943
578.382385, 130.532043, 119.833809, 116.460403
573.727173, 128.627701, 127.814606, 118.202301
574.287903, 127.605370, 126.539162, 120.286552
573.797119, 129.570557, 123.537468, 119.239799
576.462219, 125.949387, 124.038933, 121.557953
575.702942, 128.407043, 127.778755, 119.505554
574.827148, 126.655060, 125.505669, 118.212425
576.251709, 126.709396, 124.093056, 120.063988
574.742981, 126.417236, 127.129219, 122.339531
575.244202, 129.133774, 124.898849, 117.088379
574.494202, 127.515625, 128.791016, 119.993584
573.812866, 129.084839, 126.738388, 122.251282
573.562988, 132.504837, 128.058502, 117.573433
571.989441, 133.147171, 128.874374, 118.552666
571.940369, 132.515976, 123.929871, 116.808777
571.077942, 126.932320, 128.367798, 125.209946
573.242310, 131.539001, 126.175110, 117.214073
568.292908, 135.789841, 128.718369, 118.824593
566.052246, 131.090378, 127.270164, 115.914597
565.470398, 132.474075, 119.638054, 111.420456
566.200378, 138.722275, 119.416519, 109.873619
560.439758, 137.505951, 121.186371, 111.366974
560.041687, 143.250610, 122.394272, 110.128822
559.356506, 146.161484, 118.922989, 106.399956
553.119873, 145.752487, 121.968346, 107.852226
549.716797, 145.500473, 123.593918, 111.304817
545.460632, 143.247131, 125.588898, 115.227112
543.891968, 145.651703, 120.920105, 108.380989
541.318848, 151.128021, 121.402428, 107.372520
539.142822, 149.552765, 119.530754, 106.055550
528.248352, 141.156876, 133.998444, 120.027077
526.126160, 144.896851, 129.535507, 119.948441
523.525513, 143.782150, 129.352097, 123.896667
518.845459, 147.256454, 130.791290, 120.996590
517.890503, 148.435669, 132.956894, 126.397003
516.555542, 148.416992, 127.325233, 118.759087
517.362732, 147.755554, 126.716965, 121.803917
516.550171, 145.999664, 126.088097, 120.530525
516.728333, 144.056824, 123.966667, 123.534019
513.100464, 150.449463, 126.956963, 116.479210
515.188293, 151.578461, 122.924919, 112.645607
514.337402, 142.108765, 126.963638, 122.218155
514.569092, 140.024124, 127.518036, 125.147324
513.396606, 135.299088, 129.031067, 124.158989
518.310120, 144.468384, 124.965576, 115.351692
518.700500, 134.316147, 128.742310, 125.825867
520.300232, 132.175323, 128.534271, 124.443428
525.744690, 134.352829, 131.936691, 125.326523
532.890808, 134.546997, 126.302574, 117.638977
536.738831, 131.686768, 129.098495, 122.309326
537.477966, 133.020050, 130.129974, 117.700569
543.713501, 136.285446, 131.394760, 112.121002
547.219238, 130.790924, 127.868599, 108.085762
557.723816, 128.429901, 124.651421, 110.428345
562.502380, 126.818138, 122.331581, 110.371590
567.069275, 122.708313, 126.728180, 116.956139
571.295715, 119.241837, 123.006889, 118.195343
572.179138, 120.567825, 122.566727, 118.363739
574.445129, 121.846359, 116.866516, 111.840157
568.510071, 122.148483, 120.815895, 115.645615
564.535400, 121.865440, 122.185532, 118.792778
559.970947, 121.818924, 121.762192, 115.645248
548.278320, 121.750305, 127.837921, 119.761818
543.698303, 128.065079, 126.478615, 113.862717
538.543152, 132.952362, 126.226585, 109.048904
532.555420, 132.979004, 125.564957, 113.057579
529.087524, 137.370819, 127.028595, 110.644920
532.215027, 139.725586, 125.926552, 113.614784
533.645813, 141.847733, 121.975845, 113.036110
537.236572, 139.218140, 118.204712, 112.500816
539.728333, 139.950684, 115.715889, 111.405487
541.408630, 139.445648, 115.809647, 113.004494
538.860779, 134.850891, 123.520767, 116.486572
544.880188, 136.656387, 119.588211, 112.981194
545.134460, 134.688461, 122.001305, 113.052010
550.055420, 132.826965, 121.532532, 111.673134
555.993164, 134.778580, 121.838615, 110.047432
562.398193, 132.330307, 118.129669, 111.723969
564.063538, 128.800690, 123.949593, 113.912666
566.079956, 127.178955, 124.658104, 114.712006
571.818237, 130.396957, 121.439407, 111.227371
576.677734, 129.760956, 120.601929, 113.712486
579.076233, 125.868271, 121.866470, 115.033127
580.379333, 126.412979, 120.129440, 117.420532
583.085022, 124.094818, 121.858528, 117.398582
583.833618, 123.831161, 121.706810, 118.562721
586.153687, 123.888458, 122.653107, 114.412880
585.437988, 124.821960, 123.798561, 114.748497
586.656006, 126.634689, 119.711205, 115.571220
583.819275, 125.978722, 123.015015, 116.454681
580.970032, 124.795799, 127.273064, 119.003075
579.863159, 126.459778, 128.550140, 117.405258
580.310059, 130.434387, 124.908112, 114.070534
578.744507, 127.776764, 121.885559, 116.238930
577.493164, 128.372345, 122.725815, 119.565193
578.634766, 131.196136, 120.974800, 112.290527
574.789551, 126.806969, 124.468826, 117.691277
571.606750, 126.594635, 125.462318, 116.910736
568.786621, 126.519058, 125.226608, 117.167679
566.109131, 126.886208, 125.463135, 118.223114
563.720459, 128.090439, 126.052185, 118.355583
565.248474, 129.268341, 124.331352, 116.778839
559.422852, 128.665680, 126.253304, 116.833336
562.469604, 129.453293, 120.685158, 114.611221
558.252136, 127.563004, 120.710358, 113.355370
557.354431, 129.034317, 114.464073, 114.404053
549.897644, 125.251846, 121.312134, 116.233894
548.045715, 128.242355, 121.780838, 114.801056
542.060303, 124.986519, 125.625565, 117.446281
545.013123, 126.223907, 119.218239, 114.692917
538.885193, 126.469604, 123.264076, 113.889580
531.760376, 121.323662, 130.634018, 122.730682
536.811218, 133.243332, 119.835327, 107.805389
532.984009, 126.738480, 123.169067, 115.729942
533.424500, 125.716904, 130.726776, 119.881393
532.496826, 125.374084, 130.996185, 120.418343
530.020386, 127.342819, 130.580902, 117.544998
534.136902, 126.852127, 121.517853, 113.926300
530.004089, 125.487923, 127.285095, 118.221672
533.607300, 126.438553, 134.335403, 121.749718
530.892700, 124.131592, 134.637024, 125.265961
529.629395, 124.711761, 140.324310, 128.457443
530.236328, 126.807770, 132.664413, 123.301926
529.599670, 125.920731, 128.761475, 119.690002
530.598267, 129.008209, 129.254242, 115.213882
536.142090, 128.705811, 124.124054, 113.181183
538.017090, 127.422295, 126.658623, 116.091736
538.276123, 131.912491, 124.991974, 112.488968
542.988098, 126.521446, 125.057060, 119.290443
541.253784, 130.458435, 128.525513, 113.334038
547.842773, 128.766403, 122.333534, 111.287094
545.322449, 131.456512, 123.076637, 108.307030
550.006775, 124.610779, 126.986885, 115.419426
553.815857, 127.695572, 122.897194, 110.080414
557.789978, 129.173904, 123.444847, 107.495308
561.421387, 126.101044, 124.993423, 110.230125
561.882385, 124.125458, 129.548737, 113.535477
570.963257, 123.010880, 123.721825, 113.306465
572.770020, 124.299736, 125.666206, 113.497910
576.324341, 121.079163, 125.514931, 116.167839
579.840637, 124.359833, 124.530136, 110.063240
581.671021, 120.825668, 126.085831, 116.013191
584.227844, 120.445023, 125.842499, 115.583359
587.558472, 119.380539, 124.047882, 119.481308
590.164368, 119.805252, 125.361946, 118.002090
589.981201, 120.879272, 126.625168, 119.300529
593.727539, 121.306892, 124.927139, 118.873985
595.178467, 120.713058, 125.973549, 117.732224
607.308167, 119.281311, 121.421890, 116.816429
599.617920, 124.404312, 119.956924, 111.438873
601.203735, 125.761963, 120.765114, 115.498451
604.023071, 130.153320, 121.624016, 115.327728
602.151184, 131.328461, 124.482880, 118.836845
603.206177, 135.193817, 122.611710, 118.149338
603.701355, 135.854691, 120.642563, 113.308868
604.143799, 134.722549, 120.081741, 113.491142
607.031982, 129.129669, 120.128113, 111.196762
610.234375, 124.240036, 123.047150, 114.551277
614.815735, 123.933067, 122.480530, 112.792992
612.285767, 116.222702, 128.668411, 122.393463
620.437317, 114.978111, 123.811546, 121.279350
621.247375, 115.354813, 123.999748, 120.931587
629.493042, 115.337265, 126.103790, 124.789726
627.127808, 119.248512, 127.997894, 119.863129
629.418701, 121.464813, 123.681244, 116.299721
628.262146, 127.649628, 124.079384, 116.299393
629.952881, 128.367218, 123.746712, 116.727249
633.328613, 132.594116, 119.222458, 115.823563
627.670288, 133.039017, 124.711655, 115.880478
624.304260, 136.356491, 127.093056, 116.530327
620.815857, 138.030258, 124.589989, 115.577278
625.443298, 131.603409, 120.233276, 119.037956
617.679016, 131.690140, 121.688980, 118.803658
613.239319, 132.975266, 123.352921, 116.133919
604.066406, 129.419189, 128.622543, 118.931725
597.438538, 129.999512, 123.613831, 116.324585
588.866577, 128.224945, 133.099411, 118.635925
580.774536, 130.013641, 124.808434, 112.209358
572.273071, 129.701263, 127.885742, 113.150620
568.889038, 131.705963, 127.471848, 111.260063
562.600891, 134.181702, 125.471077, 110.025169
558.788147, 131.279541, 125.285835, 115.589180
558.028564, 133.459839, 124.448853, 116.899963
552.061523, 130.225006, 126.799698, 121.223694
549.924561, 129.020386, 124.049583, 117.195724
546.502014, 127.132355, 124.921219, 116.040405
545.631470, 125.803795, 126.070396, 119.625122
543.989929, 123.497086, 127.783287, 121.871323
539.034241, 126.080322, 126.112610, 117.661659
540.651428, 131.126343, 121.910889, 111.253860
537.028381, 124.271309, 126.244164, 118.061462
541.938843, 130.864059, 121.886063, 112.638603
538.641479, 126.275085, 130.442429, 121.282196
538.645325, 126.483879, 130.371414, 119.411995
541.686340, 125.555054, 127.664459, 116.992638
541.785461, 122.622597, 126.713058, 118.067635
543.619019, 124.346619, 121.106232, 113.447655
543.355957, 124.978523, 122.873756, 113.805855
544.775879, 127.311333, 123.315994, 109.566635
550.623291, 126.955826, 120.964653, 110.439827
552.603760, 126.659424, 119.404297, 109.498711
547.788940, 122.405518, 126.495438, 113.517044
553.061768, 130.637054, 121.854248, 105.832588
554.536133, 129.170166, 123.189293, 106.338173
558.601624, 129.323776, 121.883224, 109.912247
557.727661, 129.768967, 124.299591, 105.600517
559.572693, 126.993149, 123.558701, 112.707054
562.013794, 124.455582, 126.723709, 117.548996
561.257874, 123.807022, 122.439011, 114.181366
567.230774, 126.118591, 121.993675, 114.988831
563.472595, 124.937912, 122.956421, 115.677170
565.502930, 126.753204, 120.347755, 112.522354
565.852661, 127.127289, 121.599571, 113.075447
570.593994, 125.952469, 122.242744, 113.507301
570.665588, 127.524124, 122.934113, 111.431107
567.810303, 127.070045, 120.883629, 112.014015
564.827148, 125.608429, 124.552437, 112.669472
564.690918, 123.785912, 125.286339, 115.086380
569.240479, 125.322807, 123.091316, 114.816818
569.953613, 124.206566, 124.235451, 115.657700
567.131165, 121.542534, 126.470360, 115.952690
568.657104, 122.904160, 124.822044, 116.178474
569.112366, 123.546600, 126.789169, 114.811897
569.884399, 123.740059, 123.841095, 115.947067
565.338257, 121.552246, 126.187523, 117.494698
567.097107, 122.354996, 124.448479, 114.647430
568.053589, 122.147964, 125.874756, 114.727882
566.781860, 123.717773, 126.800957, 114.058441
568.474976, 119.146866, 126.953682, 115.218559
569.245422, 119.356476, 125.067772, 114.906059
567.061218, 119.348755, 127.393280, 115.522499
564.249695, 118.017334, 129.994888, 116.807648
565.950745, 118.180222, 129.131439, 115.283409
570.053894, 122.709717, 124.219826, 111.053230
568.994812, 115.841827, 128.576614, 116.531288
573.542542, 117.277138, 123.199684, 114.467468
579.051331, 119.566849, 121.775673, 108.529114
580.707275, 114.219086, 125.983948, 114.179741
588.692322, 115.563065, 122.962723, 110.391953
591.737549, 111.019440, 125.044083, 115.212296
594.991516, 106.339890, 128.285645, 118.908806
600.541809, 106.992111, 126.299423, 121.852730
599.280518, 103.850952, 129.761566, 124.930824
600.439819, 105.676826, 128.285019, 120.891731
600.415466, 106.683167, 126.781677, 121.288322
603.747498, 111.014069, 120.656929, 119.370438
599.410522, 114.557053, 122.944008, 119.494507
596.900208, 119.746246, 122.026192, 111.162903
596.008057, 123.268036, 122.576172, 113.792633
594.756592, 127.773918, 119.398438, 110.646614
591.338562, 134.461777, 119.584869, 109.382698
595.991516, 132.882477, 123.955452, 120.810600
596.973572, 146.201416, 118.929291, 111.421593
599.752075, 143.948502, 114.691086, 110.649048
598.098938, 146.231995, 119.518402, 116.662758
597.598450, 144.687408, 121.867035, 115.802505
595.182434, 143.512985, 121.446152, 117.448883
594.345032, 143.368805, 122.882698, 112.588890
595.513489, 141.335175, 124.640900, 115.389977
597.502258, 139.689850, 123.015518, 113.906799
583.502991, 138.311127, 123.354370, 113.859962
585.859131, 137.543030, 122.761162, 113.182320
583.127625, 134.973145, 122.253014, 112.958115
