1058.402222, 195.445084, 122.845718, 120.841896
1056.855103, 190.230209, 122.798965, 123.466995
1059.453369, 193.302338, 117.354942, 107.686211
1059.155273, 190.053360, 121.050026, 121.799889
1058.351440, 188.997284, 122.975006, 123.291756
1054.423706, 188.611923, 125.952950, 125.242493
1055.280396, 189.320435, 124.794762, 125.442085
1055.351318, 188.389175, 121.665352, 121.476799
1055.203003, 189.206085, 120.916710, 121.316658
1053.304077, 192.265289, 118.895081, 109.508102
1049.605469, 185.025711, 121.023819, 121.498665
1046.570679, 184.296661, 122.824547, 120.981277
1045.321777, 192.453186, 115.152237, 105.153732
1045.141968, 188.592041, 116.489609, 118.467369
1035.763916, 192.768463, 115.208313, 103.709045
1033.795288, 188.662811, 113.124306, 115.168358
1021.257751, 179.510880, 121.528435, 120.851807
1013.115295, 176.135895, 124.258827, 124.724632
1009.665955, 180.914871, 120.592224, 116.884613
999.872070, 176.813843, 118.679153, 118.398232
990.008362, 173.576019, 121.896141, 120.104050
982.200989, 171.593597, 122.638741, 121.539642
971.054504, 170.255646, 128.441452, 130.907150
971.584656, 173.535431, 119.636284, 118.882545
958.819458, 170.626480, 121.801636, 120.779030
952.122986, 170.431107, 119.885033, 121.994926
943.533691, 170.462921, 120.292122, 120.680168
937.556946, 166.840576, 117.445107, 121.643524
930.802124, 170.536072, 118.902763, 121.904495
922.452698, 172.571457, 126.716400, 118.162300
910.655579, 164.888474, 122.868332, 121.819405
905.019409, 172.313400, 116.780830, 121.999374
894.033142, 167.043274, 124.596542, 126.668724
890.016663, 170.360565, 128.793350, 119.791092
879.944580, 170.874023, 133.768356, 124.471153
872.304565, 163.369476, 123.414917, 130.507858
868.658936, 169.899277, 129.438156, 119.418602
862.760132, 167.929779, 135.261856, 129.666977
856.187134, 161.933838, 120.503197, 128.348007
854.442749, 169.233047, 117.793221, 125.592796
839.894897, 167.703308, 127.333549, 125.834061
669.604858, 602.701843, 45.428699, 37.617519
835.519287, 170.349899, 121.223106, 132.643127
827.625305, 177.524765, 125.439575, 126.576706
833.786682, 171.461746, 122.448524, 131.798279
824.866028, 171.242416, 122.796196, 132.270020
824.768250, 173.334885, 120.620010, 130.612518
815.717468, 173.849396, 128.664307, 139.090591
817.633850, 186.025009, 119.317726, 126.919991
814.587891, 185.951172, 123.103668, 125.714714
808.789551, 180.656281, 132.046631, 140.701309
808.354004, 179.811539, 128.483551, 134.246765
809.392029, 180.212952, 126.113174, 132.070343
808.999451, 177.453888, 123.128235, 128.523911
810.043091, 178.682251, 120.283424, 123.383957
808.369385, 178.134811, 121.685196, 129.381851
807.854004, 176.237213, 121.561516, 132.417511
809.702148, 176.556564, 122.486267, 130.744553
806.518311, 175.172363, 119.545113, 132.382736
809.247498, 174.256165, 120.298988, 131.777222
809.538086, 176.210419, 112.976555, 123.340942
811.466614, 167.154007, 122.794495, 137.949753
816.894531, 165.328949, 122.768723, 133.366287
821.712158, 159.439041, 124.417099, 133.823761
822.424194, 152.515564, 126.475967, 137.819244
831.099304, 144.047394, 126.297340, 137.023453
833.154297, 137.349319, 127.652679, 134.420029
842.879761, 124.550110, 125.859009, 135.378113
844.974731, 121.978073, 124.453644, 136.128174
851.840881, 123.350876, 129.706757, 132.887054
737.984070, 597.653503, 61.217960, 59.848373
860.316101, 107.758011, 129.704239, 135.281540
867.066895, 105.261581, 131.609940, 137.228104
877.187134, 105.805176, 125.022972, 130.072418
878.812683, 107.449295, 132.308426, 132.302490
890.079956, 101.755188, 124.654129, 129.215042
887.364929, 98.938248, 128.178146, 129.175323
896.230103, 106.253059, 127.988693, 133.470032
892.324890, 95.536438, 142.751450, 141.227478
901.157898, 104.650269, 129.567505, 133.811935
900.192993, 102.035126, 142.942368, 137.627625
907.319397, 103.759705, 130.900040, 133.561996
913.591187, 110.139427, 129.151672, 130.246552
916.577393, 109.997314, 135.227585, 132.010422
920.356873, 109.820206, 133.715485, 131.812180
927.432251, 112.845116, 128.553604, 130.807877
932.258667, 117.543472, 128.640869, 117.860992
936.982910, 116.640396, 127.265694, 119.453300
933.996338, 126.367859, 131.757492, 129.225037
935.888123, 112.883163, 131.539047, 125.819633
939.018982, 117.679527, 125.829521, 114.961067
938.166748, 109.582771, 132.722687, 130.126221
939.192505, 109.578865, 130.936020, 130.939453
939.071350, 109.725220, 131.531677, 133.183914
938.248413, 105.411026, 130.519669, 137.655838
942.495911, 111.724365, 121.453148, 127.669128
945.521545, 115.582336, 127.592697, 129.125061
933.679260, 115.982071, 132.510925, 130.710159
938.855652, 118.421890, 121.422966, 126.102325
929.972107, 110.687897, 138.092621, 139.458038
931.820557, 115.141472, 124.875977, 133.238922
927.035767, 112.477745, 128.964600, 139.233444
923.563721, 114.714134, 128.406494, 140.536011
919.505859, 119.128372, 123.827988, 132.964157
913.993225, 123.018158, 124.730621, 132.233292
909.463745, 119.211189, 125.515617, 132.348343
904.648743, 118.148911, 130.084412, 136.108322
900.167664, 110.503670, 129.340240, 133.597214
641.945068, 473.788544, 48.250511, 46.659019
897.222412, 107.265335, 125.335106, 129.241425
887.215637, 109.613174, 120.578484, 125.113556
887.707703, 113.592812, 115.839699, 122.153107
877.502197, 116.312622, 120.241905, 119.569679
869.585510, 117.679214, 119.448715, 132.863892
861.495972, 126.892075, 118.838623, 117.250870
858.433533, 131.104492, 115.020676, 125.258934
853.025269, 140.218079, 112.727425, 121.030373
849.394348, 148.112854, 109.882050, 116.782623
840.861023, 151.285065, 114.822014, 127.179039
839.452820, 163.527069, 113.237778, 122.725426
836.709351, 173.666916, 113.445320, 118.999207
835.035889, 179.558228, 111.513161, 117.750648
832.570190, 181.703522, 114.100655, 124.190720
835.704163, 186.016968, 114.645096, 122.430298
836.791870, 185.246140, 114.124535, 125.012032
838.710388, 184.045517, 121.284538, 128.638550
840.387817, 186.483566, 117.965225, 125.521317
844.460815, 188.693527, 115.352722, 120.622383
844.676453, 188.788193, 123.406792, 130.827835
855.537292, 194.110321, 118.270744, 118.240097
861.273804, 188.337921, 129.881088, 134.132324
875.515259, 188.037460, 126.236984, 126.028778
885.234985, 181.708893, 124.019463, 125.842087
898.598145, 178.415695, 123.503571, 123.138550
907.119324, 175.657196, 121.670395, 119.383392
917.495483, 182.717773, 122.238396, 113.162437
926.759155, 173.510971, 121.614319, 122.772675
936.489563, 174.907364, 117.816086, 110.689758
949.786804, 175.690063, 117.675835, 117.988182
953.679565, 169.513733, 116.470459, 123.735886
961.602173, 174.067261, 122.088570, 125.325661
971.030518, 180.013092, 122.262650, 127.671791
981.294128, 179.031860, 124.958267, 129.909470
993.939880, 176.257019, 117.928368, 125.557404
996.415100, 171.987106, 125.767586, 133.022995
1002.817688, 175.446320, 123.378311, 128.758728
1014.327820, 180.574066, 122.817047, 132.024292
1031.450073, 176.029587, 125.501945, 131.857117
1055.947388, 176.414032, 129.455734, 133.469391
1076.507690, 178.886566, 127.320824, 133.094482
1089.497559, 178.198608, 130.809875, 136.971268
1099.965576, 179.769043, 129.470856, 134.178833
1113.143066, 182.689941, 127.267647, 132.546844
1127.265015, 185.510101, 127.980377, 135.651810
1138.610718, 192.840958, 124.841515, 128.141281
1143.780884, 194.462021, 131.635895, 140.379974
1157.061157, 203.225952, 125.623177, 135.278702
1164.954956, 203.368744, 121.315536, 129.343979
1173.862915, 209.219879, 116.316216, 127.304855
1177.867432, 208.449524, 111.262077, 120.775284
1183.577637, 215.396149, 118.354355, 116.164528
1183.647705, 212.887482, 113.474495, 113.858444
1185.122803, 217.624969, 117.912804, 111.271767
1179.014771, 208.768616, 113.893616, 121.339462
1175.713623, 209.503571, 115.554092, 130.279266
1169.056274, 214.254105, 120.399803, 131.564911
1166.942505, 218.577301, 121.102829, 133.169403
1166.163574, 226.843704, 115.741348, 120.657890
1162.392700, 232.187744, 108.422874, 111.120491
1151.131470, 238.896835, 112.786461, 109.929474
1146.089844, 243.682632, 107.777435, 107.822151
1139.605469, 245.792953, 106.771347, 104.297073
1132.118286, 246.852570, 108.372345, 102.632835
1125.023804, 247.722427, 105.924416, 103.582153
1118.436401, 247.323822, 105.340218, 102.817627
1092.635498, 237.119873, 124.227829, 121.056175
1095.846191, 240.290085, 112.339241, 107.976982
1088.268188, 249.088684, 109.150856, 105.068169
1070.949219, 241.420227, 114.137955, 114.153084
1064.375854, 243.347534, 114.095360, 115.086952
1050.161011, 243.599274, 120.602051, 111.540672
1040.192993, 249.475555, 114.871605, 109.271782
1031.072754, 249.144485, 111.829010, 106.675896
1010.669556, 244.908417, 117.785591, 107.476814
997.802612, 251.463501, 115.378304, 104.788750
981.899170, 244.083649, 113.360580, 105.181313
966.842712, 245.814880, 114.891197, 102.351807
949.614441, 245.207001, 118.656090, 106.875183
932.904480, 246.882141, 116.877037, 106.111031
925.645142, 253.614258, 103.136810, 87.207832
898.340454, 242.688797, 117.382286, 100.359711
887.685974, 243.409912, 116.244141, 98.065491
873.468506, 242.053802, 114.414238, 98.027374
863.011353, 243.410873, 106.626053, 91.630196
836.632629, 231.733688, 121.745369, 108.778137
838.002563, 243.775650, 103.981354, 88.029961
809.300537, 228.668732, 127.829979, 109.761772
803.746582, 231.104340, 118.414589, 108.381310
801.925293, 238.728302, 108.983574, 95.638680
784.498047, 230.910538, 119.017059, 108.906082
1069.028076, 610.866577, 69.388908, 61.215443
760.174561, 229.582397, 118.836540, 111.546173
757.578857, 235.847656, 116.412109, 101.458183
742.489136, 227.752945, 123.998863, 114.866837
739.987244, 230.082520, 127.736038, 108.846649
737.239441, 229.830872, 122.125359, 110.622688
740.057007, 239.340927, 115.634865, 106.711555
728.405884, 220.819275, 130.362778, 122.937523
720.569702, 217.309326, 125.366356, 120.062012
722.750244, 209.622894, 123.905930, 120.313553
716.878357, 205.501282, 125.702873, 122.197762
714.115662, 201.778915, 119.280739, 120.039352
714.572571, 195.269348, 124.462967, 123.537491
710.365479, 189.431747, 123.807259, 124.832367
712.622437, 189.425430, 126.548050, 126.797745
711.046204, 188.546783, 124.893936, 124.356941
711.191650, 180.250336, 126.912605, 128.240097
712.068420, 176.433029, 128.739853, 131.688248
714.539856, 172.022736, 123.448814, 125.406158
713.582458, 167.309845, 125.644341, 130.285324
717.144226, 162.638580, 121.348679, 129.526825
717.134033, 157.663666, 121.519051, 128.345428
715.609558, 148.302032, 123.252991, 132.963776
717.864624, 139.077774, 125.127312, 134.423737
716.436951, 132.367538, 122.086868, 129.138794
716.710083, 126.033554, 122.796700, 130.065857
714.121887, 122.971756, 122.905197, 129.365311
715.053040, 122.194519, 121.861427, 129.790009
710.165527, 116.400047, 127.534538, 136.410828
711.502930, 117.125145, 123.027298, 129.543472
712.301758, 114.073273, 123.152115, 132.196884
710.547485, 118.507782, 128.565323, 137.040298
618.954529, 587.207825, 67.497765, 60.240181
617.858826, 586.429749, 61.925335, 57.515648
707.866577, 101.319214, 130.210114, 139.104218
710.627014, 109.835541, 122.988235, 132.169708
614.254456, 581.477478, 52.796059, 46.948853
718.310791, 101.578819, 123.640419, 132.540924
716.541321, 96.779839, 128.491867, 136.271347
713.475891, 82.323616, 137.931702, 150.850204
717.240906, 82.288391, 133.504730, 145.415771
719.134033, 80.666168, 135.741653, 147.321320
726.256836, 90.057007, 125.670868, 126.229034
723.520142, 78.140450, 130.049072, 135.600922
731.889709, 89.759567, 117.472832, 118.543167
732.771240, 89.593491, 115.713371, 115.544846
731.515198, 88.626556, 120.607285, 124.582436
731.578857, 88.188354, 123.282982, 127.116615
724.262085, 79.847946, 140.571106, 146.575394
722.766907, 83.786163, 134.269058, 148.410477
722.511902, 91.448196, 128.744522, 139.753815
723.208801, 94.406082, 132.918961, 144.807205
722.468750, 100.674309, 126.717033, 139.195175
712.597473, 99.040070, 140.694916, 141.599518
563.835327, 593.127808, 45.248562, 40.580154
718.566650, 102.714249, 126.049034, 133.756226
717.562866, 100.733543, 140.689178, 131.511505
711.412903, 88.746689, 129.208633, 138.825455
707.919983, 87.983963, 144.257568, 145.349884
705.234985, 89.854179, 131.009979, 140.941391
707.590881, 96.506851, 127.504486, 136.816437
713.115784, 100.101418, 119.734825, 126.066345
705.637085, 93.597977, 137.172028, 145.429291
622.672607, 572.399048, 60.839859, 55.429157
623.786499, 575.642639, 60.048748, 55.669960
630.654419, 578.501160, 48.597992, 46.022366
630.305664, 583.198425, 52.824158, 48.392326
709.512146, 107.502502, 133.285660, 143.562622
706.406555, 107.030212, 133.851517, 145.731339
707.445190, 106.579597, 134.095612, 145.123138
646.345154, 587.547607, 49.789448, 46.865921
646.914185, 588.862488, 58.515610, 54.551304
713.538757, 109.113396, 134.909973, 143.312424
716.153809, 108.000237, 134.336792, 140.845963
721.202332, 107.866318, 131.482407, 138.594788
718.747864, 106.844955, 133.457413, 139.596939
719.476501, 111.332092, 124.887321, 125.837196
714.908569, 110.473602, 131.056992, 136.286957
714.135803, 114.131592, 120.869766, 130.089600
710.070068, 120.190025, 111.762230, 121.337959
702.784119, 123.483643, 103.025795, 114.828957
700.895813, 132.866791, 90.063446, 102.474060
704.605835, 136.399155, 85.050270, 102.502953
708.204041, 146.177643, 76.821793, 90.652718
704.342773, 148.763855, 78.886078, 96.890076
708.866882, 156.752106, 62.821732, 77.797646
705.599121, 160.783417, 64.010223, 78.556961
705.127930, 163.856262, 67.983612, 82.715736
705.162903, 166.789597, 83.509567, 101.596031
702.383179, 173.814819, 95.321915, 111.479927
707.959534, 174.208511, 109.145561, 122.424881
713.119629, 181.642563, 107.081848, 114.235374
717.792480, 182.117523, 119.230331, 125.139076
726.743286, 182.893951, 126.234840, 128.077332
734.910706, 179.561966, 131.464005, 135.686371
742.339722, 185.583191, 139.780121, 138.823166
749.801331, 181.563934, 130.007553, 129.884811
758.566772, 184.343262, 129.228470, 120.616127
766.759155, 187.302414, 120.188789, 117.710068
766.731812, 176.521957, 121.037430, 118.038391
766.999634, 176.521469, 128.555939, 124.670876
775.593018, 167.694977, 122.903748, 127.597145
778.617371, 169.742844, 128.839539, 125.378906
783.085144, 171.045227, 125.708984, 122.856049
791.408203, 168.850037, 122.745728, 123.957008
797.050171, 172.391083, 127.484894, 126.247772
801.684265, 167.542679, 123.406288, 120.313255
806.842712, 165.684662, 127.011208, 123.384033
813.334351, 164.792938, 122.220505, 122.138779
815.684143, 164.627472, 125.055923, 123.442886
811.995728, 159.622711, 133.158447, 129.777390
818.609497, 164.133224, 127.092300, 131.551224
819.549683, 158.947556, 130.106476, 131.896774
814.079407, 157.261993, 118.483017, 123.703590
813.805847, 158.961792, 113.316536, 122.388229
817.531006, 166.456268, 98.888023, 113.629036
825.060547, 173.416946, 79.446335, 95.921761
837.818298, 179.585678, 62.701324, 80.193153
847.010193, 181.943466, 61.914688, 77.826515
855.558105, 180.890671, 59.491203, 74.313232
865.561340, 175.971039, 78.680176, 94.481140
874.208923, 177.751495, 78.520264, 90.869431
885.665344, 177.191422, 79.277161, 86.919678
886.894043, 157.244659, 88.773140, 96.401558
900.991821, 177.442474, 83.377068, 89.662910
985.259033, 264.350891, 79.965004, 70.328842
915.734558, 181.720520, 85.085487, 98.072388
917.038025, 172.261169, 86.071159, 100.955330
930.763367, 184.138245, 88.376953, 98.700768
934.395569, 172.705734, 86.996796, 99.576591
946.240967, 179.131058, 93.512306, 94.598618
951.031860, 178.148254, 95.349007, 99.319016
948.214294, 177.524292, 84.138374, 101.977539
948.135315, 178.668243, 67.308052, 78.628502
954.365417, 173.866318, 76.701263, 95.452782
958.811707, 176.204453, 65.815865, 76.257050
966.022461, 183.366333, 71.167770, 88.834236
969.544800, 173.481339, 57.607368, 72.770119
967.278687, 173.834656, 71.412743, 86.006470
973.894592, 169.372131, 69.755859, 84.456711
976.053406, 160.510773, 87.261734, 104.445892
983.864624, 159.229965, 90.610664, 102.839401
987.132935, 149.990204, 105.256989, 112.394844
995.019836, 143.870911, 112.676834, 116.829605
1002.668335, 140.879822, 122.770111, 125.256569
1010.604492, 138.026718, 130.367691, 131.943558
1022.939453, 135.774048, 129.164078, 134.390121
1025.757568, 135.388947, 133.291702, 139.356567
1033.846191, 133.784012, 130.771439, 133.526871
1037.380127, 130.627136, 130.768661, 138.827271
1041.069946, 139.073730, 126.333382, 131.424332
1040.554688, 141.778503, 122.709625, 128.657471
1036.903076, 130.638733, 129.760193, 137.899094
1036.555420, 130.192261, 127.656143, 134.789886
716.925842, 643.596619, 29.437561, 26.057344
1032.353516, 128.517395, 125.592804, 130.369492
1023.300110, 126.865753, 128.823776, 132.892319
1020.518921, 125.927307, 128.479263, 135.108597
1013.214905, 128.126129, 122.171547, 122.250145
1006.240356, 128.349808, 121.193176, 125.478943
994.251587, 130.283142, 122.293213, 121.090012
984.080444, 134.231567, 124.546959, 122.045952
969.370605, 135.410172, 125.047104, 119.892700
950.921936, 134.013123, 129.840271, 120.806877
936.509338, 140.282120, 131.610886, 119.382668
926.423828, 149.848587, 130.829224, 117.160522
907.751770, 146.409058, 132.429962, 129.201202
892.416870, 156.497528, 127.100487, 121.639015
881.020752, 161.746689, 129.446915, 122.884842
870.227966, 167.045135, 120.446739, 118.654213
853.776184, 164.380875, 135.655838, 132.680176
850.086487, 170.629120, 128.673447, 131.813324
841.429871, 180.955566, 122.239967, 123.003220
826.459900, 185.634384, 131.296219, 131.660049
819.978516, 190.988617, 125.087555, 125.772644
803.822632, 192.561615, 133.579514, 122.204727
799.029785, 194.507721, 127.609459, 124.009995
793.306396, 195.604385, 130.683868, 125.109138
784.256775, 192.639526, 125.364532, 125.349625
778.778442, 197.588562, 125.509506, 123.740822
767.496643, 194.469498, 121.694206, 123.470573
762.616577, 190.465958, 130.352066, 132.571060
762.789246, 193.515335, 126.538597, 127.368294
754.412476, 193.223373, 122.108223, 127.902100
759.539063, 194.091431, 115.664223, 122.666679
755.679626, 187.552505, 129.384979, 138.506241
759.378723, 184.692810, 128.786804, 138.224136
759.986511, 185.049866, 128.885590, 138.982407
765.178345, 182.862930, 129.210648, 138.438263
770.137085, 182.662292, 126.464752, 133.688095
776.168762, 183.942810, 125.895233, 132.390396
787.078369, 185.930862, 126.053322, 130.867950
797.043396, 187.907318, 125.488594, 132.747696
807.716064, 196.977585, 123.440369, 129.007889
819.269104, 197.838501, 123.426575, 131.816864
829.853516, 195.058563, 127.282448, 134.550156
847.845581, 200.516586, 117.969635, 120.810875
858.489197, 197.601456, 118.649918, 126.075829
871.128906, 203.464279, 115.465248, 120.416199
883.246155, 213.862213, 118.491959, 115.603287
890.827637, 211.103882, 122.684227, 126.323639
907.118896, 218.325165, 114.334976, 114.194267
915.870056, 217.904175, 115.289902, 121.089195
921.000916, 219.769440, 113.923607, 117.922447
933.871338, 226.433014, 115.024712, 116.693024
935.391663, 232.979797, 120.243668, 115.864502
942.106506, 225.131241, 117.317894, 123.611694
951.312317, 243.136230, 118.018089, 126.081444
956.982727, 241.864685, 116.359947, 125.957642
956.464600, 232.869415, 121.386795, 129.348877
962.871399, 229.613388, 119.023796, 129.503372
964.521240, 231.114456, 120.451469, 135.201248
964.031616, 231.384125, 121.906731, 131.754730
964.116943, 232.526886, 118.241005, 126.868690
965.181091, 233.646805, 115.706314, 125.770905
964.139343, 235.802856, 114.768143, 123.563507
963.974304, 239.334106, 116.268776, 127.663353
962.029541, 238.673492, 117.059189, 130.150757
957.955994, 240.949493, 114.998878, 126.485367
955.513000, 240.759933, 115.949707, 125.516953
952.234497, 240.983047, 115.748528, 126.667885
944.855469, 244.126678, 119.450729, 132.941513
943.062927, 242.065689, 114.198250, 124.462036
938.946045, 244.543823, 120.012184, 130.538422
934.887756, 244.630829, 118.559250, 129.576950
929.849792, 240.487000, 119.346771, 129.924301
923.475159, 243.287384, 118.455101, 126.109840
920.319336, 246.200989, 117.308701, 124.937271
918.072754, 250.032150, 118.547470, 128.904099
917.826965, 252.696884, 118.611923, 129.592453
916.591980, 257.788788, 123.582512, 134.751358
921.245422, 263.265900, 115.793701, 133.264709
923.985779, 263.325623, 114.574654, 127.324249
928.263062, 261.218109, 118.798363, 129.254410
933.612061, 261.488678, 114.863350, 126.784416
939.470886, 259.900696, 116.673149, 130.715195
942.433289, 261.932617, 119.517456, 123.196053
949.967529, 251.783142, 118.283791, 129.090347
958.889709, 258.114319, 123.709724, 117.355011
962.923645, 261.435455, 115.963066, 108.095451
968.130249, 258.510925, 120.615349, 117.854340
969.396423, 265.313934, 118.260849, 112.040894
972.857178, 258.128693, 118.065155, 120.822960
982.611572, 259.810974, 113.056511, 118.148369
983.434509, 257.359497, 110.638504, 114.774513
985.161621, 254.814819, 110.835968, 121.997353
983.530823, 256.206573, 115.351585, 120.323540
985.789551, 253.844238, 114.401321, 120.702202
983.926880, 249.550400, 115.652824, 125.645218
986.756348, 253.456131, 117.571243, 116.946144
980.715759, 244.296906, 117.326149, 128.525253
984.714294, 249.456039, 112.264267, 120.104195
980.886658, 246.536209, 113.157379, 118.903099
977.825806, 242.009720, 115.201439, 123.223587
970.040161, 237.434036, 120.213676, 135.385056
966.692993, 239.852142, 117.514099, 131.448990
963.153442, 242.289185, 116.245590, 124.906837
955.028198, 238.645462, 119.372292, 131.203964
946.651672, 241.116394, 120.422989, 127.046074
941.925110, 243.194000, 121.156067, 133.417465
936.799805, 241.145264, 120.084518, 130.505280
929.931580, 240.233795, 118.001579, 129.020035
922.554871, 236.516998, 119.525963, 130.562164
916.643433, 231.515335, 120.246315, 130.571487
913.973572, 231.342789, 116.489799, 122.164337
900.850098, 226.188797, 122.023293, 134.336807
893.526917, 222.505188, 119.431267, 129.839310
888.311035, 219.505386, 113.058899, 123.783997
875.379883, 216.646332, 121.622063, 131.909912
868.172668, 214.259399, 120.634125, 131.452148
854.212891, 214.758270, 122.640060, 132.593811
847.921936, 212.192093, 116.528549, 126.648590
836.631348, 214.036560, 126.868370, 139.597153
829.351135, 212.284393, 125.925545, 134.111404
818.803223, 213.867645, 123.793968, 135.111191
808.794250, 206.598114, 120.132713, 131.846222
800.751648, 200.016418, 120.760574, 129.626694
791.984253, 198.098663, 114.826111, 127.240005
781.627991, 198.669662, 114.427155, 125.375450
773.065063, 196.028000, 112.819481, 124.106018
766.298096, 199.700470, 113.081650, 120.957077
757.527100, 198.723251, 109.209702, 121.251297
749.750732, 197.347656, 111.599480, 118.532890
739.859924, 194.960342, 107.195442, 117.275101
731.301880, 202.385315, 105.828514, 107.615898
727.157471, 188.541473, 112.672043, 123.844955
720.687622, 186.922791, 115.459137, 124.417480
715.206665, 186.450577, 120.464447, 129.371445
710.388123, 187.297684, 120.673439, 131.983124
707.831238, 185.997345, 124.120842, 134.059265
704.894714, 184.662384, 125.869217, 133.084961
704.828247, 183.778030, 129.839828, 137.429016
703.158997, 184.131042, 129.177124, 138.248215
706.321899, 185.896286, 125.197060, 131.476074
707.848450, 185.911346, 116.824493, 122.117645
701.947266, 182.726013, 121.375328, 122.980766
705.838928, 188.318558, 126.262497, 115.310776
705.900513, 187.074310, 122.316269, 115.924522
703.030212, 185.744019, 122.819061, 118.913780
706.142822, 184.272690, 122.322319, 120.977646
708.015442, 190.902176, 122.340721, 120.689407
707.325928, 184.886581, 121.353470, 122.765404
706.820679, 188.358536, 123.922249, 118.505051
707.536865, 184.705750, 121.063385, 119.231186
708.480103, 184.052872, 120.525627, 120.778030
708.996277, 185.063477, 123.420212, 122.594925
709.738037, 184.019379, 122.887177, 123.352654
709.603516, 182.412613, 126.216255, 125.714851
711.157593, 180.535736, 125.614479, 126.729309
712.334473, 177.128296, 125.209663, 126.497833
712.710083, 181.423553, 121.669884, 119.974777
713.822205, 173.006317, 121.102135, 120.835449
711.058655, 164.504181, 131.772430, 130.415298
711.315186, 164.598206, 124.397949, 127.073135
707.869507, 156.974457, 127.279236, 131.890671
708.158447, 151.639206, 132.110458, 132.954788
708.280762, 143.664444, 123.935982, 130.324997
712.603333, 148.142395, 116.635155, 123.618736
704.177429, 140.329651, 128.459167, 135.349625
705.402771, 135.572540, 125.079681, 131.668839
704.719666, 132.137894, 125.283318, 128.479446
705.411377, 133.028824, 121.738625, 127.286331
702.821167, 140.597931, 126.125778, 127.419525
701.562378, 123.142426, 134.153641, 142.802673
706.691162, 122.185211, 128.205627, 137.498856
704.357056, 125.348053, 132.900238, 144.884277
709.259827, 120.377533, 126.295769, 138.613541
710.683899, 122.912155, 124.728226, 133.507080
708.989868, 120.485199, 135.148376, 148.881546
711.616028, 117.870117, 124.444321, 134.848358
710.860046, 118.102982, 133.920883, 148.925461
710.357300, 117.287659, 134.882248, 146.355240
710.808350, 117.726120, 130.527802, 141.118423
712.768677, 118.420212, 128.390427, 136.758072
712.011658, 121.640549, 128.218536, 137.458008
710.372131, 124.733749, 132.709335, 139.894775
713.130371, 120.454254, 129.022308, 134.434418
709.301819, 126.478745, 130.022552, 133.842804
708.493164, 126.283394, 129.728058, 134.282364
714.133606, 122.702332, 130.609131, 138.621063
719.471924, 121.197975, 133.418793, 141.950516
727.170715, 115.244995, 140.068512, 148.191986
727.086304, 108.602890, 145.454620, 151.362106
736.771545, 105.605576, 146.003281, 154.107254
743.269043, 104.791824, 139.189178, 141.121262
751.422852, 104.545219, 139.779434, 136.484772
756.221436, 111.621475, 135.073029, 137.498505
764.215149, 110.574127, 129.654587, 128.668472
767.690552, 111.597755, 131.590652, 130.143204
773.124146, 108.645279, 129.221542, 130.949493
778.736450, 113.998466, 129.348312, 129.171951
781.130371, 111.872559, 129.487930, 128.087509
785.776733, 129.364853, 126.175049, 123.983772
781.852112, 116.038788, 129.546600, 134.149048
783.749878, 115.330505, 128.395584, 131.006165
777.567749, 116.672394, 130.835709, 132.712036
776.878723, 117.684036, 129.466324, 133.120285
781.389038, 122.963547, 127.941566, 130.168442
775.238403, 120.922050, 139.742065, 141.620972
774.826721, 126.696182, 138.240494, 129.235336
770.612427, 120.597931, 138.280945, 139.944229
769.628784, 123.896683, 138.382950, 129.069000
763.664551, 114.715073, 139.044708, 146.767105
763.025024, 121.048203, 137.724411, 139.575195
756.137451, 118.635254, 129.429779, 135.100327
755.570984, 127.632629, 123.012367, 127.374489
456.373993, 503.950867, 95.930275, 76.435890
740.327087, 121.920120, 128.164291, 136.178192
731.333984, 122.946098, 139.321365, 142.397293
731.529724, 123.224792, 128.476746, 136.641922
724.509338, 127.840332, 138.617722, 146.873413
726.620483, 130.200195, 130.628357, 142.574112
722.112488, 132.822144, 131.697952, 143.720078
722.025452, 146.855743, 121.640022, 122.922279
719.962769, 147.511658, 122.237198, 121.883469
715.200500, 138.746048, 122.793167, 124.875595
706.625916, 139.203598, 133.672516, 141.239716
707.126831, 142.072189, 120.775383, 123.246460
700.041382, 141.663727, 132.652252, 142.530792
696.725037, 145.612244, 130.990952, 140.509659
694.521423, 146.264038, 129.116013, 137.978867
690.456299, 156.790298, 122.001114, 127.192696
687.120483, 153.445160, 127.520554, 134.556030
683.012756, 158.031586, 118.699821, 123.765289
675.066467, 159.488083, 124.638062, 129.838104
672.944824, 163.285599, 123.454674, 127.817284
665.459290, 164.067444, 121.653885, 129.114120
664.230530, 170.985291, 109.835419, 114.948784
658.911438, 170.759521, 116.915344, 120.391350
654.632263, 171.927307, 118.397072, 123.057518
648.749939, 170.954956, 115.448112, 125.425774
645.236389, 174.858719, 119.282570, 127.959602
641.771912, 175.185883, 121.397636, 128.765549
641.151123, 174.996201, 125.665955, 134.630539
643.351807, 174.374161, 125.742508, 132.765778
651.602478, 180.644287, 126.581375, 128.286179
656.465515, 172.994659, 123.301697, 133.394226
658.999878, 170.716660, 118.425049, 125.580132
661.547913, 169.296417, 126.893387, 132.512253
664.057434, 167.467407, 128.438553, 130.782410
662.245850, 168.416382, 130.636734, 133.762070
669.190002, 169.648468, 123.531982, 128.282272
673.018433, 171.856644, 126.979202, 133.376160
671.990295, 170.488220, 128.536911, 140.663544
674.338562, 169.451111, 132.362991, 141.705475
684.624207, 170.804794, 128.704071, 140.062378
689.940247, 170.882294, 127.403046, 133.476776
701.636414, 174.652283, 118.791870, 123.475540
703.483521, 171.162048, 130.849640, 135.284317
710.141724, 173.438721, 132.764221, 131.536118
714.990662, 171.203659, 129.698120, 129.232895
722.819702, 172.208054, 122.013969, 124.015457
724.352295, 168.946960, 128.227936, 128.755661
726.947876, 170.902588, 123.685280, 122.745155
734.950256, 175.153519, 120.311844, 124.747978
738.052368, 180.379395, 121.742973, 111.838165
742.363220, 171.382721, 122.525772, 130.456314
746.514221, 180.309692, 127.589233, 123.128456
748.795898, 175.432297, 123.415672, 128.899185
752.421021, 176.246078, 128.297607, 133.987762
766.693970, 182.463928, 120.650314, 129.629471
763.361084, 180.632813, 130.657593, 135.160721
777.048035, 181.384476, 128.138077, 132.101578
782.870422, 183.803848, 129.190674, 135.819550
795.666199, 179.672424, 127.805534, 135.827499
810.613831, 180.948517, 136.065887, 146.490097
820.441589, 181.281082, 131.749557, 138.441269
836.117371, 185.778503, 125.870850, 124.622116
843.826599, 184.789688, 133.041626, 134.731384
855.955627, 184.810287, 128.416824, 136.141800
867.385010, 185.751114, 132.018661, 139.552399
883.864441, 190.092773, 124.435501, 132.300751
891.435547, 187.277863, 133.119949, 139.101013
905.308289, 190.713104, 131.819748, 137.688782
925.147278, 196.429962, 124.421196, 132.959076
932.784546, 195.486786, 134.190247, 138.146561
944.973022, 197.953995, 124.211449, 125.368767
952.405212, 193.405426, 139.543472, 139.477020
966.592102, 193.326935, 138.183670, 129.775253
975.787903, 211.239395, 124.666924, 121.609291
977.575928, 201.843430, 127.405754, 129.597916
984.586304, 208.033279, 121.542236, 120.839066
992.686584, 214.020645, 119.014786, 121.146347
999.585510, 216.766296, 119.332718, 118.379967
1004.867615, 217.160248, 120.089684, 119.893456
1007.508911, 217.269745, 115.125900, 118.307671
1008.788086, 214.576111, 125.546936, 122.858543
1014.049316, 214.337784, 115.622574, 118.787727
1015.718933, 210.807938, 116.800362, 121.340569
1017.163330, 206.807266, 123.257149, 124.593147
1022.291870, 208.493744, 115.509483, 117.733925
1018.920410, 200.109894, 119.302666, 124.645599
1022.946228, 203.200607, 115.564232, 121.352898
1019.943665, 198.356476, 118.916496, 128.705872
1022.658264, 200.329620, 126.297913, 126.288979
1024.329224, 200.788849, 121.438026, 122.400055
1030.884399, 205.867310, 113.511665, 118.793053
1029.186646, 198.702362, 118.588486, 118.248566
1029.724976, 195.456177, 122.434662, 121.412857
1034.164185, 200.913849, 118.728363, 116.432343
1037.661987, 204.056396, 119.273872, 111.215462
1032.777222, 200.807495, 118.303322, 109.277306
1035.768311, 198.136551, 117.387329, 115.617020
1038.505493, 202.966583, 114.267876, 110.466034
1038.585205, 202.990982, 115.668510, 112.707817
1040.383423, 206.802475, 117.307434, 113.694481
1041.812988, 202.624435, 117.822327, 120.231201
1043.879883, 205.003204, 116.602394, 112.154381
1044.767456, 205.003906, 118.469025, 118.151184
1048.205078, 210.251160, 114.515114, 114.778076
1045.611328, 218.471252, 113.207848, 101.407684
1047.422729, 216.893005, 117.232582, 118.509888
1046.156128, 220.825470, 117.486252, 117.977028
1045.005981, 227.142624, 113.817375, 111.171188
1043.712769, 222.592255, 112.049538, 112.371857
1036.501831, 221.512680, 120.352043, 118.957710
1034.407837, 225.003281, 121.561012, 119.900703
1035.015137, 224.970413, 125.062035, 126.027489
1035.228149, 220.223083, 115.785828, 124.355743
1034.623535, 221.265121, 109.005943, 116.224602
1029.940308, 217.904297, 112.969810, 123.333069
1027.956421, 215.463058, 118.704041, 125.863594
1017.549561, 206.851318, 123.032028, 130.026154
1011.566528, 200.572418, 125.372032, 135.145157
1011.906006, 204.641022, 107.987755, 113.498550
1000.623047, 194.894089, 115.367783, 122.109604
988.636902, 192.052368, 113.119514, 121.246864
980.511536, 191.814255, 108.270592, 117.856712
975.843689, 192.939316, 108.830154, 116.369873
976.332825, 191.044495, 112.751427, 122.027313
971.267822, 193.355804, 112.147133, 119.893219
960.339844, 188.391113, 113.304436, 121.594261
950.384460, 187.265137, 117.343666, 124.974373
942.693481, 191.683594, 116.379410, 128.159485
933.978149, 189.181915, 117.120117, 125.286781
916.113831, 186.368286, 113.193298, 123.197884
913.150146, 183.689240, 113.226875, 121.136948
898.311646, 185.354401, 119.542091, 133.035873
892.088623, 182.063278, 114.599854, 121.916061
877.149353, 179.707367, 117.181740, 127.220818
864.947021, 180.915100, 111.492683, 117.046875
854.728333, 174.371063, 121.722183, 133.567429
847.048157, 171.717194, 120.491478, 131.442505
838.403015, 177.419098, 120.122383, 119.473976
824.107117, 163.072784, 127.408463, 136.416397
814.347778, 162.862320, 127.396805, 135.863525
806.270691, 161.783386, 124.906029, 130.243317
798.819946, 159.643417, 128.294708, 135.104065
783.059143, 162.021271, 131.744385, 138.151688
784.993530, 166.954926, 119.197762, 125.904739
776.966370, 169.276215, 130.213013, 120.873238
770.111206, 164.630585, 120.013321, 125.183121
758.663940, 160.931335, 130.226746, 128.892242
757.132202, 165.188995, 121.706055, 115.276917
743.742859, 158.838257, 129.570602, 129.159103
738.943604, 157.746292, 128.939026, 131.982010
736.283691, 161.650635, 129.088089, 122.371689
731.735229, 152.068634, 128.901413, 127.051338
728.337097, 154.366074, 119.094490, 124.198586
723.116821, 142.335663, 122.467552, 129.857620
716.694580, 139.801376, 125.880867, 135.187866
718.966797, 148.452545, 128.189499, 120.521049
711.686218, 142.499146, 123.478363, 132.603394
703.402649, 140.989090, 137.084457, 140.470963
699.764771, 145.428238, 126.291168, 131.752151
696.151978, 142.234634, 127.293350, 138.071518
687.680725, 146.071411, 128.437546, 134.172958
675.587952, 142.423599, 135.017517, 141.982346
673.927734, 146.725479, 130.068604, 139.997284
667.004395, 144.000824, 133.159836, 145.076736
668.093689, 144.080093, 129.595230, 128.417343
658.461121, 142.419052, 138.398270, 146.249786
652.374634, 141.186737, 139.478821, 145.025406
652.745911, 149.025955, 126.480629, 126.307343
650.694519, 142.199448, 134.423752, 139.834320
648.950134, 150.449936, 116.796646, 114.759270
643.872375, 139.166748, 121.648468, 131.084061
648.310181, 146.160675, 116.335564, 113.966949
641.606018, 136.450851, 122.576996, 126.050163
643.775024, 125.518929, 123.299171, 138.958786
638.947876, 117.305656, 128.016724, 141.020828
643.622925, 123.342522, 117.267807, 126.040680
642.291565, 114.435883, 118.801514, 132.712463
641.861755, 110.103638, 111.939026, 124.613762
643.567261, 108.234962, 114.824974, 129.209564
642.443054, 105.751358, 111.508751, 124.719414
644.951538, 107.367447, 109.356506, 117.805550
641.763489, 99.301514, 115.214607, 126.652184
638.991760, 96.373993, 114.966362, 130.110779
645.189026, 99.482788, 106.759628, 115.118080
641.986755, 92.697479, 113.248871, 123.720840
641.207947, 86.067657, 121.967720, 134.682556
640.797424, 85.233566, 123.143990, 136.307175
639.445618, 84.212524, 125.132980, 138.928055
640.409241, 86.025406, 131.793350, 139.417694
641.564209, 85.793953, 136.829086, 141.224396
647.003845, 89.123886, 135.857971, 136.925827
640.596741, 84.033188, 150.074890, 151.028717
645.404541, 85.769012, 146.229355, 150.001160
652.788696, 87.510544, 130.831482, 136.593704
653.673584, 85.380074, 128.386703, 135.691360
534.657471, 548.724121, 41.934036, 35.441238
534.409546, 550.549561, 40.826694, 35.368904
661.825439, 86.585739, 137.715652, 139.705856
669.878052, 88.698074, 129.920975, 119.904594
672.175964, 79.173157, 137.996979, 135.330673
676.747314, 80.430695, 131.422043, 122.761574
677.249023, 76.313736, 135.928345, 134.567978
681.315063, 76.452972, 134.970886, 131.789291
686.083496, 75.795578, 131.703430, 127.829323
689.841553, 71.193344, 132.640915, 132.908951
691.761169, 76.280014, 134.687302, 120.945831
698.797852, 73.024155, 128.161392, 121.039665
701.086304, 67.970032, 134.681824, 135.157166
703.675659, 66.078568, 134.785080, 135.003891
706.581116, 65.375092, 133.759460, 135.200790
707.282104, 63.657310, 135.505188, 134.810745
707.274475, 71.303734, 124.512680, 112.204018
707.911438, 70.028923, 124.587158, 113.302094
707.819702, 63.107605, 134.364517, 135.826340
712.143555, 68.029388, 127.465546, 123.119896
707.535522, 67.210403, 136.803574, 142.179520
710.040649, 75.593185, 131.230438, 124.535126
704.329712, 70.052109, 140.137817, 142.279053
705.380615, 73.960564, 137.210403, 137.316086
703.747681, 72.483856, 131.876572, 142.366150
705.000061, 76.423660, 142.759323, 140.282806
704.692749, 79.950378, 139.113892, 140.898788
707.860168, 84.849014, 126.002533, 136.057236
704.552551, 84.540588, 145.398422, 140.266937
703.588501, 90.855522, 134.180923, 136.362869
705.256042, 91.525909, 132.800186, 137.154404
704.750061, 93.397568, 134.256454, 137.327454
705.118896, 95.603317, 132.937927, 135.442154
706.389648, 95.646393, 132.938309, 135.036636
709.223572, 96.747154, 129.933640, 133.436829
712.463806, 95.578918, 126.779976, 134.765030
713.647156, 95.725311, 126.055710, 135.235321
708.391907, 96.389885, 131.175751, 134.183792
709.809204, 103.050171, 126.528389, 120.823227
707.739441, 103.175980, 130.021912, 129.357300
705.760559, 101.968124, 132.288513, 139.753525
702.284729, 97.512756, 135.555908, 145.650299
699.929932, 104.273186, 131.749435, 144.897980
698.601868, 117.068665, 126.485924, 132.266357
694.929016, 117.960556, 123.909645, 130.345306
692.142395, 131.468109, 120.833786, 123.458763
688.690796, 134.001068, 122.808792, 125.069702
685.772217, 136.017303, 121.187759, 129.136581
680.851807, 136.578140, 120.435715, 132.005737
680.023865, 146.736374, 116.004272, 124.804596
682.696838, 141.547089, 122.747177, 134.402008
682.838318, 144.224762, 116.244202, 124.821770
679.677673, 144.323898, 114.332832, 127.184547
678.635620, 144.581482, 113.837349, 124.760139
679.339294, 147.719086, 109.801208, 121.745415
677.824402, 150.086060, 108.380730, 120.983109
676.248718, 150.803452, 105.556015, 117.605019
675.450806, 151.462036, 104.713928, 115.469261
672.948547, 152.368195, 105.089264, 117.838188
671.837463, 155.436707, 104.407089, 114.818298
669.876648, 157.056793, 105.797707, 116.805382
668.035522, 157.815659, 104.726784, 114.803375
668.314392, 159.621307, 102.324280, 110.777893
667.157043, 160.493576, 101.034348, 109.031982
668.353638, 159.773346, 101.931374, 109.073479
669.350159, 159.157837, 102.099220, 109.542984
674.907227, 154.346497, 104.132126, 117.879433
673.119629, 153.982330, 105.609505, 114.650864
678.057495, 153.852249, 108.812759, 117.139900
684.203979, 153.513672, 106.521843, 119.183502
687.549805, 153.459717, 108.715103, 120.546867
686.424072, 150.981277, 111.625946, 123.759621
697.529785, 155.450500, 107.164764, 113.557961
706.783081, 150.430954, 114.472832, 120.593407
713.329956, 146.213470, 117.269447, 126.068748
723.700378, 143.866943, 116.992340, 125.643097
731.253662, 145.235992, 119.065193, 130.428360
750.295532, 141.784698, 120.331818, 126.710587
762.677612, 143.808319, 121.307281, 124.250092
769.116272, 137.294235, 126.439423, 126.843407
777.923828, 140.064850, 126.012115, 129.667572
794.154846, 144.473816, 127.416908, 128.362579
807.863708, 149.142349, 119.335869, 121.315849
814.184692, 147.393326, 131.008911, 139.025833
820.415039, 157.843704, 138.472931, 138.903259
839.912598, 164.307724, 124.062248, 130.070740
848.680725, 157.760818, 132.585587, 142.116699
858.614136, 163.633286, 129.083054, 136.775635
873.751221, 170.451889, 120.464256, 124.089424
882.971436, 166.827850, 120.905998, 128.166763
897.747925, 172.002838, 120.558701, 123.999847
907.231567, 169.819565, 125.619583, 132.373535
919.024475, 173.657104, 121.937538, 127.626564
925.632629, 168.474213, 130.208923, 140.608078
934.458313, 166.508423, 126.150352, 127.866142
945.531738, 167.912918, 127.071320, 138.415176
952.398743, 166.764908, 124.099236, 133.680008
962.399658, 169.228836, 119.793549, 130.696930
975.170288, 174.701111, 117.605019, 127.129005
979.484619, 173.618744, 120.472260, 127.551338
986.257324, 175.531433, 116.949623, 130.394028
999.453735, 187.677948, 106.336853, 113.848381
997.896057, 181.176849, 117.819809, 129.741165
1007.773743, 180.821915, 117.490601, 131.784073
1009.584167, 182.174423, 119.124229, 134.309647
1016.037231, 179.378204, 116.792671, 127.080597
1024.991211, 182.143509, 116.527794, 127.658966
1032.024902, 182.027634, 123.622337, 134.349747
1042.304077, 187.563202, 118.983536, 122.600426
1043.356934, 184.948166, 127.212830, 137.630585
1051.496094, 191.493347, 121.518417, 135.375168
1058.156006, 195.419174, 122.286217, 134.968140
1065.330566, 201.393570, 119.559166, 126.263527
1068.038696, 193.851685, 123.195778, 129.062469
1069.975586, 198.611786, 121.169739, 124.063530
1074.903809, 186.323257, 132.491394, 130.605301
1076.279053, 186.658295, 119.109047, 124.674133
1078.046387, 195.480286, 123.399673, 113.180687
1082.082153, 191.921982, 115.082169, 117.990868
1080.068970, 197.695801, 120.656868, 110.533501
1083.032959, 200.698517, 119.049194, 108.456718
1080.578613, 190.297104, 120.320030, 126.175865
1081.324097, 198.178772, 116.732941, 116.303070
1081.466309, 202.882874, 123.149155, 116.127190
1074.325562, 192.302948, 121.019279, 125.945602
1074.235718, 195.661957, 115.972954, 119.346237
1070.343140, 201.448532, 121.792747, 117.868576
1066.941772, 201.080811, 123.678413, 121.001442
879.305542, 538.688904, 103.920807, 85.333878
1059.289551, 199.713684, 118.989464, 124.738327
1055.876831, 199.698135, 125.181625, 117.514275
1044.895874, 189.685043, 122.909477, 128.613510
1041.349731, 195.655838, 117.062469, 122.506248
1025.708252, 198.925690, 126.405716, 123.919395
1028.390625, 192.642212, 125.287727, 131.056335
1016.086792, 192.835571, 127.468575, 126.227287
1016.416382, 186.031189, 118.563095, 129.817490
1005.562805, 185.289688, 122.965050, 132.145325
1000.164368, 180.909042, 127.560692, 139.387695
993.035522, 177.035065, 125.655373, 135.304749
983.687805, 172.216705, 129.754517, 140.091751
977.847778, 170.357101, 126.728752, 133.262909
970.328003, 168.420624, 117.784142, 118.698532
961.708130, 162.978622, 120.090881, 121.655807
949.533752, 155.362640, 126.839264, 136.894775
940.513184, 153.986526, 129.439728, 137.750397
927.424072, 150.298279, 122.159004, 131.952332
920.106079, 146.933594, 115.568771, 121.862549
909.957520, 140.290802, 116.502777, 126.980438
669.346436, 583.566101, 111.731224, 98.431313
664.313965, 589.567627, 112.125084, 100.370338
878.118042, 146.524811, 114.062157, 125.353233
868.781738, 142.035126, 118.296013, 131.214203
860.186096, 142.419205, 120.753769, 129.382187
852.547668, 142.436829, 120.357330, 130.604935
847.783081, 140.624680, 120.447495, 127.322426
836.663818, 139.625549, 120.434387, 130.899979
681.215332, 579.549011, 49.970085, 46.205166
817.585327, 137.222961, 123.593666, 132.763428
807.666748, 134.338547, 121.957199, 132.061157
668.087646, 584.597412, 41.653721, 36.364414
785.984436, 143.482544, 115.422592, 120.707062
783.876648, 142.149261, 124.384209, 135.794815
772.181519, 144.422958, 121.562149, 131.311554
769.028442, 159.439575, 116.576431, 121.757805
762.442444, 153.128967, 126.173218, 135.280197
755.916870, 153.166626, 126.954185, 136.548141
745.809998, 152.889954, 127.985664, 137.699860
741.611328, 151.631927, 129.571671, 136.290085
738.526367, 148.958313, 130.454575, 137.577240
735.481140, 144.718964, 129.485291, 137.309036
740.319946, 154.011871, 116.629356, 125.873764
735.583740, 146.122498, 132.509735, 141.656723
737.953430, 153.777252, 123.698952, 131.428253
733.813171, 146.675018, 134.626556, 126.728989
733.185730, 143.185822, 124.890594, 129.551071
730.861816, 143.139374, 118.771080, 117.722343
727.154785, 145.151733, 121.878059, 119.091675
722.285339, 147.795135, 132.600708, 119.179527
719.638672, 148.606354, 131.980103, 117.771980
717.897461, 143.434845, 125.679504, 115.909286
715.138306, 146.504913, 131.414612, 115.722717
715.170227, 143.259689, 126.686348, 115.682671
711.234985, 150.645416, 127.030800, 115.730652
711.328369, 149.731674, 126.738449, 115.776711
712.964111, 149.146103, 127.468887, 116.987946
713.930359, 150.086655, 127.882713, 117.828804
713.175720, 149.324127, 126.599709, 117.135933
717.961914, 144.043396, 121.547401, 113.369453
717.121521, 143.571915, 122.790771, 114.785194
714.262939, 146.834229, 127.339096, 119.993134
713.497498, 141.205246, 122.253578, 114.858856
713.221069, 142.787445, 123.722450, 116.138878
707.115906, 135.405960, 129.581253, 124.235367
711.658386, 139.618378, 128.396347, 119.031380
714.619202, 137.997009, 128.365662, 120.971581
711.095337, 131.514145, 134.997482, 127.403801
718.446045, 131.657623, 128.522232, 129.241898
718.406860, 122.090866, 134.188232, 126.869720
720.513855, 119.712677, 124.213776, 125.188652
719.689148, 110.289139, 126.414032, 126.550568
718.737610, 103.881088, 128.231964, 127.322037
712.691406, 106.729012, 129.885818, 123.007240
718.958801, 97.474838, 123.590515, 124.763138
709.116394, 92.440201, 134.905304, 133.826309
708.309814, 90.348763, 136.792282, 135.207840
717.224548, 100.505112, 120.644012, 122.275597
715.419800, 99.249466, 122.391502, 123.482101
708.828491, 89.325150, 130.198151, 133.389694
708.129700, 91.079636, 128.923264, 132.229446
700.545288, 98.575249, 136.307770, 134.269028
705.884705, 91.802032, 134.482651, 140.389374
705.989258, 94.212242, 133.578262, 138.890823
708.280273, 99.048798, 123.106377, 127.490173
706.455505, 93.892303, 128.949417, 128.878754
704.297729, 94.764130, 124.629051, 124.592995
703.730835, 91.028023, 130.566299, 134.020798
700.801453, 85.787987, 132.838562, 142.255081
703.800171, 80.682610, 132.439285, 137.588364
704.334167, 84.500412, 123.024155, 128.269638
701.940186, 78.975296, 131.184708, 138.348557
702.965393, 78.143585, 128.003494, 137.561920
704.452209, 76.413841, 125.927116, 135.431747
707.848694, 78.923401, 129.594666, 140.597107
708.859009, 78.984879, 124.326622, 137.594437
714.381409, 74.959091, 121.767105, 132.879700
716.371826, 72.735664, 126.846886, 140.865265
718.869446, 70.915741, 118.042976, 130.173523
716.159790, 67.544846, 117.558266, 128.333740
707.627014, 62.285271, 118.655838, 133.310165
703.268250, 54.865738, 118.316864, 131.762390
696.025757, 57.661575, 110.172318, 122.996468
691.024902, 55.970161, 116.642593, 125.967468
673.922729, 593.915771, 24.758881, 19.887436
680.053833, 71.464554, 113.418541, 123.345146
677.801941, 77.757431, 106.174553, 122.394730
674.009155, 79.015869, 114.690773, 129.083496
673.495056, 77.917038, 111.661354, 129.234177
675.771606, 74.356331, 121.443123, 133.600739
681.176514, 72.740494, 126.237740, 136.348679
686.033081, 72.846436, 129.765289, 135.871246
643.101440, 564.545349, 40.401905, 36.459408
701.323486, 78.046051, 131.450470, 136.768860
641.009644, 562.652039, 36.960739, 33.688702
704.412292, 75.027435, 136.439636, 143.668304
625.914551, 558.782959, 46.589088, 40.466709
715.676941, 73.565941, 136.813080, 146.200333
722.606873, 80.360580, 130.265625, 137.693604
723.863403, 79.353142, 131.517181, 140.118073
730.003967, 78.158867, 127.716438, 138.804962
731.543335, 77.837349, 143.507156, 140.942993
612.431641, 558.188599, 50.939190, 43.963932
610.772339, 560.368408, 40.317287, 36.367443
739.736084, 84.121834, 134.360367, 138.821655
568.525757, 599.670288, 41.348328, 36.282951
610.439087, 567.633850, 46.739109, 42.937107
570.759827, 612.519470, 41.097561, 36.961586
757.187317, 100.931503, 127.312569, 130.374542
604.073242, 578.264404, 60.711323, 56.946007
753.642395, 107.482430, 130.423462, 140.770065
756.448730, 115.800552, 126.444214, 127.462936
601.108337, 590.024048, 47.005123, 49.294590
606.711914, 595.845276, 59.665981, 57.019096
610.415344, 600.174805, 55.946892, 55.441128
762.189575, 131.411194, 122.153648, 123.540977
760.098938, 132.911484, 124.445580, 126.702354
761.127991, 133.634659, 124.915543, 126.709053
764.814758, 134.219101, 122.417458, 123.434258
763.967285, 136.536987, 122.167641, 119.969879
761.313110, 136.925232, 121.876045, 123.712639
760.095032, 138.550674, 123.555168, 119.374069
759.418091, 140.513245, 120.233459, 121.716553
755.167603, 143.792007, 122.442726, 119.193123
746.285522, 142.303299, 125.934616, 122.280045
742.443176, 146.707794, 122.881691, 121.731041
739.675781, 147.607712, 123.407104, 125.165924
738.931519, 151.007263, 118.370735, 121.671471
739.551941, 155.960724, 118.033714, 120.001091
735.041687, 158.950226, 119.295044, 120.982872
727.888977, 154.637085, 126.696053, 131.105957
725.856995, 156.326263, 124.907478, 132.560699
725.462524, 154.264664, 123.688805, 128.831863
725.502930, 148.673004, 124.160408, 132.949158
728.190125, 149.247986, 124.808311, 130.657288
725.429565, 150.790161, 122.400200, 129.643051
729.436890, 146.519791, 120.339188, 129.624359
734.449768, 145.537842, 118.286057, 126.945358
742.038391, 144.009659, 119.619087, 126.497963
743.639404, 152.143372, 117.206818, 119.581978
754.181763, 144.203232, 121.361977, 130.952927
763.234619, 144.276627, 124.324921, 131.154083
772.991089, 144.322937, 125.406998, 132.979752
786.389526, 145.869461, 124.202309, 134.637650
798.859436, 146.717651, 124.479729, 134.497971
810.192261, 147.072220, 123.992943, 132.756775
825.197388, 153.335388, 122.458794, 125.715034
833.305481, 144.476273, 126.543007, 132.051697
847.895386, 149.912308, 128.186981, 134.701370
860.110596, 146.919250, 126.120735, 131.776306
872.082764, 157.690582, 129.564804, 128.049988
883.048828, 151.051956, 133.988876, 140.062469
901.512268, 153.870453, 131.660156, 134.486633
912.481262, 164.579483, 121.560570, 130.705872
921.374817, 157.703583, 133.508896, 142.373291
928.132019, 160.590759, 129.567764, 139.021805
942.119629, 162.368759, 131.745773, 140.385117
949.662598, 163.116486, 130.670624, 138.634262
955.937622, 161.810333, 134.007584, 144.382507
968.010620, 174.010300, 127.854927, 134.302567
973.318176, 167.954834, 129.326263, 138.810059
984.800110, 178.434280, 117.713890, 120.806976
990.119873, 169.029480, 118.899422, 127.021477
992.119141, 166.730652, 128.574341, 136.979340
996.622437, 166.089539, 128.936310, 137.141327
1001.250916, 167.184906, 127.272369, 131.330750
819.725830, 379.640411, 44.092140, 53.686321
1009.864868, 172.804794, 126.462669, 141.292465
1009.976379, 176.559326, 129.509979, 139.704956
1012.198730, 178.465134, 126.982033, 137.121964
1014.921997, 178.560333, 124.400597, 128.607986
1016.225769, 180.096878, 126.990860, 132.587036
1011.368896, 181.816559, 128.474915, 137.556992
1014.703125, 180.090042, 122.072937, 123.537796
1017.385193, 181.029953, 120.530983, 121.618805
1015.066040, 183.877579, 128.757568, 140.962677
1013.577759, 182.720093, 129.289017, 141.041290
1018.048401, 185.710297, 119.880692, 128.085983
1017.882568, 184.483673, 119.996429, 128.788681
1015.360901, 189.188217, 121.254486, 123.745728
1014.946350, 189.437103, 124.602531, 126.508827
1017.233765, 181.196045, 120.180786, 129.084549
1012.423645, 179.105698, 127.786316, 137.797791
1011.615906, 176.630676, 124.766602, 134.224960
1012.554993, 173.785873, 123.178139, 132.325729
1011.623169, 173.536896, 124.514259, 131.458496
1010.468140, 172.890121, 125.903618, 129.522980
1010.773315, 170.994308, 125.602318, 130.665894
1013.032227, 171.947845, 120.694862, 128.425980
1012.732300, 171.524078, 120.401688, 127.014130
1010.566284, 171.782669, 122.443291, 132.973465
1011.228760, 170.201248, 120.573891, 127.156303
1010.613953, 168.380127, 119.516701, 125.822304
1010.007141, 164.789322, 121.319069, 124.704102
1002.317993, 167.759460, 120.259865, 126.851044
994.388489, 169.608093, 126.446983, 131.882950
997.086487, 174.538574, 117.656364, 126.470062
988.700928, 178.512405, 121.543495, 130.202271
975.864868, 180.341614, 128.394272, 138.987289
970.498352, 185.780640, 126.490395, 137.594559
962.987854, 189.723785, 124.476830, 131.814835
954.741150, 197.129547, 121.257759, 132.048920
945.193115, 201.024353, 121.089722, 129.675308
934.587646, 201.634460, 118.772591, 126.085312
919.733093, 203.987091, 120.675140, 121.179726
913.849854, 220.787201, 107.804527, 104.576515
900.714966, 230.374527, 101.730255, 94.553261
894.437622, 250.239258, 98.452087, 87.792686
788.067139, 605.502197, 74.534721, 66.991600
1105.767334, 571.338257, 134.458969, 116.502441
852.313782, 271.551697, 105.523628, 89.787453
838.939697, 272.354828, 106.996216, 89.007751
1098.244019, 583.680481, 68.996758, 60.047543
1084.730713, 577.447144, 108.676163, 89.736557
813.747925, 262.478821, 100.279655, 79.223122
828.805908, 291.620605, 66.522110, 59.548676
791.143494, 251.167953, 108.511086, 90.383278
872.941345, 645.566162, 117.807144, 93.116455
777.780334, 247.370468, 94.685043, 74.341003
768.607300, 239.939957, 108.895302, 99.268410
769.933960, 231.191193, 100.458969, 95.603607
753.704346, 203.235840, 134.390472, 124.667969
760.525696, 190.209625, 127.982643, 119.945976
756.467712, 181.908051, 122.209221, 116.044342
743.989868, 167.865662, 130.336319, 127.407227
744.657959, 162.964371, 122.380539, 128.540619
741.168640, 154.076416, 125.970657, 133.767700
737.646118, 150.359711, 121.713989, 128.222870
732.736206, 144.036942, 123.790314, 131.750000
725.419556, 139.814423, 129.091309, 137.946671
723.665833, 146.061539, 123.281662, 127.676811
723.972961, 143.061432, 126.159988, 133.105240
717.797058, 147.761841, 128.039597, 132.818802
707.707642, 144.198914, 134.233597, 140.979172
713.495422, 161.990326, 118.942833, 123.475357
709.452026, 155.936142, 127.413254, 134.678726
709.062073, 158.296143, 126.632164, 133.221786
705.933472, 159.955505, 123.419708, 129.276825
704.521912, 159.751282, 126.394119, 129.889099
708.146790, 164.033447, 124.232620, 128.557205
707.258240, 162.533508, 124.629997, 125.814690
708.974731, 161.924301, 122.891083, 124.614334
706.931458, 159.401062, 126.916946, 132.767700
707.667175, 157.980530, 128.191391, 130.265106
710.252441, 158.547974, 123.360603, 126.274284
712.354797, 158.096390, 125.938019, 125.172974
709.147278, 150.270874, 129.700958, 133.569916
708.430420, 145.242645, 120.662094, 122.811928
714.901733, 142.377396, 121.789978, 127.859093
714.794800, 132.788300, 134.334457, 141.358780
712.616211, 123.951668, 130.937836, 140.040054
717.873047, 121.025307, 126.072220, 129.760651
719.347839, 118.109741, 123.470802, 124.920822
728.347656, 104.010513, 129.260101, 132.013596
725.670715, 103.305016, 127.729675, 129.580521
726.177734, 91.877975, 130.619537, 135.195114
731.260254, 78.792557, 126.480629, 134.498398
729.992554, 71.208519, 133.406876, 140.115097
732.709412, 67.013725, 136.248291, 130.156342
729.876038, 64.468109, 146.018539, 141.932022
734.006104, 67.772339, 147.749695, 141.618256
733.236389, 68.999054, 135.338608, 140.044907
731.386536, 72.062378, 139.064438, 144.715775
739.661255, 83.958023, 127.296692, 132.926529
741.757996, 93.497330, 121.385353, 126.384171
734.579468, 92.899467, 126.108635, 130.593521
735.170044, 97.723022, 126.995018, 131.474442
731.219727, 107.854652, 128.246262, 128.448456
727.553040, 109.735855, 126.348564, 126.613205
727.098389, 115.261383, 126.712936, 123.742653
719.051880, 127.862221, 122.623428, 120.354652
725.723145, 145.159897, 119.180374, 113.422913
721.672424, 167.195724, 113.012909, 108.074188
721.790466, 189.658020, 103.034050, 95.633759
696.150146, 181.815338, 127.826515, 114.749321
816.351379, 631.513672, 99.863937, 80.826035
977.671753, 553.783142, 72.323814, 61.028671
979.302795, 552.549927, 70.393486, 60.019772
681.291016, 177.793182, 129.731201, 121.224846
683.564453, 174.691772, 125.444046, 117.098145
707.483215, 176.452850, 101.133774, 94.246941
697.191162, 150.823074, 123.740913, 117.752609
708.013794, 139.899078, 112.632599, 109.864792
713.100647, 120.228058, 130.893417, 140.756088
729.296997, 109.329269, 122.787689, 132.202713
735.466003, 92.250366, 126.808769, 135.453278
743.620178, 93.059525, 131.164978, 135.616119
748.393127, 81.530441, 130.814224, 140.240356
758.192993, 87.470612, 130.726837, 124.675919
761.742798, 84.624374, 128.114517, 128.603226
766.170410, 80.833054, 131.597137, 131.209549
768.444214, 86.502167, 126.836998, 127.603844
769.680420, 86.966431, 128.496078, 128.053391
769.846191, 88.480957, 126.472504, 131.514709
763.586548, 98.283508, 135.620422, 134.653702
768.938416, 111.327919, 115.455925, 118.725388
764.978516, 109.281281, 123.280144, 125.880577
762.004089, 119.467560, 123.381210, 122.861023
758.845520, 113.256805, 132.915558, 144.580353
765.807983, 124.395599, 122.664001, 118.415848
768.503357, 126.896454, 120.319023, 126.941238
764.863708, 122.490662, 124.228020, 135.575562
770.400757, 132.314575, 117.636391, 124.995499
764.234741, 137.156876, 121.963501, 128.287506
764.411377, 144.861664, 117.670860, 126.166519
762.189880, 144.069366, 118.566811, 126.003723
757.695984, 152.795654, 117.899765, 128.715576
749.204224, 160.475677, 128.066879, 139.200256
745.037598, 184.297333, 133.326996, 137.816406
810.262939, 169.307129, 76.213280, 68.883041
1042.174561, 554.206299, 84.504570, 73.287209
591.290527, 377.471985, 33.594234, 34.249756
1054.168457, 551.027344, 88.263916, 75.609718
662.547852, 311.265900, 33.751118, 30.479824
1063.556885, 556.712219, 87.345787, 75.252449
775.241028, 258.402069, 114.774254, 101.709259
785.451355, 259.183319, 116.772888, 104.173805
794.893372, 258.986786, 122.377518, 114.405365
810.697388, 265.279327, 114.161705, 106.281128
822.599915, 267.163483, 120.934914, 113.505623
838.419312, 264.882568, 118.990402, 109.528481
851.116638, 267.531525, 119.005714, 108.363937
877.812012, 268.314362, 108.382240, 101.605446
885.718567, 263.136963, 106.317383, 103.516762
898.157349, 250.862946, 112.067238, 110.260788
904.537781, 249.203598, 109.627312, 103.554146
918.646179, 245.232025, 113.909744, 108.890846
922.890625, 242.008026, 107.598747, 106.464706
928.974365, 229.053513, 124.573418, 120.504257
938.817810, 235.739288, 114.166367, 111.794914
947.027283, 227.155777, 125.958939, 123.557396
954.695190, 222.229050, 121.913597, 125.544464
962.719299, 217.879257, 127.934761, 131.814026
966.386292, 206.742523, 132.569336, 143.133377
970.105774, 205.476929, 131.349960, 138.660324
979.205322, 200.238785, 127.329453, 140.072098
980.286011, 198.046524, 126.668449, 141.313782
981.171753, 197.898315, 126.545654, 136.895218
980.344360, 193.596497, 128.008987, 131.053787
983.389709, 193.537109, 126.479622, 131.159348
977.376038, 191.020660, 124.339729, 132.657074
975.638550, 189.544159, 124.370918, 133.240570
970.479248, 183.829529, 128.083450, 137.621780
966.401367, 182.958664, 132.510101, 138.213074
961.923279, 182.206909, 138.270615, 142.268524
967.299927, 187.830780, 119.278412, 126.729698
956.661194, 179.851578, 135.732071, 149.593674
953.040527, 185.482895, 126.596054, 132.864990
943.000854, 181.610519, 127.682671, 138.514618
933.294678, 173.726746, 134.024979, 139.931015
928.118530, 169.701782, 129.920532, 139.478989
915.887695, 166.124115, 132.698685, 141.041809
903.613892, 164.197037, 137.134476, 142.875122
899.124329, 159.609665, 132.314667, 139.553940
882.290344, 158.129883, 138.322464, 143.188629
876.821899, 157.823868, 128.720200, 135.258209
863.309814, 152.442627, 130.875336, 135.803085
860.458496, 154.655823, 122.731041, 128.900635
842.853455, 150.781906, 131.224213, 139.029465
831.854004, 151.779465, 127.578644, 136.586365
820.531250, 150.229065, 124.167656, 132.351776
813.438416, 150.286438, 126.076759, 133.670593
804.003540, 149.276352, 117.168259, 126.996269
798.697205, 152.366638, 117.022331, 123.939217
793.229309, 157.634537, 118.579163, 120.153839
783.464844, 153.346786, 127.248116, 138.446396
777.839539, 168.238754, 123.224510, 123.259850
768.596252, 162.276901, 129.741409, 138.209717
765.245728, 158.643021, 123.933525, 132.074814
757.715759, 160.628815, 122.485573, 130.161255
738.883179, 157.783157, 121.782227, 119.555130
729.256409, 152.075714, 118.262619, 126.383064
718.473572, 153.090347, 100.827621, 109.689674
709.720825, 149.544281, 97.695251, 110.683029
707.451355, 152.675049, 83.416252, 102.206375
702.651428, 158.184906, 75.311089, 90.557869
697.831787, 154.517380, 80.240028, 100.085640
688.011047, 152.358551, 86.716225, 105.327415
691.441895, 140.471542, 94.422501, 113.557411
695.273315, 132.100479, 105.381172, 118.863174
704.602356, 126.187180, 115.044746, 124.759842
714.250488, 116.616287, 123.262947, 131.045074
722.028931, 115.668671, 125.275185, 131.167435
727.714417, 115.905235, 129.622269, 137.316879
729.043762, 117.423393, 140.641113, 144.192627
739.992615, 127.684753, 133.544235, 134.301941
744.913086, 118.379303, 131.608170, 137.653885
743.700867, 113.912201, 136.449341, 138.665848
758.827576, 111.877350, 129.589935, 133.831482
759.799561, 114.281052, 132.376785, 121.374138
762.103088, 110.901047, 137.354691, 128.010056
769.826111, 102.935936, 129.927597, 133.443710
779.176758, 100.849762, 130.736664, 135.059158
784.110229, 109.301903, 119.960960, 121.819366
791.672180, 94.608353, 126.455933, 133.395325
795.105347, 102.456169, 126.043236, 130.170471
803.475525, 92.097916, 130.949554, 137.933731
813.491882, 99.828041, 122.005272, 124.957130
731.017761, 559.062378, 42.751358, 39.655609
735.700134, 559.890259, 49.738159, 46.070053
737.001770, 558.717346, 52.460865, 49.057102
744.098877, 559.756592, 47.390659, 45.820171
743.990356, 562.704590, 53.383156, 54.657608
841.183716, 95.664459, 121.715691, 130.061905
752.574585, 563.476074, 46.202671, 46.768658
