567.227722, 212.464020, 149.550049, 152.715347
567.830017, 214.767929, 148.445862, 151.405777
566.940735, 211.833649, 149.832199, 153.562515
566.640564, 212.620636, 149.487610, 153.468613
568.514099, 216.415436, 147.856995, 150.543289
569.538269, 216.777039, 146.057465, 149.204987
569.055969, 216.393982, 146.143341, 149.927277
565.479248, 212.307404, 150.142563, 152.547897
562.674988, 213.216278, 151.094727, 155.242844
562.940063, 214.717499, 145.974991, 151.753281
558.639587, 210.092911, 152.510361, 155.706497
558.762451, 211.045166, 153.368195, 156.561874
561.092041, 215.231262, 151.104858, 155.917969
561.961304, 210.609482, 150.377335, 153.657990
557.349121, 209.917862, 150.143448, 156.732590
559.258728, 209.292877, 148.810165, 157.437119
559.614441, 209.589508, 147.696518, 157.347565
558.716248, 209.868393, 147.267197, 155.607101
557.582214, 209.114059, 149.361038, 154.072601
554.489929, 214.184921, 151.308060, 153.943863
553.177490, 211.139526, 155.453705, 154.862854
555.846741, 210.127380, 149.828979, 151.571793
556.205872, 210.440155, 151.153564, 150.501801
553.486145, 208.604752, 150.935562, 154.763809
552.986633, 207.986481, 146.943588, 151.088257
551.781555, 207.359680, 153.656189, 157.538025
552.764526, 211.913834, 150.325974, 153.685333
551.240601, 211.878723, 150.079742, 153.371155
552.110840, 211.855499, 149.381638, 151.149948
553.056335, 210.736893, 149.013809, 151.187454
551.946838, 211.221710, 150.287033, 151.587280
547.514099, 208.453491, 151.099762, 155.916367
552.308472, 208.610458, 149.227707, 150.034225
552.951538, 207.670822, 150.220505, 149.432419
553.778503, 208.078827, 149.877563, 149.590363
555.679626, 208.420166, 149.969925, 150.896149
557.199158, 209.657715, 150.433975, 150.495956
557.493042, 207.055984, 154.029953, 153.260529
561.266907, 207.009583, 149.352142, 152.383698
561.590271, 201.908173, 151.925964, 153.520081
561.208923, 195.538391, 155.697220, 153.272995
564.004333, 188.490219, 156.375366, 153.553848
569.331665, 180.554871, 155.975784, 150.791443
580.519287, 186.278381, 146.298157, 144.307999
574.253662, 175.914703, 159.792404, 156.978607
576.684570, 179.474792, 157.835602, 153.746750
578.099792, 179.401657, 158.682602, 157.398102
581.496826, 183.511887, 158.684113, 155.373199
586.927307, 188.165131, 151.107956, 148.129227
581.834473, 182.794540, 159.728958, 159.984665
584.732544, 184.683701, 160.448547, 160.698853
590.192444, 192.963379, 152.271805, 151.344101
588.286316, 193.344208, 155.794388, 153.733490
590.018677, 194.493530, 151.888794, 151.053436
588.301941, 199.739136, 150.725693, 148.921432
588.736206, 196.505051, 151.611633, 152.768372
587.995361, 198.630692, 151.466904, 150.542892
585.809753, 203.085571, 144.944641, 146.738037
581.195679, 198.401947, 148.271011, 147.679306
578.482788, 197.329071, 146.803345, 146.616837
570.438477, 195.130295, 146.309616, 142.699783
565.156128, 192.039520, 146.440292, 143.041077
552.105469, 192.437317, 153.269135, 151.319504
547.078674, 189.221741, 152.550171, 148.961700
534.348877, 188.917694, 155.239487, 150.837982
525.113159, 188.183548, 155.065277, 148.188446
521.731750, 190.809875, 149.452515, 145.372177
510.295441, 190.004120, 157.361038, 152.758820
505.802551, 191.692535, 152.575882, 149.663773
496.626984, 195.714661, 156.005997, 146.422211
489.235077, 197.023651, 153.395157, 146.553284
479.261475, 196.437180, 159.627075, 152.459274
476.505524, 198.711304, 155.990463, 149.861160
467.833618, 201.836807, 159.674835, 150.513519
463.496246, 201.215698, 160.009933, 150.910767
461.721802, 204.861145, 155.449112, 147.706009
457.764557, 200.589508, 159.750092, 154.168762
454.691162, 203.235855, 156.263275, 152.645630
452.054321, 204.315308, 162.210785, 151.898956
454.613800, 204.405609, 156.681702, 149.205917
453.226685, 202.837677, 154.734039, 150.714828
453.579407, 204.342133, 153.679001, 150.806168
457.256042, 201.295212, 155.783646, 149.900803
459.046295, 203.579697, 153.145935, 149.627518
460.797424, 202.410736, 157.938248, 152.001389
464.656372, 199.965912, 155.705322, 151.108810
469.232758, 199.464691, 155.149475, 148.936523
469.467255, 196.753036, 157.303452, 149.447601
477.342163, 195.359070, 153.239212, 147.657822
477.105530, 196.309509, 158.349426, 147.653061
476.762939, 192.995667, 163.484116, 152.925323
484.061066, 197.964478, 160.815247, 146.284927
480.793243, 194.717789, 165.838074, 152.865845
491.692383, 195.048904, 158.356995, 152.051071
488.987366, 199.858002, 159.809799, 148.503326
494.145569, 202.484039, 143.124771, 143.951080
492.819977, 200.600037, 158.954514, 150.880081
493.978912, 203.529297, 161.734863, 147.743118
496.863831, 203.089142, 158.947830, 151.267487
497.358459, 204.133972, 158.455185, 149.585938
500.414612, 204.111694, 157.239502, 149.749802
492.777618, 205.328918, 161.774994, 153.922241
495.201782, 203.921417, 159.950684, 154.035599
501.884949, 208.688538, 153.642014, 150.427734
499.555817, 206.137115, 161.623032, 156.580856
496.929749, 207.758026, 162.462997, 158.530090
497.725616, 208.721313, 158.941177, 154.031586
501.368835, 210.261505, 158.666794, 150.146103
501.584991, 207.947235, 158.483719, 151.137665
500.988068, 207.204254, 157.707581, 153.191422
503.742554, 212.912308, 149.569778, 144.520279
501.397858, 211.490875, 158.059402, 152.346375
499.159363, 212.404938, 156.673172, 148.929260
502.246521, 214.232376, 153.928375, 148.701935
501.498779, 215.822372, 155.620773, 147.442001
497.458618, 216.072769, 154.231949, 146.063080
496.458710, 209.990601, 158.764832, 152.089813
502.387665, 216.103821, 147.771652, 145.667130
496.325409, 210.158279, 158.519348, 154.677673
501.670898, 217.245483, 154.744385, 150.971619
501.111328, 219.089188, 154.899033, 147.504456
503.703583, 212.113220, 151.566330, 154.234558
503.330139, 217.390869, 152.506104, 151.557922
503.082947, 212.794998, 154.514618, 156.996674
503.723358, 220.844208, 154.450302, 152.677109
502.002960, 213.610565, 156.058563, 158.083603
504.193390, 220.949112, 148.824905, 147.008286
503.376404, 222.026260, 150.163925, 147.114212
504.010895, 220.374725, 153.009491, 150.527908
502.258942, 218.744080, 155.411301, 149.484528
502.339050, 216.950134, 155.040192, 150.014206
502.052551, 215.347733, 158.431152, 158.984467
503.676910, 220.962692, 152.135468, 152.693695
502.560577, 214.645874, 158.366348, 157.625595
504.261292, 219.387451, 154.089432, 153.676590
505.403961, 220.224289, 150.075470, 151.458527
501.724762, 215.352188, 156.598343, 153.265427
506.693848, 215.263397, 155.157639, 154.432297
506.585480, 218.012390, 151.936707, 148.411865
507.080200, 218.410492, 152.774506, 149.116760
509.489777, 218.259338, 154.194077, 151.178909
511.042816, 221.445313, 150.682343, 149.620087
510.507782, 221.140625, 152.281677, 150.213867
512.453003, 223.250244, 149.530136, 147.303787
513.092285, 223.739899, 147.713165, 146.844299
512.130676, 222.185776, 150.997498, 147.617157
511.919769, 213.324509, 152.940750, 151.700470
512.263245, 222.924469, 147.491318, 146.159790
512.186096, 224.624054, 148.641876, 144.417236
511.699280, 223.647400, 148.991119, 143.989212
512.715210, 218.573395, 152.779007, 151.833328
511.502197, 216.127762, 153.795685, 155.581131
514.021057, 219.390594, 147.564209, 151.324524
514.867310, 216.653198, 151.365646, 153.581619
516.981812, 221.978745, 146.486984, 148.204941
514.915466, 219.828217, 150.942810, 154.093140
514.161194, 218.817322, 153.988861, 157.545959
518.687866, 223.310760, 143.912354, 147.311432
513.874023, 220.580612, 152.908813, 153.321320
516.845947, 224.847305, 150.768341, 150.776199
516.597717, 223.899582, 150.890396, 153.802811
517.062744, 223.456787, 153.848358, 154.126755
520.484558, 219.682587, 148.608231, 153.734543
518.316895, 225.221497, 149.390701, 153.570709
519.556641, 226.814453, 147.475189, 153.088608
520.269043, 225.939789, 145.990173, 152.659897
518.629089, 220.032852, 151.617233, 156.411285
519.929565, 228.247726, 144.654816, 150.768417
530.518921, 228.705414, 143.880402, 152.746155
518.921936, 226.504181, 152.083862, 156.540787
526.760559, 231.584229, 144.838226, 151.670944
526.855347, 233.022522, 143.027039, 151.315445
516.133667, 224.751068, 151.877319, 156.539917
522.366882, 233.224838, 146.582382, 147.674683
517.987549, 223.734879, 147.739868, 153.339645
521.220459, 226.877930, 147.830292, 149.464859
517.052002, 229.940079, 146.709839, 151.558060
516.590942, 227.271881, 148.274170, 147.726334
516.806396, 226.889572, 147.105331, 149.179565
516.067078, 226.876221, 148.228363, 149.359421
516.967712, 227.590118, 145.992203, 149.053513
517.556091, 228.673584, 145.262650, 149.121033
514.329468, 223.624466, 149.325302, 153.537384
513.237549, 225.406937, 155.060165, 155.334488
515.099487, 219.736252, 151.712570, 156.533783
517.158936, 225.075348, 146.023636, 151.647919
517.554138, 229.107559, 143.721817, 149.393051
515.969849, 229.107880, 145.794159, 147.751007
520.390991, 231.959946, 141.935898, 146.022552
519.713928, 232.372681, 142.493317, 146.655594
517.220947, 230.375137, 144.972244, 148.307358
517.309082, 230.952377, 144.300537, 148.459183
517.304749, 230.895370, 143.729065, 149.053192
517.340637, 230.804871, 145.088364, 148.277359
517.751831, 228.897583, 145.100082, 148.009232
518.462524, 230.781052, 143.880280, 146.845428
511.141388, 216.056061, 156.791840, 161.329620
516.062073, 222.845169, 149.916565, 152.846542
515.743774, 222.751068, 151.266861, 155.548615
516.171997, 228.547058, 144.282761, 149.146210
512.162964, 228.427673, 148.767197, 151.495087
512.874451, 231.447678, 145.832733, 150.586868
511.505554, 228.983063, 148.671997, 153.788284
510.402008, 227.981934, 149.276764, 155.783142
512.832031, 228.952576, 146.272568, 152.250046
513.692139, 228.603180, 145.471313, 151.696640
516.058472, 231.375702, 147.849182, 150.411285
514.473083, 231.411407, 149.186630, 152.611435
514.525635, 224.773712, 148.885651, 154.944824
514.701416, 223.756287, 149.886566, 154.311340
517.999084, 230.092133, 146.421646, 148.291473
517.046265, 228.265182, 148.807770, 148.274460
517.921204, 227.906189, 148.489395, 147.200928
518.238098, 225.692200, 147.648331, 147.895035
516.622009, 221.539719, 151.736008, 150.712830
518.585327, 226.318573, 149.550751, 147.522995
521.022034, 228.758850, 147.587845, 143.965149
521.093140, 228.600769, 145.082260, 146.189850
521.202209, 228.402451, 146.405579, 148.557175
520.133972, 228.101776, 147.330582, 149.063446
518.619446, 225.608459, 150.078552, 153.003311
517.602905, 225.932251, 150.786942, 153.034134
519.814514, 229.102539, 148.105560, 151.213882
521.287659, 225.282272, 149.531906, 151.908157
522.270996, 227.373657, 149.343323, 149.973465
521.809387, 223.622131, 149.263184, 152.699295
521.527161, 222.427643, 149.957138, 150.922394
519.936646, 221.655594, 151.332825, 153.050018
520.122314, 222.494385, 150.783401, 149.130432
524.400757, 219.693146, 146.669647, 148.528671
520.943665, 218.896133, 147.878113, 148.209595
520.734802, 218.328995, 148.501175, 147.967972
519.856140, 214.235825, 154.631470, 151.169037
521.109192, 210.329895, 151.924896, 146.573944
519.109253, 212.202576, 153.374557, 147.952026
523.011902, 211.001312, 151.158051, 151.582932
518.242859, 212.711227, 152.652756, 148.668930
518.728210, 210.772644, 152.272064, 149.721085
516.314514, 209.759766, 153.807098, 149.407440
513.933777, 208.410950, 153.476746, 153.393356
511.095093, 211.738739, 157.313599, 154.128174
508.497162, 208.951324, 155.885773, 153.239853
507.253021, 201.352173, 161.677689, 161.567322
506.019592, 208.856781, 157.840057, 154.645828
505.390411, 201.307251, 162.955399, 161.832474
507.010376, 197.539063, 161.414948, 158.349854
502.755859, 208.796997, 152.307480, 146.934967
496.585205, 203.223236, 161.833694, 151.531891
499.927582, 205.186310, 152.695755, 150.049423
497.487854, 205.119110, 151.995834, 147.107391
493.786499, 204.761597, 153.415634, 146.019623
492.850555, 205.415710, 156.234421, 147.357574
492.702942, 209.933578, 151.473175, 144.826111
491.491058, 211.187820, 154.223160, 147.411697
491.635498, 211.105972, 153.708328, 148.484146
488.738373, 207.654800, 153.223114, 148.878159
489.454285, 211.050735, 152.003311, 144.548264
489.580353, 211.382233, 150.858887, 143.463562
488.247131, 211.887329, 153.205002, 144.575851
486.215637, 210.243958, 155.352921, 151.212784
485.785004, 212.147018, 159.840851, 150.418076
482.109589, 209.409958, 161.549438, 152.851334
488.777863, 215.408112, 153.314972, 145.431168
487.140442, 213.164490, 154.188156, 149.759689
483.678009, 211.643951, 160.302002, 154.554611
484.695435, 211.832962, 159.115494, 154.785797
484.320953, 214.946899, 155.504486, 148.460770
489.211548, 216.498520, 150.003601, 150.460861
481.321869, 214.751007, 162.521500, 149.272079
487.917572, 218.888489, 149.607773, 146.212341
476.631165, 215.091766, 165.395767, 154.168350
484.312897, 218.495895, 154.012589, 145.328613
481.798889, 220.177719, 156.516312, 147.805359
483.124451, 217.496033, 156.609940, 147.725067
486.435730, 220.600296, 156.957520, 148.862000
486.255890, 219.968353, 155.563965, 150.652374
485.271179, 217.041473, 152.679520, 150.383560
487.577545, 220.130310, 155.488113, 148.411621
485.726807, 221.183350, 153.311646, 145.772842
485.425049, 220.605545, 152.061081, 141.114685
486.942047, 206.892700, 155.854706, 150.050568
486.938385, 210.152191, 150.651749, 142.475510
489.393890, 213.431885, 148.926605, 137.844284
483.877106, 214.598816, 155.265915, 138.817795
482.296906, 219.555603, 155.284348, 141.311478
480.522827, 221.790024, 160.208344, 146.094482
479.677002, 223.854034, 161.324371, 146.521164
484.296906, 223.238434, 154.767593, 148.446609
484.832062, 224.106934, 154.382309, 148.075989
480.632050, 223.670197, 158.600281, 151.517532
486.382446, 221.517227, 151.873962, 148.347549
488.360321, 222.773331, 151.730652, 147.185730
489.448547, 222.758026, 150.269745, 144.988297
486.774536, 225.017059, 153.057434, 144.768860
489.980804, 227.384399, 151.328918, 142.945465
489.775299, 225.912888, 150.337387, 143.434784
489.790070, 226.928696, 149.948349, 143.650024
486.566162, 224.916504, 157.019485, 151.049515
489.495850, 224.672134, 153.189377, 145.604095
490.774933, 223.290756, 152.736450, 150.037964
486.125488, 228.912506, 156.614380, 150.763672
484.506531, 225.475739, 163.311768, 156.108765
487.866547, 225.540833, 156.851532, 151.140640
485.878357, 227.562057, 156.011887, 151.737045
491.195618, 224.196381, 154.253525, 149.840973
481.100342, 224.602203, 150.348312, 147.862518
478.912567, 222.284760, 153.306473, 149.597580
489.196075, 221.407440, 151.223663, 152.132980
486.527313, 228.090271, 156.927216, 152.871811
485.067841, 220.010574, 154.308472, 152.041504
484.190552, 219.104340, 154.669907, 151.865616
484.499451, 217.771530, 154.851013, 152.985123
486.190247, 218.013748, 154.173538, 154.119080
484.182831, 225.204666, 157.036209, 151.972336
482.381897, 223.347076, 158.131165, 150.795288
482.920502, 218.054871, 155.852386, 151.838165
482.817261, 224.236801, 148.767227, 147.996292
480.590485, 227.243622, 148.417419, 146.841446
483.967590, 233.033493, 144.678070, 143.068939
486.726898, 235.327362, 142.329941, 143.054367
493.225372, 250.405090, 139.601563, 136.552475
492.149139, 254.585510, 137.262039, 136.398697
500.487488, 261.596497, 136.281647, 135.793304
499.384949, 267.644135, 134.310303, 133.662308
486.963257, 267.979980, 138.819244, 144.310532
494.950928, 265.439301, 146.885025, 144.497467
498.958038, 274.871185, 137.506241, 137.235703
500.865784, 278.552917, 136.023697, 135.014450
499.625122, 274.846161, 142.078705, 142.015213
502.599121, 274.770050, 140.170761, 141.112823
504.569183, 277.187012, 140.648453, 141.092819
507.340637, 284.617157, 132.073441, 134.930634
510.427643, 286.612488, 131.717896, 132.313202
510.435944, 287.336792, 131.953293, 136.375412
509.078003, 287.120331, 136.183105, 139.528717
514.081787, 281.187927, 135.602219, 140.954559
517.610107, 284.218842, 132.663086, 136.788574
517.226929, 281.192322, 136.784027, 141.047867
518.638733, 285.878021, 132.360840, 138.056320
521.243408, 277.641754, 137.190048, 143.283386
522.312439, 274.040253, 139.037277, 140.984451
523.200623, 270.122803, 140.421722, 144.603058
522.430725, 271.992249, 138.991913, 143.194870
525.725525, 257.851868, 145.528214, 152.448273
524.321472, 257.777740, 145.071609, 148.233047
525.065308, 255.591614, 143.937988, 149.243637
524.719543, 247.398651, 146.395187, 152.714935
531.749390, 245.054977, 146.011230, 150.604614
530.397705, 242.522186, 148.672943, 157.939209
531.171875, 234.202789, 148.740982, 159.392914
536.676758, 230.442123, 150.382614, 158.805939
536.566833, 229.225418, 151.211975, 157.772232
534.410095, 224.303177, 155.330399, 162.130081
539.053345, 222.936707, 151.830383, 157.515030
535.140625, 220.254684, 154.026230, 162.081741
535.491760, 224.331787, 152.837173, 158.067291
541.778503, 224.064392, 146.061951, 150.572418
538.609436, 220.500351, 150.858139, 156.029861
539.879578, 224.806549, 151.116013, 154.924973
535.878540, 221.963257, 152.769180, 156.032974
537.609131, 222.441498, 151.966614, 157.135010
540.694397, 219.802399, 144.936829, 151.832672
533.746643, 214.052734, 153.206329, 159.884216
531.063538, 215.409607, 151.948654, 155.727371
534.632446, 214.809402, 146.070953, 152.508286
527.008484, 211.160599, 153.629288, 155.592346
525.695740, 205.935623, 156.522354, 163.485458
525.020813, 206.830872, 158.266388, 162.813080
528.818542, 214.029770, 150.624435, 151.813202
526.894043, 214.020325, 151.488068, 151.558502
520.857544, 206.105652, 156.493942, 160.086060
521.964844, 207.321274, 151.874802, 153.817520
519.887939, 208.611008, 147.852341, 150.369583
510.553192, 206.727631, 153.514053, 152.458801
506.715820, 203.850815, 159.748642, 154.137527
503.392242, 205.875153, 157.954086, 151.003357
503.526093, 209.017792, 148.178085, 152.263245
497.921448, 213.863373, 149.021240, 146.482330
491.018188, 214.926224, 157.210297, 150.950317
497.165771, 214.037537, 140.524139, 143.695511
491.281830, 220.162842, 155.444061, 146.771759
491.934540, 219.060104, 151.796829, 145.753174
491.115448, 221.652008, 148.624359, 143.526474
490.104401, 220.208801, 148.977203, 146.716858
488.488983, 222.455505, 151.142410, 147.434418
491.304810, 219.757706, 147.462585, 148.340988
484.637939, 223.900665, 158.766281, 156.350555
483.108887, 222.195435, 161.979706, 159.898010
483.428650, 223.170929, 159.690903, 158.576691
485.790497, 225.817520, 153.510178, 154.456985
485.183929, 225.962662, 155.204422, 150.888748
490.276825, 230.005188, 154.720840, 149.579636
490.340057, 226.602371, 154.787262, 149.147064
490.589844, 223.561829, 158.789185, 149.115662
493.377716, 224.671570, 157.989288, 147.970993
500.520081, 228.647095, 154.968460, 144.981766
495.410950, 225.128769, 159.879440, 147.331253
489.619843, 222.590515, 162.661591, 152.200043
489.430023, 226.852081, 154.173187, 142.320343
485.672455, 230.800079, 154.044968, 139.314011
479.008301, 231.737839, 157.089355, 145.599625
484.578491, 228.168839, 147.051804, 145.274628
482.712708, 228.514435, 149.918549, 151.413437
477.600342, 230.973526, 152.998337, 145.003281
478.137238, 231.243576, 153.847260, 146.260513
485.554230, 232.005798, 146.974503, 140.641113
485.609589, 230.962936, 144.500381, 140.770187
486.064758, 231.103104, 150.251373, 142.968887
483.974121, 229.322922, 158.985168, 152.851425
485.997162, 228.001450, 158.784714, 153.314850
488.879700, 229.279312, 151.638245, 147.359436
489.670563, 227.647919, 156.259491, 150.553360
491.295624, 225.523972, 156.452423, 152.192123
491.573822, 225.767410, 156.654480, 152.517303
496.550598, 226.958450, 151.612579, 150.364792
492.234222, 224.788910, 154.759094, 151.888062
494.434784, 227.793533, 141.913849, 146.149887
493.774811, 229.784988, 153.074234, 153.264038
495.718079, 228.793915, 149.273209, 149.659134
499.589172, 228.636505, 148.030151, 152.218323
494.971405, 226.159317, 151.716156, 153.514008
494.522125, 226.142975, 153.352493, 153.651108
496.010681, 230.290314, 151.542068, 153.309280
496.422913, 229.076813, 152.546799, 154.621567
498.775299, 230.362961, 148.816711, 149.908127
495.033142, 222.349960, 148.646225, 154.610825
498.607452, 224.651855, 155.966080, 155.322418
497.187836, 220.807800, 157.108444, 160.747223
500.117401, 221.328644, 155.484924, 159.721161
507.350769, 225.492462, 151.326584, 152.902328
502.897797, 225.902588, 162.273666, 149.184250
507.290314, 230.990860, 154.521210, 143.862823
508.563110, 225.733124, 159.630753, 149.369919
512.828308, 227.320923, 155.864578, 146.672073
508.491333, 224.388184, 157.895782, 153.211304
512.966614, 227.834930, 154.941330, 147.358856
512.447083, 225.538574, 153.454697, 152.757767
518.580811, 228.485489, 150.653229, 148.947266
521.129639, 226.862991, 149.300476, 146.340439
522.832764, 228.410828, 146.660828, 146.398834
521.457336, 228.493652, 151.943100, 141.365372
526.632080, 223.860855, 150.959259, 149.721436
520.556091, 222.393326, 154.349014, 151.610886
527.067261, 220.424561, 152.042221, 153.411011
528.220703, 229.980865, 143.319458, 139.659103
522.867981, 223.121063, 147.923096, 148.926636
532.218994, 229.954498, 141.982269, 144.434052
526.611938, 227.102386, 150.181000, 149.701752
533.356079, 222.292511, 146.613251, 152.066391
534.276855, 219.328537, 151.286392, 155.812622
540.890015, 227.112061, 145.341156, 148.156403
542.655090, 227.077301, 143.151855, 147.326523
545.602539, 226.373337, 142.328735, 149.550201
550.797424, 230.486389, 136.755371, 146.220978
548.832886, 229.994537, 139.386139, 146.982513
548.151672, 229.090057, 139.534897, 145.511826
540.930359, 223.001373, 146.301498, 150.681824
540.290405, 223.909698, 145.711685, 148.888367
533.650696, 221.987473, 152.647903, 153.076813
530.813782, 222.205002, 152.817200, 154.208527
529.755432, 224.458557, 149.981644, 151.975494
526.434570, 225.852295, 150.187302, 152.367111
524.781189, 223.292526, 148.841476, 153.499084
525.798279, 227.114136, 148.817734, 153.619644
525.857666, 224.103241, 148.817978, 153.600555
526.287415, 226.449341, 148.719879, 154.076309
529.132263, 232.337463, 144.313385, 145.625229
530.881836, 232.564789, 143.500351, 144.263519
531.653809, 231.405975, 144.411926, 145.865616
533.642639, 232.793961, 145.412979, 145.110077
533.204834, 225.208588, 151.149414, 153.401245
530.880127, 224.905380, 153.255280, 152.957108
533.077759, 223.348633, 152.492645, 152.150742
536.711487, 224.904602, 146.927841, 149.473221
531.851563, 225.424271, 152.002075, 147.044113
537.739868, 224.445038, 148.597198, 149.352615
533.570251, 223.535065, 152.779327, 154.888290
537.680359, 223.765015, 150.793732, 154.305344
539.495239, 228.365784, 149.764343, 149.939636
540.042053, 228.775223, 148.870590, 150.265411
537.681274, 227.467087, 149.548355, 152.239899
539.613281, 229.836472, 148.426651, 150.899918
544.312500, 234.522583, 143.736053, 145.358597
544.901001, 231.521088, 141.561890, 149.185974
537.854675, 229.868607, 149.683884, 152.154388
538.826294, 226.742950, 150.780762, 151.589752
535.780273, 229.250519, 149.216248, 149.384949
535.442810, 228.253632, 149.511810, 151.431610
535.960388, 227.446411, 154.260422, 150.674911
537.779541, 227.558884, 148.125412, 149.941010
538.391296, 223.097763, 151.276245, 154.729340
538.787109, 227.956573, 146.616089, 149.628723
538.590576, 228.019165, 146.257141, 150.699875
537.849548, 228.487137, 146.610107, 150.151443
543.339172, 224.616333, 145.738846, 152.033829
540.381897, 223.191391, 149.030182, 153.388519
539.439331, 227.732788, 143.902008, 148.025574
534.627747, 218.113052, 152.431915, 159.979340
534.336487, 218.656937, 154.058746, 160.383041
536.541687, 230.535202, 145.713959, 146.436264
538.171631, 227.817459, 147.278168, 151.572906
540.300110, 231.292358, 145.533005, 148.220810
539.670837, 234.091476, 144.771439, 148.081573
534.369202, 226.350372, 155.509277, 157.372238
532.620117, 228.943146, 152.518799, 152.214478
531.312012, 228.763062, 153.184708, 153.414841
531.443542, 229.874359, 153.128632, 150.780304
532.846436, 229.986298, 150.321060, 150.612137
535.403625, 226.873367, 151.646347, 153.832611
533.238708, 224.776123, 153.569626, 156.593811
532.973755, 224.223358, 155.744675, 154.887131
534.170593, 224.848099, 155.271683, 157.670990
533.951050, 228.386658, 150.595337, 156.198624
534.495667, 230.890137, 151.240387, 153.602966
535.297974, 227.574463, 152.356110, 156.687973
539.190735, 231.678192, 145.485306, 152.938843
539.565796, 231.676102, 146.396698, 153.642868
537.514038, 232.192505, 149.453903, 152.564941
537.186462, 231.486206, 152.094757, 152.988052
537.863464, 227.687958, 154.864471, 155.512131
539.080566, 228.892151, 153.962845, 152.539902
541.978210, 234.117340, 147.523315, 150.109131
540.702271, 234.786453, 143.855392, 147.241623
541.798767, 238.751434, 141.945282, 144.068542
537.401794, 231.877869, 150.156738, 151.819153
540.511536, 230.542648, 151.212601, 154.962341
535.657410, 231.020569, 151.307556, 153.784729
536.455811, 228.317215, 151.467651, 157.805298
537.383301, 230.180862, 153.798523, 158.806259
536.148071, 228.163116, 154.550629, 156.697754
534.205994, 227.381836, 156.122269, 159.201096
535.001404, 227.925659, 156.579514, 159.354263
536.803406, 227.517838, 158.057205, 161.342056
533.572937, 225.724747, 156.374237, 160.018860
535.058228, 226.938461, 157.251099, 157.363510
531.914429, 225.560532, 156.333405, 157.573425
530.892273, 224.825668, 156.892334, 159.880722
536.944519, 230.648834, 150.439835, 154.545135
535.494141, 225.797729, 156.115143, 157.702072
536.363464, 232.584259, 147.705719, 149.003052
536.062378, 230.237320, 149.797607, 151.224442
538.509766, 234.756012, 144.450745, 145.113205
536.711304, 229.582336, 149.811401, 151.546066
536.545410, 228.055328, 154.022888, 154.951996
536.493286, 228.333832, 153.635468, 154.535995
537.825134, 230.565109, 151.515045, 152.565247
537.512878, 228.696884, 150.881500, 153.301697
535.357788, 226.456345, 154.965714, 154.862457
536.050049, 224.536697, 156.285263, 157.231720
538.494812, 227.907196, 153.656509, 153.451385
537.224609, 227.897247, 153.984451, 153.528198
536.551086, 224.356461, 153.282120, 152.354385
536.492981, 224.091965, 155.249939, 154.791290
532.100586, 220.560211, 158.769562, 156.306534
532.791321, 223.030899, 156.667908, 158.738754
532.804871, 222.235825, 154.367416, 153.005478
534.025574, 228.361298, 150.496658, 149.196487
532.927673, 222.659576, 150.311111, 152.525650
531.594482, 223.207855, 149.821228, 152.269958
525.573792, 223.448120, 152.552185, 154.544922
523.928894, 222.395081, 151.344666, 156.165482
523.696899, 226.459824, 146.695099, 144.133896
518.247009, 220.760330, 155.597305, 152.422684
517.969238, 218.113174, 151.879150, 161.453354
519.075073, 219.570740, 155.710144, 159.953308
515.800354, 214.501511, 162.123901, 164.419174
521.546570, 226.278030, 150.679443, 149.149796
518.960876, 226.052536, 154.280716, 151.066406
523.255066, 226.484741, 158.270355, 148.886459
528.988953, 219.988663, 147.050583, 159.045898
529.635376, 231.353394, 145.196869, 141.018555
527.501953, 232.299103, 151.726425, 145.227310
528.350891, 232.457825, 145.295654, 144.046707
526.906250, 228.927353, 151.339310, 148.874512
524.816345, 227.374237, 154.255127, 153.452988
521.384949, 229.265930, 154.886902, 151.696533
516.798340, 225.255630, 157.592712, 154.804550
517.699829, 225.415726, 157.857346, 156.968857
515.509399, 224.293976, 157.527313, 159.790359
515.117920, 223.581375, 158.233627, 160.826294
516.678345, 224.312241, 157.134781, 161.937668
521.445374, 227.695786, 153.954712, 155.929108
522.493713, 230.707520, 153.659210, 154.226639
524.677063, 229.232819, 152.196838, 155.017960
521.905151, 229.480164, 156.968643, 156.589828
530.479187, 235.053391, 149.431595, 149.119934
528.437073, 233.408554, 155.221466, 155.365128
527.254089, 231.113419, 155.813156, 156.717377
530.571960, 235.056320, 154.535004, 154.878754
539.143127, 241.449432, 143.100250, 144.763184
535.226868, 236.842651, 151.013260, 151.908554
534.696655, 236.485947, 152.096024, 153.060150
535.120056, 234.417496, 149.727921, 154.232880
533.494263, 238.879120, 151.639038, 157.100891
536.325012, 234.111282, 151.902084, 156.493195
534.930786, 238.815781, 151.860825, 153.444656
538.017883, 234.378204, 152.944412, 155.753281
541.767639, 236.630020, 147.469513, 151.455154
538.633545, 240.012833, 149.962814, 153.022919
540.487488, 239.906082, 148.134293, 150.364853
544.217773, 240.043137, 145.920059, 148.529037
539.208313, 239.078857, 150.014725, 152.732162
537.681519, 235.876465, 155.219696, 153.686951
536.666199, 236.016647, 156.267120, 155.386902
541.332947, 237.819031, 152.394363, 152.338699
545.324036, 234.555893, 150.535980, 155.625320
548.587769, 234.578110, 147.870483, 152.217697
550.182434, 236.530472, 146.199615, 153.195633
550.331482, 233.259613, 149.995819, 157.269333
557.632202, 231.121201, 147.757324, 154.269150
548.211914, 234.657364, 149.741714, 153.691895
552.291138, 231.231659, 153.046722, 153.695862
553.410889, 237.085678, 145.222198, 151.087234
557.613892, 232.079422, 149.934143, 153.942322
551.093445, 237.577408, 146.251846, 153.641739
553.554138, 231.700119, 151.804428, 159.477463
561.646118, 237.343094, 145.061081, 150.237396
561.622986, 237.895218, 142.123962, 150.959259
568.853577, 241.642532, 139.107849, 144.425049
569.320984, 241.427979, 141.364487, 148.315247
556.881653, 237.210129, 148.403580, 150.935608
561.354736, 240.031601, 142.348404, 147.972778
556.794189, 238.792419, 145.599670, 150.557678
561.711426, 240.589569, 140.685715, 145.861618
560.114807, 239.148331, 141.500900, 146.366257
557.105347, 236.719238, 143.904282, 146.401520
558.583191, 237.936157, 141.766098, 146.106674
558.435364, 236.467255, 143.657547, 147.602753
557.282166, 234.669617, 145.670044, 148.284668
558.486816, 239.400146, 141.251389, 148.983536
555.964722, 236.356308, 144.285416, 151.217163
556.549805, 237.379486, 143.369858, 148.260086
555.970947, 236.221069, 145.794983, 150.077667
555.728638, 235.765732, 144.736099, 149.696396
559.279541, 239.675598, 139.848297, 145.899399
555.846985, 236.014389, 141.238983, 151.508255
546.117310, 238.826920, 155.086380, 151.417725
546.030762, 237.728760, 156.986725, 155.952194
550.715454, 238.995819, 145.037079, 153.163498
551.817505, 239.758759, 144.288055, 151.062637
548.598999, 241.872528, 144.685318, 152.173187
539.254761, 239.343750, 149.571350, 150.756821
543.846558, 239.579819, 148.543457, 149.932297
541.949097, 241.732651, 150.739304, 150.838593
546.096924, 239.995728, 148.442520, 151.956497
545.505005, 240.438782, 150.428741, 151.847412
545.487671, 240.254883, 151.476227, 152.194336
545.964355, 241.602081, 150.879242, 151.535309
545.834290, 241.693481, 148.454437, 151.798615
543.839600, 240.981766, 148.956589, 151.867722
547.653687, 241.443848, 145.918472, 153.818832
540.238953, 246.045792, 151.095917, 151.854767
547.648315, 240.419067, 147.549713, 153.572342
543.641846, 247.157028, 149.985809, 150.922058
544.211426, 247.170288, 149.246994, 149.746231
553.964355, 239.126648, 142.252823, 152.501968
554.510986, 243.147812, 141.606247, 148.268585
548.964722, 239.252457, 147.623184, 153.795227
547.041321, 237.129974, 148.047409, 156.419495
557.110535, 239.956329, 138.413010, 149.793793
557.161865, 239.732071, 139.348022, 150.392853
543.237671, 237.662567, 153.049316, 152.395218
547.987488, 238.820007, 142.355270, 147.101929
545.926270, 235.369049, 145.034805, 149.466599
547.366455, 235.748016, 141.912323, 146.534210
546.035278, 239.680328, 138.716263, 143.634766
532.370117, 235.566086, 152.048203, 154.953796
535.534729, 241.007568, 150.044464, 150.904846
531.367615, 242.843231, 148.720947, 156.530106
534.487671, 245.783218, 151.605194, 158.970337
532.422424, 246.279434, 150.884277, 157.710632
537.703796, 250.607498, 137.126663, 145.756500
528.941528, 243.971497, 153.133484, 159.890045
536.701782, 249.903824, 138.125443, 147.173752
527.785828, 247.793396, 148.337433, 146.021545
535.481995, 245.574051, 144.492706, 152.218170
538.962097, 252.776031, 135.290588, 143.619110
529.036194, 249.566772, 148.481781, 152.916214
532.102478, 248.013626, 145.606903, 152.453720
525.300720, 243.210892, 153.083328, 154.651947
526.629822, 244.782349, 151.041168, 152.869049
527.595642, 245.535980, 149.681793, 152.679001
529.634583, 247.408630, 146.126648, 150.554581
524.365173, 247.600403, 142.428986, 150.902573
541.069641, 253.583008, 137.174103, 143.808136
542.218445, 253.311096, 135.635803, 144.787430
543.063049, 255.245285, 133.656006, 144.590195
538.623718, 246.248199, 143.090179, 147.496185
521.989014, 241.485916, 147.678436, 153.898666
521.407166, 241.161041, 148.581573, 153.224915
534.963013, 242.771820, 144.411179, 152.927109
528.567322, 246.110672, 145.576859, 146.682678
531.943359, 247.383682, 136.527023, 149.661331
533.240356, 245.970688, 142.468109, 151.307175
526.012085, 244.683289, 143.805923, 153.025787
528.115540, 245.519440, 142.167877, 150.733490
525.454407, 248.614594, 144.166016, 141.227097
528.447815, 242.619537, 144.460312, 149.207153
524.367920, 245.939972, 144.980057, 141.602051
517.872559, 241.675964, 144.400024, 149.506042
519.184448, 242.647003, 141.703217, 149.671005
526.562500, 247.957413, 141.774414, 141.220581
522.867920, 247.276093, 147.854980, 145.984467
522.155762, 247.252228, 148.040665, 146.210434
519.939636, 243.993713, 152.147430, 152.648544
518.836243, 242.749542, 152.183853, 154.463226
522.778442, 245.980759, 146.167297, 144.878784
524.167847, 246.589310, 145.520844, 145.068268
523.562988, 245.108093, 145.644531, 147.570053
519.989319, 244.172531, 143.405518, 144.926926
518.509155, 241.567230, 152.878250, 148.743759
518.544739, 242.053162, 151.117844, 147.671783
515.888428, 244.053589, 149.808319, 145.541245
522.014587, 240.980850, 151.540802, 149.281830
514.239075, 243.501144, 151.966232, 147.018143
522.287415, 246.577347, 146.768372, 144.844025
519.461304, 238.753845, 153.172806, 152.751831
518.891052, 238.765640, 155.534790, 152.359970
520.188660, 243.933731, 147.035461, 145.503998
521.699158, 245.880463, 148.976944, 147.687347
521.408142, 246.776001, 147.108490, 147.583359
521.990723, 246.480118, 146.265778, 146.526352
517.476440, 236.867874, 156.349411, 157.737503
517.651550, 246.548462, 152.323410, 145.850937
516.244568, 241.795135, 152.523331, 155.348465
517.084717, 243.008789, 150.912384, 150.516983
512.789307, 237.549484, 156.975632, 152.255142
516.851624, 236.992722, 145.031219, 141.811981
510.266571, 237.790833, 158.505905, 149.397446
508.767944, 236.211868, 155.980698, 147.701309
510.691498, 240.689453, 153.383591, 145.653214
514.095032, 242.477554, 146.486740, 144.633545
512.406189, 242.702484, 148.802856, 145.498077
511.259796, 242.011703, 150.613602, 146.265289
513.549377, 242.841003, 147.781464, 142.499496
506.556396, 237.432388, 152.334885, 150.642914
509.107147, 236.691132, 147.156906, 149.157852
505.437439, 238.505905, 152.391327, 149.653091
501.818207, 238.278946, 160.122147, 156.488907
497.786499, 237.703796, 160.715515, 154.970993
506.334778, 239.478195, 153.708267, 152.610153
498.900146, 236.880707, 160.490585, 153.139404
504.655426, 238.597549, 152.999222, 150.731812
506.509155, 237.856873, 155.393875, 154.374130
506.769440, 237.150482, 153.927338, 151.927841
501.371246, 233.384338, 160.849213, 153.998428
499.549225, 235.099091, 161.005280, 154.461838
505.981812, 239.764801, 152.195602, 146.660767
497.342499, 238.817413, 159.143692, 150.064545
507.286896, 240.855667, 152.605743, 148.773926
495.181854, 235.645569, 164.650970, 159.927002
496.241943, 241.092010, 159.498917, 155.284332
495.722076, 242.743118, 162.476868, 154.792267
505.430756, 247.877411, 150.456085, 147.063278
506.188873, 249.532990, 149.657730, 145.764084
500.187683, 244.211838, 155.512024, 152.022049
501.159088, 245.402893, 153.398911, 151.703033
497.180786, 243.036087, 158.366821, 154.879181
497.647125, 239.066650, 156.703354, 151.500427
493.035980, 243.640747, 166.438431, 154.338089
493.134674, 242.501022, 166.734909, 155.436172
490.480408, 240.805344, 166.579025, 154.059586
493.584473, 244.021790, 165.154770, 153.074875
494.289886, 241.281693, 163.816986, 155.025833
494.155823, 241.231628, 162.871185, 149.716232
491.362274, 239.232254, 167.135284, 152.882294
495.028748, 242.283646, 156.867889, 153.438736
492.662231, 244.362183, 160.959732, 150.101273
487.321320, 241.805634, 159.733521, 150.441422
490.897675, 243.042953, 150.786026, 152.923676
492.155151, 241.397339, 154.351624, 146.345169
492.023743, 240.484207, 155.848221, 145.880554
490.333740, 241.663651, 153.618576, 144.499390
488.983887, 241.012726, 154.464783, 144.330902
487.564423, 241.468262, 154.704620, 142.747681
487.105072, 246.771362, 150.741577, 141.808334
483.756042, 244.734756, 155.833862, 150.554428
486.447662, 246.149353, 152.709488, 147.065445
489.404755, 247.306564, 149.537109, 144.948822
486.752716, 245.318939, 149.664780, 150.667755
480.591522, 241.687836, 163.205063, 150.389023
485.076294, 246.000305, 158.677383, 147.431442
489.847687, 248.976974, 155.561707, 145.925354
491.764313, 246.657730, 153.604340, 144.553558
493.042694, 245.219391, 153.042633, 146.041687
498.155823, 245.520508, 150.246994, 143.899887
492.606628, 237.703461, 157.627243, 152.482788
491.520172, 237.278275, 163.640121, 153.723358
498.639679, 237.950836, 153.893814, 151.026993
501.172119, 235.965424, 152.552185, 146.503983
504.066040, 245.117508, 152.642609, 146.863678
497.146088, 238.890732, 160.886353, 156.104675
499.811737, 240.505157, 159.185837, 154.574570
500.796753, 242.764236, 152.963303, 148.390228
502.149139, 242.010544, 154.802567, 148.457047
500.489532, 237.636963, 158.502274, 147.971680
502.400757, 239.331207, 158.400803, 146.757446
502.280273, 238.276398, 158.999313, 146.872101
504.311279, 239.230865, 157.265961, 145.965698
502.487671, 240.118103, 162.183975, 148.975906
502.123810, 243.863022, 163.884583, 151.536789
504.442261, 249.324142, 159.798737, 151.751160
511.258728, 247.417404, 157.189346, 152.402191
508.906708, 252.363251, 159.190948, 151.895752
508.604126, 254.977448, 154.914841, 144.242783
516.163635, 254.099503, 149.128479, 140.856857
516.773682, 253.504501, 153.390930, 140.712997
513.880005, 250.138702, 161.888626, 147.546463
518.136658, 253.943619, 151.645401, 140.930267
517.204834, 257.023651, 154.727936, 143.419891
518.443604, 252.097351, 154.480133, 145.173080
513.897400, 254.920456, 161.435547, 148.340775
516.555725, 260.837952, 161.246033, 150.312088
516.676208, 257.112549, 161.233170, 147.220566
518.891541, 260.610565, 158.915604, 143.897552
518.754578, 261.920349, 156.226730, 146.975464
521.135193, 261.724731, 153.715042, 143.188614
519.540588, 260.683044, 156.214828, 146.255035
524.427795, 264.203125, 158.427429, 147.511658
525.092163, 262.387207, 158.756134, 147.594604
518.270508, 256.725952, 162.084518, 152.298309
524.096741, 261.725128, 160.995834, 150.226349
523.646301, 260.165802, 162.714523, 152.307159
528.286865, 259.080505, 153.217102, 148.113632
529.145874, 262.946777, 161.643982, 151.039368
530.174988, 267.592621, 157.638458, 146.541107
531.091553, 262.665161, 160.440613, 150.437180
529.117676, 264.085846, 163.404694, 151.741760
530.681824, 266.974579, 159.586304, 146.521500
531.885864, 261.596283, 162.236679, 149.301193
535.146118, 262.775513, 161.129654, 151.484177
533.694641, 260.300873, 162.599350, 152.086319
532.746399, 259.733459, 162.248520, 149.867264
538.060913, 262.909882, 156.913696, 144.968979
542.713684, 265.701660, 150.133118, 143.540436
544.114075, 267.558746, 146.706375, 139.975037
542.281128, 273.255615, 152.599762, 141.242310
549.576782, 278.409241, 140.387009, 134.151123
548.574402, 277.486176, 146.436142, 137.942917
554.388550, 291.201477, 140.871017, 134.986435
551.817993, 292.535309, 145.026688, 137.920532
550.974792, 296.972046, 140.275299, 133.637695
543.892029, 301.358429, 129.623459, 133.245544
554.246826, 305.799255, 139.233292, 134.551331
557.810730, 307.649170, 139.216156, 137.165054
561.475342, 311.345917, 137.301956, 135.451050
558.892212, 313.919830, 135.327759, 134.385559
563.803772, 312.958618, 137.414291, 134.430054
564.046692, 315.723450, 131.220673, 133.574966
565.303406, 317.284668, 130.687195, 134.518051
569.359680, 318.365692, 131.580124, 133.769730
574.677979, 314.702454, 136.836456, 138.272797
575.522278, 315.387421, 137.941910, 138.486847
576.588196, 315.415497, 136.876526, 138.087891
575.248840, 313.632355, 138.210938, 135.885666
576.988220, 313.714111, 138.210876, 138.305695
579.961731, 312.120453, 137.570480, 136.833221
576.629272, 312.722626, 135.859924, 133.805801
586.024353, 311.972107, 132.471481, 133.340622
580.290039, 305.732697, 138.706497, 139.828644
584.229797, 308.133759, 133.391815, 139.536896
584.109436, 299.028290, 138.425613, 143.783051
585.343933, 289.682739, 140.399475, 147.659912
587.921875, 287.524872, 133.507126, 141.155884
588.201416, 273.316498, 143.400925, 149.628769
589.973389, 266.788910, 145.621216, 152.025558
590.996521, 267.337769, 145.577744, 152.657455
593.596313, 256.892212, 148.022522, 154.659210
591.841614, 256.815430, 149.429901, 152.652145
590.360107, 245.308350, 155.165390, 163.637146
593.117676, 241.417099, 154.769714, 162.194290
595.109070, 247.602127, 156.401886, 156.671585
593.049561, 243.511993, 150.455521, 154.927078
592.023804, 233.593063, 155.081528, 162.823105
595.258484, 240.921982, 156.661606, 155.330444
593.792297, 240.734879, 156.313873, 156.474686
593.358459, 235.426804, 157.920288, 159.985107
587.749146, 229.015045, 158.746811, 164.625092
588.419373, 233.103287, 157.294571, 162.009903
596.807678, 232.547913, 154.241333, 162.652451
589.342407, 230.449707, 154.479996, 159.774979
590.717224, 233.617142, 153.406494, 159.552963
584.836426, 232.947266, 158.448471, 162.558105
583.492371, 230.292786, 160.059937, 162.073517
583.749268, 229.459076, 159.701355, 161.238754
587.177673, 230.720093, 156.111313, 161.335205
586.344910, 237.274567, 153.358612, 156.452820
581.656738, 240.952271, 155.775864, 158.954590
584.738892, 240.970200, 152.970810, 157.351913
582.642029, 240.060974, 151.614532, 159.149811
579.698792, 240.972656, 156.427292, 156.573395
577.658264, 243.335770, 154.986328, 156.345108
579.810608, 245.719559, 152.229980, 152.158279
580.079712, 241.226624, 149.935394, 148.494980
574.638977, 244.511917, 154.427078, 153.728867
574.314148, 247.130524, 151.914001, 149.832901
576.888672, 244.500824, 146.970810, 156.836624
574.220276, 243.293350, 150.614548, 157.962982
569.988953, 248.241241, 152.237152, 151.333710
566.647095, 243.581238, 156.392761, 160.881119
565.770691, 246.590332, 150.411667, 151.836563
563.772888, 242.537231, 156.581833, 156.840546
565.940247, 245.513092, 146.472061, 159.796204
563.926514, 250.741547, 151.557251, 151.917313
563.144104, 246.025681, 154.073990, 154.513748
564.054810, 250.545837, 150.966248, 152.582550
561.474121, 250.688599, 152.556351, 154.070694
560.647583, 249.684952, 152.178940, 153.599365
561.325012, 250.609512, 151.367859, 151.374130
558.025085, 248.632874, 154.994766, 154.214020
564.587463, 244.367920, 148.480072, 155.264053
561.389526, 243.010803, 155.464600, 156.483551
565.245483, 243.658325, 153.154663, 155.972382
562.406921, 247.101364, 149.279434, 149.298233
560.748047, 247.383987, 149.141830, 148.617035
562.341797, 242.614914, 155.570587, 155.543839
553.837830, 248.970688, 157.972641, 148.857574
560.186401, 243.325790, 157.658371, 156.869354
558.414063, 240.304092, 160.914047, 162.298843
558.905884, 250.622986, 148.247330, 144.043030
551.055847, 243.071564, 163.073471, 151.517426
556.338135, 246.918915, 154.513779, 147.072952
552.695679, 247.972504, 161.624573, 147.284988
553.290588, 247.784302, 161.522369, 149.847900
553.499084, 248.059723, 159.121826, 148.664108
559.115295, 246.105988, 158.622742, 152.056396
550.523560, 242.059219, 168.480957, 158.524368
558.056458, 248.453827, 159.466599, 149.880142
558.676331, 247.932983, 159.876892, 148.652512
554.870483, 245.704041, 163.129807, 155.771790
560.990845, 243.486420, 158.013153, 158.381287
550.936096, 246.379059, 169.125824, 160.428482
562.239136, 251.893127, 155.387299, 151.473724
562.900391, 254.185623, 153.585373, 148.256927
556.681702, 249.279510, 160.835602, 149.891068
557.122009, 247.931747, 161.653366, 152.377029
553.646973, 249.287827, 168.617920, 155.094101
552.087646, 250.490936, 164.251877, 151.366684
555.828491, 250.703354, 160.863388, 149.986465
555.971008, 252.147095, 158.619034, 146.994080
549.540466, 249.309082, 167.196243, 153.247681
554.967896, 252.270554, 159.311417, 150.542892
559.643982, 250.216492, 153.864044, 149.110886
554.158264, 250.819748, 155.285858, 149.162994
550.222229, 248.382111, 159.598907, 160.465836
557.793762, 250.599792, 151.729065, 151.309174
548.093689, 244.036285, 161.864059, 164.533615
551.293030, 248.841858, 151.129761, 155.769241
549.105896, 242.790817, 163.713806, 167.906586
550.999451, 244.552658, 159.498032, 160.481461
554.890808, 248.574112, 154.212921, 162.058655
553.568359, 250.447830, 158.020096, 164.658264
554.502930, 249.664597, 158.844406, 160.488876
563.421204, 255.236465, 147.362534, 152.660690
556.246521, 258.624115, 153.040863, 152.188385
563.777039, 246.950073, 154.892258, 162.737717
561.019592, 249.704498, 154.455307, 156.836777
567.979370, 256.986664, 147.311935, 151.434692
566.931213, 250.383179, 154.996719, 162.318893
566.122742, 245.613739, 156.009171, 163.640640
565.461914, 247.677216, 159.043060, 164.225159
566.837952, 246.746964, 154.121933, 163.518402
566.154419, 248.825562, 155.871246, 159.726868
569.065063, 249.856720, 154.335968, 156.407791
568.451843, 248.343307, 155.420822, 154.803925
568.739075, 248.243591, 155.642029, 154.821579
569.272461, 250.564697, 154.408676, 156.103226
571.057190, 249.971954, 154.730576, 157.339447
570.051880, 249.991287, 154.869705, 156.600784
571.370300, 250.731628, 152.268906, 156.849884
572.593506, 253.619003, 152.733841, 155.233353
572.554382, 257.454468, 153.289429, 158.554993
576.147766, 274.407532, 137.934097, 142.895203
575.778503, 281.304016, 141.881012, 140.432449
589.213867, 289.020691, 127.122223, 140.004044
581.752869, 298.438416, 133.577820, 137.462143
584.157104, 306.590698, 133.077103, 139.627914
588.748352, 305.824432, 128.279221, 132.834320
582.227844, 307.643341, 136.794815, 141.864548
584.442627, 312.666687, 132.528198, 136.799561
585.463989, 314.641357, 133.034637, 136.134247
587.177307, 315.490234, 132.781601, 136.549423
592.594482, 317.131592, 134.754776, 137.719193
590.717834, 316.682037, 136.558594, 140.442566
585.812378, 313.946899, 135.586914, 141.130829
589.661133, 316.151978, 140.082047, 141.765259
590.319153, 312.077759, 140.931625, 143.447403
593.331543, 312.594971, 137.713257, 140.882675
587.455688, 304.853058, 139.345444, 138.566208
601.922302, 301.383545, 130.779633, 138.711182
596.525757, 291.139648, 146.628433, 148.142227
604.803467, 283.121979, 140.311020, 144.434570
604.156006, 274.504486, 148.415176, 148.620529
609.770325, 264.835846, 149.941391, 151.868271
614.789673, 257.528870, 152.562332, 156.635559
618.309204, 251.457687, 154.198486, 156.842346
620.609314, 242.304718, 153.498993, 161.196259
625.591980, 244.046707, 156.106705, 158.737366
628.995056, 241.136047, 154.726105, 157.968262
628.633911, 240.328674, 158.322769, 159.488007
632.186218, 233.515411, 156.341980, 158.244766
635.606140, 234.313873, 158.162994, 155.242310
639.726868, 236.053497, 155.218246, 151.160507
645.965332, 229.783905, 154.768692, 152.455307
646.858032, 223.327835, 159.430054, 155.145279
655.056396, 222.659210, 156.285080, 151.785019
660.047363, 223.003296, 157.350388, 152.578430
658.892700, 219.653137, 159.983383, 157.774429
661.747925, 219.111572, 162.083511, 158.953476
667.688965, 216.589264, 161.679016, 158.761230
671.673706, 217.598282, 162.364273, 157.623428
677.420959, 217.748352, 161.100540, 157.001266
681.565918, 220.437042, 160.076813, 158.789627
680.477600, 221.352386, 165.185196, 160.689606
682.780273, 224.308014, 159.873245, 158.829269
688.505066, 222.361603, 164.414566, 165.249451
696.877319, 234.400620, 154.135101, 151.292786
686.518250, 229.536911, 163.289078, 159.216827
692.086670, 232.527817, 156.772369, 155.763519
703.909363, 236.913742, 150.612411, 149.415848
687.048889, 222.379440, 167.578506, 161.997726
693.813416, 220.694443, 168.054901, 162.781235
698.208496, 223.130264, 153.532639, 153.529877
718.822937, 228.789795, 129.315292, 132.580841
690.805908, 221.901215, 153.698853, 152.359894
684.132385, 218.307098, 153.179611, 153.987335
696.784668, 235.380341, 130.995422, 136.771042
686.849792, 222.643311, 145.160950, 147.401093
688.658875, 230.582230, 131.802048, 139.311600
673.725525, 218.103195, 152.512238, 151.916351
676.430603, 222.907730, 141.057205, 144.617828
671.733765, 215.889557, 146.492218, 150.971558
664.358032, 219.905991, 147.372040, 149.228149
660.559143, 217.887253, 148.337357, 154.781998
663.861877, 223.391846, 143.181717, 147.584351
662.316101, 224.818390, 141.823868, 145.565918
662.146667, 225.466888, 142.237823, 147.007828
651.356018, 220.036194, 159.030716, 156.601212
659.198669, 229.431061, 143.982101, 151.071579
657.269714, 227.644257, 144.267395, 152.434586
655.610413, 226.114685, 145.239639, 148.987228
658.356628, 230.600235, 140.053131, 143.057449
659.645508, 235.708328, 137.990234, 139.714828
644.549561, 229.825989, 141.426544, 147.355072
642.946411, 237.339111, 145.020264, 147.253281
643.012390, 238.283844, 143.596680, 145.735458
645.467896, 237.453888, 139.121582, 143.534760
641.451172, 237.510895, 145.772247, 145.294312
638.364258, 240.676697, 141.377029, 149.021378
634.874817, 238.506317, 144.667542, 150.630798
638.715942, 235.195251, 147.099731, 148.284561
630.135620, 234.338776, 151.767441, 155.346146
638.313599, 237.079697, 142.065872, 148.591049
631.702820, 233.700989, 151.359985, 150.913849
630.024902, 232.807816, 151.576157, 154.169434
627.392334, 232.230835, 153.647873, 158.275070
631.063782, 234.876312, 150.227631, 156.287186
627.910645, 237.056229, 149.545074, 154.368118
624.662598, 236.860687, 153.188934, 155.065369
627.704956, 242.616821, 149.716080, 150.571518
627.175659, 244.788712, 150.446259, 151.452194
625.313843, 242.247772, 150.904434, 153.922607
626.082886, 241.005280, 151.158356, 157.295746
628.154358, 248.493347, 143.641357, 152.744171
621.877258, 241.139511, 156.721588, 161.826187
619.799622, 242.063751, 157.019165, 159.761307
629.337769, 246.175842, 144.725952, 153.392731
627.787476, 243.346283, 147.790405, 156.666077
621.790466, 241.015671, 153.147415, 160.538712
624.585815, 245.566025, 149.372116, 154.311462
624.611877, 248.340790, 148.803864, 152.371445
620.542969, 247.569061, 152.437515, 154.300293
620.088806, 247.291626, 153.249985, 153.211548
622.914734, 249.405045, 148.939835, 150.910019
618.080933, 256.471497, 146.887711, 148.911057
619.421570, 254.377747, 146.215240, 149.783661
618.527039, 255.551559, 144.789841, 150.390854
616.570862, 258.521362, 145.826492, 149.273743
607.437073, 259.711639, 148.524933, 146.889999
607.813171, 259.543976, 150.529999, 147.886429
614.325989, 256.887634, 148.161575, 147.365417
605.238953, 261.987823, 144.132309, 145.448288
606.389038, 261.835175, 142.937256, 150.508087
599.517578, 259.406586, 152.904465, 155.829285
603.643372, 261.148315, 152.171005, 154.059128
598.187317, 266.044800, 148.931137, 148.655899
591.875793, 256.846558, 160.354675, 158.547226
591.907166, 256.922852, 160.728302, 157.068283
589.696594, 261.740234, 156.345566, 148.655746
601.725464, 255.743637, 138.837860, 137.984467
592.181946, 266.569885, 151.779602, 148.215134
594.802856, 266.671875, 149.098175, 144.580154
593.381531, 265.404144, 151.307556, 146.168472
592.692017, 265.594727, 151.550262, 146.702454
594.849670, 266.526398, 150.170975, 146.161697
593.584839, 266.544525, 155.226318, 144.393463
593.228455, 266.263031, 152.556473, 145.129959
594.790588, 266.883698, 154.037766, 143.875732
598.657532, 260.243500, 145.586685, 140.298767
592.870361, 263.828064, 159.373032, 149.995377
590.154541, 255.813507, 161.585892, 157.456406
592.081909, 257.401245, 159.249039, 154.514984
593.476318, 261.757935, 151.470993, 148.938507
594.697571, 261.670929, 152.941376, 147.510696
597.039124, 259.328644, 154.671417, 151.641418
596.181763, 260.342224, 154.961182, 151.836899
593.270081, 265.000183, 158.880066, 152.670837
595.009521, 263.615601, 149.705170, 154.600357
601.616089, 274.183258, 145.314941, 148.313995
597.506775, 277.108307, 146.694778, 148.543762
596.468872, 283.437866, 148.272400, 148.814133
599.452148, 290.399170, 134.588440, 136.356308
603.099060, 296.509949, 135.816757, 134.249069
594.299377, 292.607056, 142.984833, 141.353455
596.537903, 298.013550, 139.755234, 130.328537
590.741150, 303.122375, 128.853516, 131.197403
589.541809, 304.717346, 132.812790, 136.834244
590.070984, 305.386871, 136.302155, 137.464462
589.490662, 308.048706, 139.637222, 134.339157
589.090942, 308.053802, 140.266983, 134.773849
595.799316, 306.329498, 138.301239, 130.509918
594.307007, 305.295715, 140.206680, 133.523132
595.337646, 306.349182, 131.442657, 132.679199
595.488647, 302.716675, 137.764801, 137.653183
596.676636, 300.559448, 137.896103, 139.112091
597.360107, 299.762695, 131.228302, 134.346008
595.437378, 292.563843, 145.968246, 142.566574
594.582153, 289.675995, 146.617981, 145.695740
598.622864, 292.788879, 137.087479, 136.568268
602.248230, 290.398773, 136.821838, 141.005798
601.872192, 289.654816, 145.242737, 143.415649
603.190918, 285.855408, 147.306076, 146.212967
616.398926, 286.929138, 135.277740, 135.233917
613.678467, 285.699860, 136.952515, 139.186996
619.068237, 286.605347, 133.774460, 138.097290
621.153076, 279.346466, 143.961807, 150.460846
619.670654, 278.094055, 137.931320, 147.361877
622.337280, 277.530945, 133.096130, 147.688904
618.568970, 276.365875, 135.209244, 148.440018
617.105896, 265.416565, 150.586319, 159.895493
615.522095, 265.003143, 148.874939, 156.171799
617.317566, 258.046844, 145.995850, 154.295868
626.434265, 255.371658, 137.754028, 145.716980
615.028442, 247.336212, 150.016174, 154.294067
615.368286, 239.222260, 153.873062, 154.769226
618.774170, 237.774673, 153.630051, 153.768875
617.622620, 233.521896, 157.061508, 154.100403
618.738831, 230.568924, 157.531342, 158.120316
617.436035, 232.348022, 156.041428, 154.660385
617.134338, 232.731186, 154.795853, 154.377625
615.434448, 232.646912, 156.369003, 156.817841
617.235474, 232.581726, 154.031326, 154.381775
618.065186, 234.073746, 150.793549, 152.017319
616.214111, 232.876877, 153.762863, 155.510803
618.573914, 237.359879, 151.387573, 148.815109
617.675659, 234.128799, 153.087372, 151.060135
618.584961, 238.780930, 147.931351, 146.192093
618.509399, 237.723877, 149.447723, 148.780029
619.697998, 242.676270, 149.478409, 145.848236
618.288757, 239.940826, 152.324036, 150.462860
613.087952, 230.504623, 158.978226, 156.878387
613.068542, 228.451019, 158.445190, 158.434845
617.428955, 236.858536, 157.527435, 154.796249
612.094299, 235.583832, 158.401779, 155.457291
615.394470, 236.845306, 152.712036, 152.463409
615.651001, 237.909958, 149.778381, 151.194916
604.515259, 234.152954, 155.182205, 155.419785
602.399170, 233.631454, 155.340042, 155.936325
597.290833, 232.457275, 156.520599, 156.279663
594.531860, 237.253693, 154.589569, 153.284576
594.134033, 237.787354, 154.628632, 153.757065
593.347778, 241.012848, 154.207306, 151.463470
592.248962, 246.647491, 150.965805, 148.268066
588.174133, 241.353638, 154.128555, 152.935364
588.965637, 246.284195, 150.148483, 150.424728
586.939087, 247.029907, 150.397552, 150.626190
581.875671, 242.125412, 154.021942, 154.958801
574.394531, 242.365692, 155.354416, 156.494461
579.023193, 245.817398, 152.442429, 152.392624
572.593445, 240.537369, 160.741852, 160.449600
573.756714, 242.589478, 157.073853, 158.894394
569.625610, 242.044250, 156.549133, 159.651382
572.157166, 244.492615, 156.896362, 155.988693
564.733765, 250.970001, 160.690872, 152.556854
565.569458, 245.064362, 157.334579, 157.902328
563.749817, 245.616791, 159.681381, 157.786591
564.543762, 254.647446, 153.236435, 152.557053
561.367615, 255.933578, 154.125031, 153.871384
555.221741, 263.941864, 153.477951, 153.336716
558.350281, 273.784485, 147.630814, 148.718536
558.099915, 275.923523, 150.974380, 154.921448
558.301208, 284.130432, 146.090988, 149.144623
558.985535, 289.264160, 149.046005, 152.496933
556.931763, 292.274841, 143.266281, 148.688568
556.003235, 292.291382, 144.767853, 149.124252
562.450195, 293.464264, 145.580322, 148.570679
562.410645, 294.049408, 147.675537, 148.764557
563.138550, 293.314697, 148.585861, 149.046951
562.722717, 289.245575, 149.578339, 153.299606
567.714478, 293.561218, 143.837997, 145.667862
570.135010, 294.132935, 141.440536, 145.165771
568.091431, 288.009033, 143.646454, 149.890991
565.011230, 281.029572, 152.080338, 153.035446
568.576965, 276.217285, 147.603775, 152.289078
566.207214, 273.948700, 148.032471, 152.055145
565.616028, 267.450836, 150.803513, 151.230576
566.473877, 256.606384, 155.443192, 158.768280
566.354614, 251.743805, 157.761642, 161.414764
570.870361, 251.741653, 154.699265, 161.133652
568.777161, 248.756561, 158.245773, 163.307800
570.492676, 243.936493, 159.921310, 165.992447
570.407532, 243.530167, 159.037903, 161.815521
573.970520, 242.354141, 159.316452, 162.388306
576.377075, 242.095444, 155.708954, 160.122070
585.888428, 234.919220, 157.213928, 162.366272
579.214722, 230.640015, 162.817856, 167.819977
579.341675, 228.386703, 164.007034, 167.536407
575.887329, 228.342712, 162.526382, 162.077087
582.015503, 227.243042, 158.346207, 161.814468
576.158997, 222.955002, 167.033127, 175.776443
575.285950, 227.221573, 164.998001, 167.576874
576.102173, 226.674713, 162.785843, 166.226746
578.225464, 229.530823, 161.040497, 160.908417
578.388672, 229.299347, 160.608841, 160.561813
577.097595, 223.233047, 162.457077, 166.341431
579.643555, 228.411041, 160.359848, 161.556351
583.529968, 229.456192, 160.185379, 161.008545
582.788391, 229.621979, 159.877014, 158.742340
584.540833, 229.571136, 161.875778, 160.195007
592.247070, 229.728378, 158.669373, 159.668228
594.462952, 231.286163, 155.199356, 157.344833
586.481445, 229.047211, 160.213104, 161.266205
586.679321, 229.029236, 159.740295, 159.417709
586.440857, 227.609314, 159.854584, 159.245209
586.318237, 231.859467, 162.949661, 161.454010
591.442932, 227.769989, 160.413208, 164.302658
588.761230, 231.561295, 164.933868, 161.938675
589.742676, 230.278748, 162.599976, 161.869904
591.780945, 228.202423, 166.880966, 166.626709
597.471069, 233.011398, 161.217361, 159.048737
594.150085, 226.782700, 161.831802, 160.903854
597.318909, 226.499084, 162.331131, 161.754593
597.952759, 233.804825, 156.344681, 153.959015
599.388855, 232.001587, 159.504715, 157.781631
598.627625, 232.027267, 162.969315, 158.420120
597.975159, 229.225677, 163.931564, 159.338181
598.557190, 230.282578, 165.712692, 160.822235
600.987976, 228.287521, 165.281158, 163.430725
602.876709, 230.258575, 165.496826, 162.154083
606.669250, 228.526199, 161.300339, 161.033310
608.899231, 238.288361, 157.504578, 153.052353
611.606812, 235.180237, 160.521072, 156.908493
613.377502, 235.815399, 157.928101, 157.516800
610.959656, 234.687775, 159.557831, 160.840698
610.746704, 234.682678, 158.434555, 156.221344
610.915405, 235.174896, 159.089508, 158.129242
614.857178, 238.044052, 154.884689, 154.676025
616.046326, 242.084122, 152.616959, 154.577866
619.313293, 242.432541, 147.287933, 152.669342
616.592590, 239.445847, 153.992462, 156.710251
615.798889, 239.184891, 155.173264, 157.068222
615.486816, 238.083374, 158.193100, 157.898422
611.854248, 236.683884, 159.144821, 162.476181
616.942993, 241.193283, 150.485382, 156.385315
615.722229, 240.164719, 152.803329, 156.766663
615.601379, 236.202332, 153.431702, 154.823669
615.450684, 238.715195, 154.124710, 151.985291
615.759277, 238.905518, 150.689209, 146.340286
614.462769, 237.110153, 154.615341, 152.845352
618.045837, 243.607208, 142.570557, 143.374191
615.903442, 240.838593, 151.497971, 149.364777
612.841309, 242.731033, 153.915970, 149.569214
612.344910, 242.518051, 153.442474, 152.055618
610.139526, 239.963226, 154.778976, 156.488937
610.040833, 240.669647, 154.651001, 154.206467
609.017639, 241.363556, 154.726868, 153.836884
608.618286, 242.459290, 151.216827, 153.719391
610.981201, 244.536179, 150.718887, 149.650574
609.826233, 243.093689, 150.890762, 151.900635
609.323914, 243.058990, 148.729141, 154.691849
610.861877, 243.826874, 147.118057, 153.738113
610.467346, 246.743973, 150.715988, 149.988251
611.220947, 247.001999, 148.042679, 150.281250
610.541809, 245.749344, 148.524872, 151.090942
607.061401, 248.492203, 150.933868, 148.039673
607.499207, 245.756561, 149.615646, 147.216293
604.886597, 239.702332, 154.230118, 158.655853
604.394958, 239.905930, 154.530212, 153.524429
604.592834, 242.411972, 154.668335, 153.724670
603.340271, 239.309280, 158.140182, 157.055496
602.972961, 240.272018, 154.699265, 151.906784
604.676270, 246.510162, 151.367157, 148.119232
604.956970, 241.685532, 152.560577, 154.133209
606.734924, 248.819260, 148.116776, 145.459793
608.457214, 248.467499, 147.932861, 148.189102
608.592529, 248.433350, 147.665024, 150.732330
607.440308, 244.303268, 150.045853, 153.371109
606.184204, 245.629730, 150.297318, 149.191757
604.404907, 240.676285, 158.457230, 158.920380
606.116150, 243.791656, 152.837173, 150.050537
605.268372, 245.664581, 150.906082, 148.294113
605.381592, 241.713089, 152.374252, 152.120789
601.647400, 240.670731, 154.824905, 152.986435
600.702393, 240.645645, 152.809509, 155.199127
601.818420, 239.378632, 152.564041, 156.969147
600.533752, 241.334290, 152.211639, 150.477310
599.381042, 237.265503, 154.549622, 153.520386
596.916687, 239.500061, 153.744400, 150.271790
596.049438, 239.169601, 154.955139, 151.998032
598.772827, 244.222931, 149.477722, 150.889145
595.344177, 245.194000, 152.152161, 150.525513
589.863098, 244.010605, 156.483368, 151.805679
588.351135, 245.273300, 156.553741, 154.566650
587.320313, 245.506088, 156.545609, 156.312256
586.389526, 245.016602, 155.149704, 157.872406
587.958740, 250.700470, 153.462509, 152.872849
579.385803, 244.179901, 159.806900, 161.594452
576.910217, 245.693848, 158.064896, 155.923111
578.722717, 250.895279, 152.205215, 149.384583
577.573730, 252.562256, 151.110092, 147.857574
574.051758, 251.637589, 154.536896, 150.677490
569.662476, 254.657440, 157.899750, 148.321548
566.230164, 251.154358, 156.631744, 154.147522
561.273010, 252.148544, 160.751938, 151.942657
557.067566, 250.855240, 162.350906, 158.177811
557.151855, 250.014771, 163.564362, 159.837677
555.715332, 253.426315, 166.130356, 154.197357
553.724304, 253.251892, 163.796036, 155.470230
551.397217, 254.945572, 153.620590, 152.442993
548.523254, 251.422073, 163.448166, 157.332962
544.824646, 248.948364, 164.171997, 156.975571
542.928467, 251.285263, 160.839066, 153.866302
539.655945, 248.771378, 163.350632, 154.331451
538.325317, 248.116089, 163.980453, 154.804794
532.950073, 249.595917, 165.437164, 153.799393
534.161804, 248.174866, 165.182053, 150.047043
537.395569, 247.651077, 158.680267, 152.624893
531.184387, 247.761490, 164.161789, 151.142517
526.501343, 242.118210, 169.788528, 159.536362
536.488708, 247.946747, 160.328079, 153.601791
531.592041, 251.825378, 163.143906, 154.671387
535.063721, 248.099503, 160.610291, 156.851501
532.050903, 241.616058, 170.959503, 168.946381
533.893494, 248.389114, 162.501938, 157.317383
534.552551, 243.779373, 163.562851, 161.228317
533.394165, 245.972046, 167.060211, 157.491547
532.397278, 245.931244, 168.629395, 157.435959
541.167358, 253.293335, 158.108734, 154.463989
543.275208, 253.929199, 156.540375, 154.108444
538.904968, 250.828766, 157.035553, 154.801437
539.068359, 251.238495, 157.965652, 155.283432
536.610168, 251.059387, 160.998154, 157.656937
537.856628, 254.181976, 161.179993, 155.744202
540.940674, 245.951126, 164.799667, 169.791977
533.994568, 250.215897, 166.375519, 159.792480
541.971375, 250.076904, 159.490036, 164.552994
542.413696, 250.648682, 160.159851, 165.514618
541.031921, 251.776566, 160.764664, 166.445389
531.295227, 253.923264, 170.563004, 159.988251
539.012939, 253.660004, 159.052582, 164.535355
539.768982, 254.395477, 158.470154, 167.285446
527.588135, 257.165924, 170.160889, 159.912704
535.661316, 257.439697, 164.844391, 168.046555
529.883423, 259.909332, 165.328598, 160.120605
525.256653, 259.411011, 166.308167, 158.737152
532.297607, 265.333923, 157.683319, 153.493210
526.935730, 263.251831, 163.881287, 156.193832
523.372498, 260.197235, 167.275818, 153.315033
525.833618, 262.491455, 155.002014, 152.664215
525.627563, 263.375549, 161.873581, 150.435379
520.215088, 253.533234, 169.474686, 158.848862
525.368896, 253.973343, 165.453674, 157.352448
523.799500, 255.029633, 165.133789, 156.464218
524.072083, 256.527283, 162.561295, 155.286713
525.735229, 252.811981, 164.512665, 156.242111
525.900940, 250.822327, 165.399551, 158.786270
522.655457, 249.511856, 171.728241, 162.439529
531.974854, 252.624847, 160.360855, 154.707153
538.951050, 253.546463, 152.654572, 154.092422
530.307373, 252.637924, 166.813416, 156.221298
527.432312, 254.406982, 164.948486, 153.264938
527.885864, 251.727386, 165.748230, 154.826538
536.566345, 255.166901, 159.335480, 153.734253
536.708069, 258.085693, 161.821915, 157.509048
540.589417, 258.494629, 153.070297, 154.448166
543.023987, 262.598145, 148.698334, 155.488876
542.266724, 257.103851, 161.394974, 165.152161
542.692566, 263.132141, 167.543167, 157.948257
539.394958, 260.138062, 163.640091, 158.202881
546.708740, 267.311096, 159.499741, 150.674423
548.957642, 265.565033, 154.718613, 150.829742
545.700623, 260.421753, 164.034958, 156.810318
550.836304, 266.124420, 161.724564, 151.890121
553.360474, 265.589874, 161.987427, 155.748016
553.809998, 266.011353, 161.021408, 152.623520
554.462158, 267.388916, 161.461761, 151.418701
554.942017, 269.299591, 158.868546, 150.222488
556.148926, 269.151489, 160.526245, 150.001099
558.079895, 267.507477, 160.559753, 156.972702
556.293152, 260.093079, 161.999329, 161.623718
555.722778, 261.389191, 159.875061, 161.140015
561.307556, 258.719910, 159.879410, 162.392014
561.062439, 259.382813, 157.999237, 160.947021
560.664063, 259.142578, 159.552155, 165.288544
565.873535, 260.669006, 155.357803, 160.843994
569.342041, 262.994904, 153.066330, 156.971680
569.101868, 260.780762, 157.780975, 161.230011
571.203979, 265.219421, 153.295670, 153.589859
572.590271, 262.710571, 153.591293, 153.732025
572.100525, 265.818176, 152.303757, 152.625992
574.015076, 265.811279, 151.307495, 152.058182
570.281677, 267.244141, 154.296722, 149.659653
572.027588, 258.832672, 159.799026, 159.019897
574.861938, 266.438049, 154.039398, 154.406464
577.943481, 266.088501, 152.859467, 148.499115
579.825500, 262.563782, 150.069168, 152.149277
587.706055, 264.549957, 145.917343, 148.622086
584.065674, 260.116821, 146.381393, 152.156815
582.008728, 265.121002, 143.450760, 149.832397
579.634460, 261.148041, 149.545456, 154.546143
585.842041, 260.037415, 140.874359, 150.916321
586.514893, 263.025726, 142.249161, 147.383224
604.628845, 268.468018, 133.478012, 142.919342
579.681274, 257.352753, 154.681366, 154.899521
585.658264, 253.764313, 144.964554, 153.348541
584.639648, 259.298676, 145.715912, 150.743805
586.094360, 258.385315, 146.438782, 149.979065
588.250977, 256.962524, 146.441818, 149.408646
583.462708, 257.121033, 149.395996, 150.307037
581.279175, 259.012024, 151.886963, 151.524826
584.010193, 255.509262, 148.859940, 151.688492
588.617615, 257.018616, 148.280716, 147.892365
584.312073, 256.829620, 147.243576, 150.332733
584.902344, 255.364166, 147.780762, 151.535370
582.661926, 259.917114, 151.450012, 147.721695
584.553528, 257.244446, 147.789780, 149.651276
588.055359, 256.983185, 146.843475, 148.985245
587.410828, 258.254578, 146.866226, 147.283707
579.769958, 261.360535, 153.617691, 148.248306
583.060608, 258.048309, 150.873825, 149.177322
586.577942, 258.826538, 145.659775, 148.127411
588.982971, 261.612793, 140.704178, 148.599533
583.145691, 256.693756, 146.822113, 154.714966
583.453247, 257.076202, 147.438568, 155.802063
583.169250, 258.363281, 146.419388, 154.425735
583.216248, 258.122681, 147.450546, 155.217941
586.887878, 264.503601, 139.234360, 151.652313
587.845398, 262.464569, 141.062057, 152.496597
584.371155, 260.172241, 148.133972, 153.038010
590.056213, 263.518829, 139.436172, 147.542694
587.671997, 258.047028, 147.201797, 149.801926
589.863098, 257.443542, 148.491730, 150.655167
579.714111, 260.390442, 150.452057, 146.845749
578.992065, 262.430847, 148.801407, 145.425171
574.036865, 254.732407, 157.065674, 157.616928
574.044861, 261.768188, 150.364349, 154.728149
571.082825, 262.049225, 153.831406, 156.796906
572.532104, 264.610870, 155.579590, 154.889801
570.964050, 265.740051, 156.848862, 152.638718
571.354553, 270.124512, 155.079010, 150.088089
576.652344, 271.690399, 141.121536, 147.649246
571.726013, 270.052856, 154.184067, 146.102966
574.022888, 266.348755, 152.193619, 157.200317
568.771118, 267.147583, 145.655548, 147.500046
568.093933, 266.862152, 150.055939, 145.180984
564.257996, 266.498077, 152.439026, 148.420090
556.080261, 272.056793, 158.527237, 146.277924
550.992004, 266.655792, 155.773590, 145.165512
547.427490, 271.239471, 163.504501, 148.688217
541.454102, 274.078674, 163.118210, 147.365173
536.170532, 274.648865, 167.953400, 148.801819
535.347046, 273.344238, 168.261688, 153.630783
534.463501, 276.561707, 162.647858, 147.297684
533.633301, 273.378143, 162.132843, 148.247879
531.321716, 271.979401, 163.920151, 147.990555
524.326172, 266.380859, 173.372849, 152.918945
528.031616, 271.550232, 169.143402, 148.789230
526.363953, 274.466400, 172.281754, 149.140411
527.403870, 272.971741, 167.096634, 143.783951
526.211121, 275.359589, 166.878128, 145.562180
524.665344, 275.637054, 168.237366, 153.466980
526.668091, 278.391388, 164.450104, 152.494934
521.683350, 277.730957, 163.901321, 144.130249
519.433350, 277.861084, 171.758926, 149.948090
525.704651, 277.194946, 164.584503, 146.070313
523.102173, 275.229279, 167.173874, 145.227097
519.624023, 276.355774, 169.769241, 145.044876
520.263123, 274.652893, 164.869720, 144.268112
517.721191, 275.352692, 168.268555, 147.459976
516.853149, 277.447601, 170.812317, 147.655930
518.279968, 278.083893, 169.296310, 148.634338
524.397827, 277.665863, 163.993942, 145.405289
524.338135, 276.467743, 164.492065, 145.992661
520.061035, 272.868164, 153.981750, 145.717316
515.336487, 275.216064, 164.212372, 145.473190
515.916382, 275.809967, 162.739090, 143.463470
516.303955, 273.210785, 162.862900, 145.242599
515.112854, 276.621094, 162.633560, 142.440140
523.226807, 279.322754, 163.879196, 143.627243
522.371460, 277.454529, 164.389114, 146.856232
520.734253, 282.324280, 163.129807, 149.055511
518.558105, 283.627045, 172.293854, 150.148117
523.355896, 284.119110, 164.178802, 151.334778
521.652832, 281.297516, 170.090454, 151.380020
523.235046, 282.597473, 169.207611, 152.386703
524.594849, 276.168640, 165.287720, 158.263855
525.730835, 281.111725, 165.965164, 152.342575
526.758118, 284.937500, 166.823746, 151.923416
523.518188, 283.495422, 160.402496, 151.805878
532.923767, 284.917480, 163.187515, 150.504425
527.543884, 284.731262, 172.421066, 155.733765
538.136536, 285.198364, 160.485596, 152.666306
533.193420, 284.560669, 164.813644, 152.555649
533.362000, 287.492096, 165.342346, 149.587097
538.164429, 286.243500, 157.272324, 146.509674
529.934814, 278.181366, 155.640137, 151.779007
529.649048, 276.078369, 169.849258, 155.676056
543.863892, 283.031738, 155.885925, 146.862045
538.387207, 277.794586, 167.846283, 155.099121
530.803955, 273.634705, 174.191986, 159.668762
537.489685, 275.489563, 154.518250, 155.455841
534.556946, 268.460968, 172.298462, 164.559341
536.233154, 272.245483, 171.272583, 160.792282
544.708557, 275.533966, 164.286102, 151.433838
544.496643, 273.447479, 166.431351, 150.518646
554.532898, 273.336945, 158.888824, 147.614746
552.639954, 269.439758, 161.435425, 148.438278
552.208191, 267.245361, 164.675156, 153.624207
557.332947, 267.357819, 159.717422, 149.340652
556.154297, 256.414581, 165.296844, 158.317505
558.347534, 256.686646, 163.528503, 156.573578
563.152039, 257.986633, 160.891998, 155.577148
562.920776, 261.354218, 153.754166, 150.343292
568.838928, 259.666077, 154.738449, 151.849579
568.385864, 256.363708, 157.700073, 156.792023
568.336548, 254.577209, 158.203003, 156.746063
573.693970, 255.406921, 154.370819, 154.404022
571.693237, 261.482666, 155.667419, 150.924179
568.100647, 256.462097, 156.905884, 155.574234
569.783813, 254.115646, 150.173187, 155.675827
571.828064, 254.779572, 157.808578, 151.401840
573.183777, 257.833069, 155.940689, 148.145462
573.967651, 245.692139, 156.307755, 158.823181
574.603821, 250.806000, 148.066879, 156.098328
579.647400, 256.531555, 143.984802, 145.214218
574.986389, 251.412247, 147.179688, 156.139999
572.691345, 252.540176, 150.625763, 146.839859
576.843323, 259.401550, 152.582062, 146.192322
586.384033, 254.309158, 142.257980, 151.969955
579.443542, 257.742859, 144.092743, 148.424301
580.391052, 256.790527, 149.021301, 151.856430
570.426941, 249.354156, 156.852707, 154.889023
582.024170, 248.423111, 149.361099, 148.585693
575.301636, 257.506958, 147.479843, 140.714966
573.931946, 250.818436, 154.387955, 147.780487
573.808289, 244.152649, 157.763840, 148.483612
572.808655, 249.464050, 150.922897, 143.402237
568.274109, 242.861130, 159.787552, 149.603409
572.773987, 241.660080, 158.840561, 147.404953
568.127625, 247.862793, 157.740524, 145.561234
567.729492, 254.353531, 157.643311, 140.559708
569.254639, 256.377563, 155.576324, 138.418594
569.548645, 254.817444, 160.599258, 146.614899
568.350586, 259.136597, 155.330338, 142.058777
566.905701, 255.766663, 157.095032, 145.636826
569.848206, 255.006058, 159.763855, 149.484711
571.833008, 257.330383, 156.755112, 150.894135
571.086731, 254.695724, 157.439362, 153.151779
569.970703, 251.771194, 161.143326, 160.185547
570.793274, 252.466293, 161.010895, 158.657364
572.628784, 252.845764, 157.708145, 154.132370
574.241333, 256.823944, 155.540283, 146.482635
572.018921, 256.091309, 156.005142, 150.335251
574.138062, 256.297668, 156.075073, 149.831696
577.502991, 257.353546, 149.386169, 144.823212
572.197632, 252.881836, 157.988770, 154.396469
572.348389, 257.715546, 155.511551, 148.671555
572.971985, 257.241638, 155.704346, 152.362381
573.324280, 255.112839, 161.121216, 157.671036
572.020813, 253.061874, 159.731232, 161.322235
571.669434, 256.672211, 161.556274, 160.164948
573.523987, 260.158630, 158.238983, 152.573090
570.786194, 256.738129, 163.840332, 156.877930
573.038940, 252.484680, 163.124252, 163.983597
573.744019, 254.998383, 160.814682, 160.311890
570.960022, 253.230774, 164.025497, 165.043854
573.645935, 252.985718, 161.936203, 160.823807
571.353699, 251.400620, 164.930908, 167.417404
574.913757, 252.734070, 160.716339, 160.288818
575.147461, 250.462158, 162.721146, 159.696396
576.195740, 253.442596, 160.059677, 154.743942
573.343079, 250.016998, 162.735321, 158.826401
575.842529, 256.245392, 157.007263, 153.047241
577.398071, 254.312576, 147.249496, 154.256439
575.126160, 256.005005, 157.275604, 154.313065
572.209717, 256.515747, 159.473907, 158.892166
567.918823, 249.675293, 162.913239, 163.144669
565.562439, 250.949188, 166.029800, 165.583328
570.100891, 255.939514, 161.773010, 160.119064
567.990417, 247.330917, 164.499619, 165.679459
573.940674, 253.381638, 154.146698, 154.534042
569.651733, 247.296280, 162.087418, 163.648102
570.592529, 250.622131, 157.761261, 158.399658
566.597717, 250.394379, 160.658310, 160.163330
575.049316, 253.528076, 152.487427, 154.136993
569.707092, 248.847260, 162.806961, 163.805511
569.356140, 251.292725, 163.841080, 164.346832
569.463867, 247.649139, 164.718002, 164.270798
567.496033, 254.076218, 161.147354, 161.261551
569.956787, 255.881943, 160.071579, 158.162750
573.582886, 256.991974, 158.451813, 159.360809
569.251526, 255.570160, 161.359314, 157.768646
568.417175, 255.841629, 163.036987, 157.727539
566.415344, 252.580872, 163.753693, 161.053696
575.504639, 259.632721, 147.776031, 145.080872
564.934204, 249.452393, 165.353302, 167.393433
566.642212, 251.500412, 165.413467, 166.797668
571.811096, 251.504456, 159.771240, 162.068726
569.588745, 250.372650, 163.443695, 169.889175
567.812927, 259.416382, 161.684555, 158.470688
566.871094, 261.009644, 160.279755, 158.389801
566.445190, 252.522369, 163.098358, 164.504944
568.366577, 257.916901, 157.430786, 159.590866
572.973450, 263.446716, 150.177856, 150.090027
570.863586, 263.866638, 151.150543, 152.775360
566.854736, 258.630035, 159.455627, 159.493881
570.852417, 261.443115, 159.133102, 163.017426
569.167847, 264.027405, 158.152145, 161.879669
574.408264, 264.580627, 156.490295, 161.422195
571.973145, 263.696289, 164.183777, 163.847275
565.613220, 269.456116, 155.465302, 159.926605
573.036438, 274.589539, 151.962708, 156.943802
574.665527, 276.271698, 148.733170, 155.791534
574.403992, 276.242279, 149.725204, 156.580063
575.460693, 277.375061, 149.453903, 155.482361
575.852966, 276.471710, 147.931168, 156.701218
573.948669, 277.782043, 151.020874, 156.396271
573.591614, 278.355286, 151.436661, 156.991318
574.049011, 277.516479, 151.448059, 158.093781
574.022949, 275.211029, 152.828537, 157.998657
566.057007, 273.044525, 158.718079, 160.794250
567.266235, 275.355133, 148.590897, 152.862762
567.847107, 276.385559, 147.647247, 150.225739
568.483398, 275.203827, 153.155609, 156.044693
571.018433, 276.639771, 150.353073, 152.547791
567.826477, 271.166229, 158.034210, 159.763351
573.971924, 277.517822, 151.834290, 150.150772
567.896851, 270.461029, 157.811295, 157.424728
581.493896, 280.198883, 145.902985, 150.236984
571.728027, 269.993195, 158.886551, 158.567505
572.458191, 267.684265, 161.645874, 163.148605
576.074219, 271.458344, 151.553848, 152.537567
571.719910, 265.363892, 161.553116, 159.853287
572.265259, 266.402588, 158.058334, 158.129700
572.696838, 266.896637, 160.082367, 157.155197
574.525879, 268.358551, 156.472656, 156.312256
576.869873, 269.006256, 155.640335, 155.539780
579.137756, 270.676514, 155.985672, 154.791870
577.460388, 273.121277, 158.108307, 152.746017
577.025024, 273.276794, 156.465469, 153.577652
578.703186, 275.506256, 159.378891, 153.781448
581.353210, 276.179230, 156.658264, 153.508362
588.433411, 282.806854, 151.285507, 149.203506
585.289917, 283.227112, 149.386993, 151.033417
583.917908, 283.796356, 151.280655, 152.923691
588.663879, 294.910980, 142.700165, 147.341141
586.486267, 299.564636, 146.031952, 149.741943
587.658264, 305.500153, 144.970856, 150.047989
588.908997, 308.967957, 142.456955, 151.252106
589.725037, 307.649384, 143.811859, 150.269440
586.362122, 304.777435, 151.085205, 157.916931
590.037964, 311.317383, 142.406494, 149.211288
592.623779, 306.325928, 143.726791, 152.196075
593.236938, 307.301147, 142.523056, 152.231552
590.593933, 302.376068, 147.637421, 153.597717
592.615234, 297.750854, 147.060730, 151.695221
592.867737, 294.810211, 147.257050, 151.568863
592.357483, 293.189178, 149.569397, 155.672607
594.839294, 288.047699, 148.124969, 153.748184
594.085999, 287.502319, 151.741364, 154.554367
594.002502, 281.054932, 151.256836, 154.195953
595.948242, 285.188965, 150.057068, 154.524216
595.588318, 281.056885, 153.384506, 157.766174
592.771790, 278.980103, 156.419785, 164.092133
588.306702, 276.577637, 158.378220, 166.885178
596.320313, 278.435883, 152.217682, 154.397110
596.167969, 272.056396, 156.475037, 166.015671
595.242188, 272.020386, 157.453659, 160.256592
591.942688, 268.438049, 159.286026, 161.539551
592.672119, 266.164063, 160.001404, 160.622437
590.867798, 264.286041, 162.062790, 165.277252
592.617004, 264.538025, 158.263733, 162.185593
592.699341, 264.786285, 159.486572, 165.898483
592.544067, 260.586517, 158.057449, 167.210449
592.951660, 255.887512, 161.131790, 170.197388
590.002625, 267.771820, 159.779861, 162.845993
589.486084, 255.572800, 165.768890, 172.474014
586.909119, 259.168762, 161.714035, 171.389191
581.344727, 263.362427, 161.777298, 165.374084
579.823242, 261.058716, 162.578049, 163.901855
591.050293, 252.897156, 161.787003, 170.629822
582.568298, 258.224365, 158.790222, 165.398346
579.988586, 258.605957, 159.657257, 164.838318
578.605835, 257.547180, 158.142578, 165.297302
574.829834, 253.551971, 162.439377, 167.561462
576.825378, 249.725922, 164.860092, 171.161072
576.579529, 251.456329, 162.805634, 169.968002
571.674500, 260.168030, 155.242767, 160.370972
571.775024, 259.175293, 157.739960, 162.392197
569.667969, 260.887146, 157.847519, 163.371933
566.883301, 260.668671, 161.623886, 164.995834
567.774963, 263.681763, 158.149323, 161.468887
565.565125, 261.810455, 159.956970, 165.798447
567.710388, 263.934540, 156.690842, 160.591446
568.516602, 266.741272, 154.007263, 155.712921
568.285095, 265.027466, 155.149643, 155.825424
564.857544, 262.472473, 161.431702, 162.241425
564.526062, 264.040924, 161.341858, 164.493134
567.786560, 262.530304, 158.877365, 161.703461
567.777710, 266.313416, 161.003265, 162.656906
567.670898, 265.830841, 162.035812, 166.291534
567.715698, 266.416809, 165.554047, 157.830734
570.745972, 265.382843, 162.927490, 158.144272
567.188965, 264.355438, 167.804382, 158.322189
572.050903, 264.106598, 161.611969, 162.800156
571.785278, 268.448425, 160.136673, 158.626556
565.614380, 264.728271, 166.465561, 158.220108
570.507568, 264.569031, 164.883896, 156.012802
569.516479, 267.226868, 163.192551, 156.804901
569.446533, 265.040894, 163.169312, 156.716812
567.988892, 266.261536, 165.550262, 157.767899
568.806213, 269.326477, 168.343979, 157.663620
569.986206, 272.609100, 160.899170, 157.162033
569.812927, 275.499146, 157.882858, 155.441193
570.375244, 269.065643, 164.041183, 161.917374
566.918762, 266.824890, 171.702164, 163.807083
567.735474, 267.437500, 168.341522, 162.451340
563.265869, 266.142700, 170.440262, 162.530777
572.836670, 273.217560, 158.736282, 153.577438
573.939087, 271.891663, 157.065979, 154.919754
574.145752, 272.802490, 155.384277, 154.037674
572.805847, 266.748169, 160.881531, 159.364792
567.164551, 267.521637, 167.423264, 156.794998
564.442932, 269.917450, 170.320175, 157.119720
563.480103, 268.938629, 173.676971, 159.031815
563.362549, 268.791748, 172.157196, 158.539917
563.257507, 269.805725, 173.508179, 159.036942
562.797241, 267.132721, 174.287384, 161.879227
564.821838, 268.805115, 171.107376, 160.518997
565.790771, 269.327026, 168.350143, 159.435455
568.813171, 270.648407, 162.109909, 154.466400
575.728394, 273.202820, 145.940659, 148.326645
568.982483, 267.642914, 168.211914, 158.003326
570.945068, 263.251801, 163.202515, 154.073120
572.589539, 260.999603, 163.345917, 155.110352
575.796326, 259.372803, 165.551392, 160.566177
576.996948, 262.416107, 163.465317, 156.478516
579.926208, 262.759338, 161.112335, 157.028946
586.374390, 268.535675, 157.904541, 154.755661
589.071777, 270.451782, 154.841721, 152.443756
588.745605, 271.532135, 154.244354, 154.337677
588.804932, 270.741699, 155.599060, 155.685501
585.202759, 263.764923, 155.902069, 159.695892
591.940796, 269.340759, 154.076767, 155.980789
592.681030, 268.504639, 153.924789, 156.762283
591.868530, 265.675934, 156.331070, 160.388901
589.120667, 264.925232, 158.803131, 159.850037
595.888489, 273.096222, 151.346741, 150.429535
598.780457, 264.373413, 152.308670, 157.939667
599.111572, 274.936981, 150.849121, 148.502945
600.462158, 273.998077, 150.350113, 150.393463
596.501465, 279.225067, 151.736954, 148.262085
596.078857, 278.116272, 152.633972, 149.299667
595.440552, 275.728485, 154.254120, 151.864716
596.396118, 276.496704, 153.011703, 150.173599
594.906128, 269.496460, 154.028748, 157.943665
595.971313, 271.406464, 152.316483, 155.213318
591.400452, 284.174774, 153.082581, 146.704529
593.516602, 285.623749, 149.567444, 143.905762
591.866516, 284.481598, 150.606049, 146.830948
592.301636, 283.901794, 151.864975, 147.113129
590.218506, 281.306549, 153.071686, 153.175903
591.890503, 273.297363, 153.752838, 158.142166
586.474731, 273.546783, 157.650681, 158.622665
589.247559, 276.435822, 155.666611, 155.392014
589.677795, 275.131531, 156.993835, 158.786560
591.613098, 278.639069, 151.201080, 150.913940
593.801392, 279.114166, 147.898331, 151.215195
591.285645, 278.863800, 154.386810, 151.813599
592.785461, 275.840576, 155.374817, 156.164063
591.302246, 275.062927, 154.942215, 158.623001
587.611267, 273.996216, 155.143402, 156.560684
589.687622, 272.110229, 154.982040, 154.903488
588.544983, 273.034912, 154.990982, 154.206482
585.386169, 273.620331, 157.629196, 155.775803
585.031433, 271.674896, 158.671951, 156.465546
588.240356, 273.936249, 151.196350, 152.541031
591.707825, 272.473389, 154.063278, 153.815720
583.606445, 269.591309, 155.739624, 154.590302
584.476196, 268.700012, 157.018723, 157.314346
582.591248, 271.022644, 158.221771, 157.733719
590.991638, 275.725189, 147.522369, 146.138245
585.126038, 270.430023, 155.670135, 152.161469
584.818054, 268.763275, 159.197174, 154.893448
581.711914, 267.674133, 157.897537, 154.397263
591.909180, 269.601105, 146.597626, 146.328110
582.629333, 266.905182, 157.456680, 155.359619
579.980591, 266.309082, 158.135773, 156.770935
582.137756, 265.351471, 153.351685, 155.345901
580.802246, 265.599365, 153.859833, 156.105530
577.921204, 263.640839, 157.474762, 162.102219
581.595764, 267.705170, 152.694839, 156.140045
580.576355, 267.833588, 152.233887, 157.706146
582.007629, 267.003662, 155.288879, 158.979324
585.947937, 270.867859, 152.893112, 154.634750
591.023682, 274.192596, 152.159225, 151.696213
591.100464, 270.949280, 142.787811, 150.751755
587.635132, 269.942596, 150.806030, 154.024536
591.268311, 278.194702, 155.445389, 150.782394
600.209290, 274.565552, 143.198669, 150.518417
603.352051, 277.803406, 139.468933, 147.569412
603.157471, 280.433838, 139.327606, 149.514832
594.338867, 273.413330, 150.630356, 157.492310
591.147888, 268.226166, 155.398514, 163.593201
603.434265, 274.200745, 148.315369, 152.423981
600.396362, 275.518555, 142.329498, 158.198334
603.423523, 273.284821, 149.466003, 153.890259
597.430115, 269.923431, 149.194443, 157.782684
599.899231, 272.387848, 146.552200, 155.151627
607.762512, 273.450134, 141.777939, 149.989655
602.597168, 269.388367, 147.457794, 160.401428
602.794495, 276.667755, 152.392853, 151.618729
604.532471, 270.500153, 147.140549, 157.721222
598.386230, 271.172638, 155.359253, 150.070755
605.360168, 275.079102, 149.305527, 148.925598
604.597595, 273.589935, 151.307434, 151.500854
599.233643, 271.968079, 151.899063, 151.435440
607.516907, 273.838440, 140.806122, 152.128418
609.249451, 273.604401, 142.574783, 152.516602
609.342407, 275.818390, 140.169632, 149.093735
602.224792, 274.312347, 144.397934, 153.592377
603.573730, 271.303925, 150.812515, 159.048218
598.378235, 273.238831, 149.721115, 152.811951
596.609802, 271.935608, 150.532318, 158.509232
603.815552, 268.999298, 150.168839, 163.800705
605.050232, 277.118652, 139.234482, 153.656326
598.883789, 274.671631, 145.406677, 154.785019
591.786926, 273.200836, 154.377106, 156.684174
594.413452, 273.755646, 152.658798, 153.124557
597.446472, 271.493317, 145.389099, 159.392593
598.096985, 276.255188, 145.868698, 150.396393
596.049133, 276.785583, 147.376770, 152.082748
594.074524, 276.588562, 148.503571, 152.658936
593.290100, 275.352051, 151.036819, 157.171127
601.102356, 273.086945, 147.294800, 156.572144
602.851807, 271.681915, 146.127792, 156.727432
600.804504, 273.618835, 147.594635, 156.865570
593.238281, 274.693359, 149.559692, 155.720810
603.534485, 271.033752, 145.442459, 160.583374
602.146118, 269.782074, 148.169952, 157.026489
595.399292, 282.163910, 149.430145, 149.072830
595.606201, 281.952515, 148.314117, 148.414261
593.842834, 281.129333, 151.303650, 149.501129
598.973145, 271.934479, 149.771957, 155.012543
599.924866, 274.352325, 146.318573, 155.069000
598.127869, 273.281799, 148.516617, 157.996796
602.349487, 277.217621, 143.253113, 153.600189
595.758789, 279.523926, 149.316483, 151.075867
595.350464, 271.372314, 151.770782, 159.226639
593.330505, 271.596283, 155.861862, 158.003998
593.270752, 274.507233, 154.234589, 155.772766
591.646423, 269.060303, 157.631912, 154.967697
591.675781, 269.278625, 151.691010, 156.443085
593.804932, 274.956879, 144.249878, 148.768173
590.721619, 265.005280, 151.408112, 157.357224
586.171814, 261.708282, 160.471176, 158.238770
587.594055, 267.434631, 153.161087, 152.612091
584.659119, 263.009033, 159.637787, 152.956558
583.137573, 261.795105, 159.715729, 156.633301
578.794922, 263.242767, 164.498367, 155.371033
581.706787, 269.868225, 160.337418, 147.722290
579.472534, 268.463196, 161.455963, 149.118362
575.072083, 263.315613, 164.911880, 156.903595
574.431885, 267.431213, 163.578094, 152.256393
575.149780, 267.287476, 167.464584, 153.494812
576.168884, 268.739532, 152.023697, 153.857941
571.685730, 265.093689, 157.490204, 157.351120
569.238342, 261.796021, 166.826340, 159.166138
571.248840, 265.862305, 165.126724, 160.387329
570.674988, 271.628021, 162.984253, 153.548035
563.575439, 269.736420, 169.409042, 151.771423
566.301086, 266.900391, 163.949265, 155.514359
568.286255, 267.866577, 160.704422, 151.510025
564.661133, 268.001617, 158.797272, 157.282288
573.006592, 276.151337, 148.568024, 145.389755
564.837280, 273.978271, 165.053711, 149.587921
567.314575, 269.006409, 161.873260, 156.790298
564.926453, 268.758240, 165.920105, 157.205643
567.134644, 272.569916, 163.555969, 152.216354
564.690735, 268.537140, 163.381073, 155.456894
566.471252, 270.254700, 159.716797, 153.626358
563.070679, 267.840515, 168.170258, 155.869308
560.034607, 270.942261, 169.262039, 155.539948
563.380310, 269.789185, 163.708893, 152.541168
561.189392, 269.746490, 165.062271, 152.919113
559.818420, 265.958435, 167.549713, 154.435043
565.458679, 272.352295, 156.800034, 147.925400
561.338257, 268.596771, 169.063507, 155.022156
554.131714, 269.090790, 169.612671, 154.273026
561.628845, 271.387146, 156.529160, 150.802383
553.327759, 270.365479, 168.803802, 149.826309
555.270508, 267.630157, 166.589111, 154.346725
550.346497, 269.998077, 166.903015, 151.622314
556.089722, 267.984222, 159.588898, 147.266144
555.716553, 264.705353, 160.321594, 147.646255
561.906616, 269.492676, 155.448608, 145.888458
561.258911, 267.911713, 155.861481, 148.779373
561.585388, 269.241150, 156.647430, 148.453140
564.095886, 267.090485, 152.696594, 144.868530
562.010620, 266.178558, 155.605927, 146.378281
564.205139, 264.703369, 152.739822, 148.318893
558.306702, 268.772980, 149.378860, 148.478119
559.736450, 266.870819, 158.041443, 152.029282
550.793152, 262.658325, 165.314056, 151.000397
548.061462, 262.270203, 165.395386, 148.572098
