591.096436, 223.501160, 127.800995, 136.154617
593.557739, 218.598755, 125.797768, 140.024399
587.970947, 212.133514, 134.665253, 144.848495
593.194336, 211.094818, 134.178391, 140.495361
601.659668, 209.323303, 126.115570, 138.126892
598.172363, 205.356552, 130.997696, 136.584641
605.694031, 203.756409, 127.813217, 135.397980
609.010010, 203.611282, 124.301170, 131.635300
608.632324, 200.541321, 123.887527, 133.043427
612.156250, 199.444427, 126.280960, 132.194687
615.712708, 198.126938, 126.521584, 135.793335
615.231628, 193.087723, 129.295883, 140.534897
614.233093, 203.031006, 123.884064, 142.261810
618.101624, 204.914215, 122.373230, 144.249786
611.847900, 201.916473, 124.671646, 139.605804
609.989929, 197.457901, 130.189957, 136.943390
609.599548, 194.642181, 134.288910, 137.124023
608.937500, 187.908142, 134.182678, 141.995346
610.407532, 189.797562, 136.338638, 135.710327
613.883545, 183.375290, 132.458755, 141.693222
614.005005, 180.194000, 134.339310, 142.790009
616.066467, 177.529480, 135.174591, 142.315491
618.579834, 176.102478, 133.249115, 140.296646
626.144531, 174.252625, 125.038788, 139.531845
622.259216, 173.570740, 132.982529, 139.288330
625.257996, 170.281860, 131.617249, 137.183029
627.840576, 170.087051, 130.202118, 135.759583
629.609436, 167.356918, 131.026306, 136.671463
631.013672, 164.659668, 130.701126, 134.605713
634.023132, 163.042175, 131.391998, 136.128220
637.616699, 157.847717, 129.100571, 140.195007
637.932190, 157.475021, 131.067322, 136.981155
642.572388, 163.243286, 127.474434, 127.341293
641.889709, 155.177979, 130.661118, 137.496155
643.360901, 156.992126, 129.462234, 129.531021
645.917358, 158.457169, 127.214653, 127.891953
647.675293, 157.548218, 126.586227, 126.273033
643.891479, 150.913803, 134.010605, 135.770020
644.927185, 149.770691, 131.809982, 134.881775
649.143433, 146.512833, 127.281067, 135.527176
650.434631, 145.282562, 126.914680, 135.442596
653.924255, 146.784744, 124.905594, 133.183655
651.656494, 146.868088, 130.503540, 137.929321
650.834045, 143.781830, 134.018738, 139.212677
652.887085, 143.598923, 132.911713, 139.500549
653.126343, 143.834946, 132.031509, 135.561707
655.266418, 145.274445, 131.271530, 135.420425
657.260010, 142.779587, 131.508865, 135.675232
661.004333, 143.729660, 127.314079, 134.438507
658.852356, 140.204224, 133.042572, 137.350830
659.717346, 138.528473, 133.075592, 136.686447
666.166199, 142.516510, 124.874840, 133.404129
660.399048, 139.036438, 135.279877, 138.665482
661.021057, 138.231796, 135.397446, 138.648636
661.388733, 137.821991, 134.772995, 138.497330
663.196228, 137.906479, 131.696320, 135.919601
662.715210, 137.141174, 132.448364, 136.168091
662.632324, 135.751190, 133.831161, 136.383179
662.961792, 136.934662, 131.817795, 136.956390
663.789246, 138.206390, 130.071243, 136.360764
660.973022, 137.020493, 131.730026, 137.500519
661.803772, 138.048492, 129.121109, 136.163879
662.769653, 138.183502, 126.921112, 135.162857
656.697144, 135.930511, 130.580841, 137.226639
656.900391, 137.673111, 127.368393, 136.463745
651.235474, 138.543457, 132.633667, 138.901566
649.490906, 139.011993, 129.454422, 133.579620
641.916992, 136.124924, 134.434387, 140.742889
640.139343, 135.558624, 131.507553, 140.728073
636.114441, 135.900757, 131.489212, 143.647186
632.212769, 136.617767, 132.696991, 146.864212
624.583008, 138.639618, 133.331772, 144.492584
619.679504, 137.420990, 133.991272, 144.541016
613.140869, 139.528549, 133.871552, 145.823441
605.956604, 139.658661, 136.394470, 147.433517
600.718384, 142.676208, 135.742981, 151.796356
592.794617, 143.478928, 138.827332, 155.261520
589.753174, 150.255219, 132.718781, 143.679245
587.787048, 151.445221, 131.615036, 143.809387
585.356201, 153.965927, 129.227020, 143.785706
580.776123, 150.091583, 131.385696, 144.743469
573.827332, 147.070297, 135.513443, 144.179565
572.264771, 145.833298, 136.035141, 145.195435
570.689758, 144.849106, 136.303101, 142.235352
570.696289, 140.500839, 130.268021, 139.968689
569.244995, 139.873413, 129.332367, 135.863876
568.078796, 138.292694, 130.490372, 134.770248
571.010315, 138.624023, 124.674988, 132.302673
574.148071, 139.758911, 121.995064, 132.732422
576.286133, 140.382645, 120.788994, 130.481979
571.448914, 140.215515, 126.879211, 132.009201
573.256836, 141.323395, 124.850967, 129.814896
573.880859, 143.309311, 124.242447, 133.834396
574.301636, 146.916473, 125.610634, 136.747711
576.107483, 150.399445, 124.988571, 142.019791
574.469299, 148.462738, 126.415733, 140.554993
577.135986, 146.359772, 126.096985, 135.203522
577.656982, 137.452942, 127.756889, 133.784378
580.639038, 133.130951, 126.349197, 133.509583
582.123169, 132.326202, 126.014755, 131.305069
581.827026, 133.555664, 127.597481, 131.291153
587.772095, 136.854828, 123.444092, 131.824905
590.177673, 133.968124, 126.624664, 137.511063
590.247620, 137.574860, 129.142410, 134.073883
592.101624, 135.170502, 128.230255, 142.615982
597.986938, 141.748245, 123.654785, 135.792007
596.550049, 144.009415, 126.769707, 136.414749
593.120361, 146.865662, 126.472000, 136.213943
592.059937, 143.045853, 126.931313, 134.973038
590.890381, 143.124878, 127.478966, 134.915817
590.579468, 142.626587, 127.614494, 134.442596
591.160583, 142.445251, 126.879021, 133.662628
591.786194, 144.178528, 126.840149, 133.809570
592.388367, 144.356812, 126.791695, 136.822418
591.249329, 144.240234, 127.215157, 136.589508
589.502075, 143.615402, 125.744522, 133.933243
587.514465, 144.558960, 129.452774, 134.786072
587.238464, 144.953522, 127.152031, 133.066727
589.658447, 145.359680, 125.054535, 134.428329
588.319885, 145.182205, 124.576378, 134.367966
585.075012, 145.007523, 128.211990, 137.437119
587.536316, 147.527939, 124.129791, 133.889389
588.676025, 145.796295, 121.561203, 130.562241
584.480774, 146.213943, 126.879021, 136.000671
584.529907, 147.064774, 127.710266, 135.655975
583.811646, 147.895081, 127.900291, 135.235413
583.936584, 148.310242, 126.360542, 134.566238
582.385193, 149.669601, 125.943817, 134.271973
580.241760, 151.516052, 127.193359, 133.679276
577.761902, 153.574554, 129.042358, 133.421432
578.666382, 153.458145, 126.953239, 136.032410
571.496948, 157.133438, 130.355850, 132.219498
573.285645, 157.433823, 126.833405, 133.054993
567.837158, 161.690445, 131.192642, 133.682175
565.469788, 160.963623, 132.292801, 137.888092
571.080139, 164.018066, 125.573715, 141.643051
568.765564, 163.381561, 125.827316, 143.080246
565.319702, 159.517303, 132.968674, 146.280167
564.703918, 158.752563, 131.582336, 143.387650
562.731934, 156.812424, 130.288681, 140.349396
560.368286, 156.016785, 132.556915, 134.564285
561.182922, 153.804230, 130.226440, 133.619690
561.613403, 152.879395, 129.401169, 137.039413
563.082092, 148.982788, 127.089020, 137.116486
560.602600, 146.687408, 132.458252, 139.102188
558.878540, 147.231415, 132.561707, 138.058914
556.422607, 144.181946, 134.584351, 136.695801
554.381104, 142.482361, 136.003387, 134.755203
553.153320, 140.986237, 136.538055, 138.263535
551.718079, 141.306427, 137.044754, 140.064423
549.956848, 147.284836, 135.220520, 139.865936
552.743774, 154.489456, 126.771660, 136.102478
549.238525, 153.513000, 129.372757, 142.390778
545.396362, 160.273209, 129.899994, 140.635513
544.047119, 159.598297, 130.475815, 144.889893
541.061340, 159.154404, 133.823608, 144.062469
540.431824, 158.315720, 133.791855, 143.778641
541.540100, 158.100769, 130.539261, 142.887421
543.340820, 161.208389, 128.440582, 137.699799
541.683044, 157.264603, 129.616211, 140.434387
543.350830, 157.914597, 129.714066, 140.370941
543.100342, 157.692871, 130.934067, 140.332672
543.466003, 157.628296, 131.046585, 140.500076
545.327820, 158.118942, 131.347641, 139.353836
544.349365, 158.143082, 131.497971, 139.810974
545.423584, 158.203339, 131.873428, 140.455887
545.592224, 160.150543, 124.637054, 130.069580
546.865601, 158.840500, 131.810425, 139.799774
546.784302, 158.945404, 132.442688, 140.327911
548.655640, 159.324692, 130.448410, 140.088318
548.611084, 159.565033, 130.804398, 140.199783
548.058777, 158.880875, 130.944580, 141.677887
547.111145, 158.106445, 131.488327, 142.286407
546.034729, 158.422211, 132.461533, 141.510818
546.055298, 158.829681, 131.166870, 141.685394
545.757263, 159.002380, 130.788773, 141.914474
544.275879, 159.143585, 131.738663, 142.255569
541.890076, 159.406738, 133.520355, 144.079987
540.187683, 159.506668, 134.288589, 144.731720
539.314819, 159.960510, 134.332764, 143.286926
543.611084, 163.287567, 127.778442, 134.122360
540.541809, 160.826950, 133.203491, 135.994644
539.140198, 160.364655, 132.980515, 136.490051
541.004456, 161.466537, 132.101013, 132.109222
539.848145, 161.493546, 131.862595, 132.106628
536.369385, 160.407684, 133.944824, 136.423660
536.218750, 160.730881, 135.592331, 141.442459
543.166992, 164.566757, 131.118484, 137.925003
542.009766, 164.709854, 129.951599, 140.537369
537.371582, 161.543030, 136.214264, 143.458725
540.203003, 163.544510, 131.031601, 143.724457
538.376221, 159.114670, 132.841782, 136.926971
541.642639, 159.502930, 130.437881, 136.699646
539.376892, 154.449692, 133.728149, 138.137543
541.637207, 158.869049, 132.242081, 135.565170
544.456848, 158.775208, 128.789001, 136.485291
544.526184, 161.369736, 128.040298, 137.103165
544.185303, 164.544876, 130.074142, 138.206772
543.338135, 164.739746, 130.490250, 138.262512
541.822510, 164.369415, 130.338013, 137.694763
543.005005, 166.433853, 127.042709, 132.940338
541.873230, 166.458694, 127.825066, 134.514496
543.431274, 164.247681, 121.496872, 135.735153
542.066895, 164.309784, 122.760910, 136.966980
539.222595, 165.385132, 123.406288, 135.195175
540.321838, 166.767792, 126.045067, 133.844086
537.099609, 166.648590, 123.605453, 131.599152
536.178406, 166.246445, 124.870056, 131.276337
535.995117, 166.242294, 124.807045, 131.102615
536.706299, 163.129333, 130.078308, 140.158844
536.749146, 163.414520, 129.628433, 140.830856
537.248474, 164.291748, 128.592667, 140.104645
536.515747, 163.781158, 129.644196, 141.110840
535.270996, 163.730728, 131.008469, 142.245331
535.350525, 162.740189, 131.808029, 142.752075
538.460388, 165.324997, 125.170471, 140.610428
537.014465, 166.711441, 126.595802, 135.643646
537.226868, 166.411285, 126.379944, 135.979660
539.676086, 164.517532, 129.396576, 141.492538
539.205505, 163.772110, 128.848740, 141.639404
537.426819, 162.579224, 130.815353, 144.703827
540.133972, 163.101089, 127.669189, 139.879410
539.100037, 161.082474, 132.253418, 143.201706
538.441406, 158.306000, 130.641525, 141.816757
541.776306, 159.440430, 127.659355, 133.919159
541.279419, 157.169739, 129.809021, 134.492722
540.581177, 157.290894, 130.480988, 133.326584
540.459290, 158.110168, 130.037354, 133.538818
542.158691, 158.941544, 131.008530, 133.459122
541.996887, 159.197296, 128.798523, 136.634064
538.880005, 159.972778, 130.632385, 134.523682
541.192322, 163.598557, 127.567177, 128.246704
541.528503, 164.644638, 129.068817, 135.399826
544.976196, 169.219910, 126.960800, 131.898376
536.036804, 167.511993, 131.448441, 138.518494
542.450256, 170.861984, 123.809273, 132.268234
540.742188, 165.419556, 130.368958, 138.964493
539.439392, 163.511902, 127.633652, 137.656006
540.098572, 156.189651, 132.248260, 140.897125
538.985291, 157.771820, 128.033173, 140.457870
539.905273, 153.235992, 132.766602, 141.409531
541.205994, 153.132462, 127.963615, 139.294907
539.681885, 155.089981, 128.158936, 139.313644
541.369812, 158.180389, 126.601852, 141.067352
541.322998, 159.957672, 127.467316, 139.194763
539.728271, 158.640198, 130.620102, 141.301743
539.162659, 158.191772, 131.973160, 143.459824
537.603943, 156.629608, 132.530075, 141.513412
538.327271, 158.834930, 129.630081, 136.852249
540.489563, 160.084625, 125.590408, 130.171829
534.858032, 158.885498, 130.291275, 137.666077
536.398010, 156.804291, 130.916412, 137.062149
536.009155, 158.758560, 131.437225, 135.172104
537.614807, 159.191803, 129.335892, 134.044159
538.919739, 159.353653, 128.467606, 133.102402
539.196777, 157.161041, 128.432388, 134.800812
539.330566, 156.164413, 128.624115, 135.094070
538.252136, 158.227478, 124.259209, 129.245789
533.318115, 153.660904, 131.199188, 136.978455
532.030701, 151.191071, 131.966232, 138.321869
532.672302, 149.828171, 133.450928, 138.557968
533.218628, 151.287994, 130.907730, 137.027695
532.977356, 148.327942, 132.041534, 137.921112
532.933899, 144.850342, 133.991714, 141.205872
536.276550, 146.287277, 133.704773, 142.342621
538.984436, 150.482086, 133.019836, 139.796143
538.759216, 147.963303, 135.462723, 145.190903
542.409729, 149.874634, 136.872742, 146.778397
544.441406, 150.614105, 134.197678, 143.654922
547.023499, 149.627319, 130.315521, 142.098770
549.941162, 145.328369, 133.803818, 144.613541
551.550659, 142.872635, 134.603439, 144.525558
555.292297, 148.211670, 135.050415, 141.941208
557.515015, 151.450195, 133.670059, 139.676712
560.418701, 154.094574, 130.627533, 145.313751
561.851318, 159.967972, 131.290558, 146.284637
565.724487, 161.256958, 126.127411, 144.010605
566.103149, 169.919769, 128.376053, 145.717789
563.775146, 172.263245, 129.968109, 144.664734
563.853821, 169.402145, 131.023407, 143.348923
564.583374, 166.192596, 129.361664, 144.770355
569.462463, 164.165100, 128.330948, 144.647781
569.106689, 164.604095, 130.258255, 141.118179
571.991882, 161.022446, 128.154648, 141.473663
572.989380, 161.288132, 125.877342, 139.683701
577.490845, 158.296127, 125.638672, 143.070862
575.841064, 157.409943, 126.505455, 142.208145
578.633728, 159.287292, 126.184814, 143.205017
575.764160, 163.292740, 126.480690, 143.812836
575.331909, 162.636307, 129.820541, 142.484909
575.599854, 166.045700, 129.205658, 139.725052
574.962341, 167.541077, 131.342972, 140.933228
580.705933, 158.843628, 127.470337, 143.832367
575.387756, 157.327240, 133.336258, 140.671616
574.960205, 152.169449, 132.705750, 138.655853
575.967773, 150.198868, 131.706085, 138.416962
576.743774, 150.153168, 131.146896, 136.897324
580.917542, 151.944977, 126.242340, 142.223297
577.615051, 154.000946, 129.962692, 138.905991
578.556335, 157.781525, 130.248489, 138.103058
581.135559, 158.661713, 125.014404, 144.820938
579.179138, 157.141815, 130.371796, 141.223297
576.315308, 164.666855, 130.631058, 143.446030
575.953979, 165.399857, 130.701004, 144.749222
581.142395, 158.965622, 129.589188, 144.168304
580.241028, 162.292145, 128.136505, 140.344879
575.638306, 160.895203, 131.777222, 143.311234
581.318665, 160.532578, 126.634300, 145.388748
581.083801, 159.575348, 127.453705, 142.615509
580.003540, 159.232758, 128.829010, 143.668411
579.446838, 158.793228, 128.691147, 143.569870
579.248779, 159.360550, 125.627396, 134.826508
579.352722, 160.151840, 125.267944, 133.902466
579.395081, 160.253113, 125.028519, 134.682526
579.510254, 160.486465, 124.785690, 133.193695
578.601685, 160.910889, 125.168015, 134.795319
578.872681, 160.895737, 125.083336, 134.412689
578.956055, 161.297852, 125.243492, 133.739258
579.133545, 162.148972, 124.713860, 131.902283
578.442932, 160.784256, 125.706024, 135.312897
580.423157, 161.389267, 126.465820, 138.526810
577.350159, 164.078949, 130.803391, 138.031876
577.810486, 164.453842, 129.954742, 136.495377
577.809448, 164.630768, 130.190704, 138.037201
579.113159, 164.125061, 128.016663, 136.649109
579.024963, 166.023819, 126.884125, 138.013794
579.467041, 165.946060, 126.635750, 137.744766
579.537964, 166.145325, 126.515724, 138.043579
579.322693, 166.430588, 127.288689, 137.921890
579.351929, 165.959106, 128.089691, 139.771042
579.371277, 165.946350, 127.598999, 137.133926
578.948792, 164.792999, 129.316238, 138.892380
578.724548, 165.079803, 129.509232, 138.997650
579.391602, 163.898804, 130.025635, 138.782608
579.105774, 164.410553, 130.753540, 140.004608
579.234680, 164.343155, 130.506317, 139.895462
578.921875, 164.193375, 130.858017, 140.260208
579.523560, 163.527451, 129.372314, 138.011536
577.936218, 161.963165, 130.944901, 140.937469
579.115723, 164.121506, 129.470291, 139.114136
579.020874, 163.934479, 129.463806, 139.331589
578.355042, 163.428680, 130.005661, 140.364639
578.263062, 159.530060, 127.905273, 138.131866
576.699463, 158.432587, 129.467590, 139.654633
578.421448, 163.000580, 129.910400, 140.149094
576.570923, 163.810547, 131.496643, 138.754379
577.231567, 160.510651, 131.141861, 141.725311
580.368835, 158.208282, 128.589264, 143.333038
580.077637, 158.190002, 128.794235, 141.383743
578.988953, 159.501495, 129.116074, 139.615036
578.534668, 159.291794, 129.874161, 139.804718
577.850952, 158.944794, 130.161346, 139.839081
577.558411, 158.700684, 130.338211, 140.130295
575.738953, 159.658203, 128.628403, 139.161728
572.715271, 160.099335, 132.105484, 140.054123
571.478577, 159.910263, 133.944458, 140.866928
570.838501, 162.496109, 132.463043, 139.354858
572.444458, 166.982559, 130.841003, 135.366135
576.762085, 168.202301, 125.442093, 140.540314
574.180542, 170.897263, 125.766449, 140.080475
569.715942, 172.524902, 128.111176, 134.778412
568.038940, 174.460129, 128.692657, 134.996277
571.957031, 173.043274, 124.017075, 137.115936
568.690674, 174.348083, 126.565498, 139.981522
567.517456, 174.757278, 127.076103, 142.602310
562.785950, 179.532104, 130.408585, 133.848679
560.909912, 180.195236, 131.744766, 131.580902
559.286987, 180.743134, 132.515839, 131.597977
558.619080, 180.911118, 132.834534, 132.560226
558.194641, 181.719254, 131.750244, 131.556122
557.253418, 182.125244, 132.167542, 130.750351
556.169800, 182.357971, 131.813263, 131.221054
555.888062, 178.887177, 132.981644, 135.484756
555.918823, 185.628754, 131.353500, 135.486801
555.263977, 186.537186, 131.472702, 134.520020
554.588623, 186.191147, 130.734711, 129.680862
553.346436, 186.657745, 130.075470, 127.902275
552.224182, 186.567795, 129.551880, 127.528610
551.507690, 186.096649, 130.851898, 128.673264
547.202271, 177.451828, 137.207123, 139.699112
549.086182, 179.345001, 133.440216, 136.409775
550.239746, 186.148285, 129.700211, 129.202393
551.316711, 186.758728, 128.834549, 128.438248
550.779846, 180.766663, 127.285286, 134.449692
550.584900, 183.434097, 129.366577, 137.006927
549.212524, 182.839264, 129.220474, 136.481583
546.753113, 176.484406, 132.337219, 138.822617
548.079407, 176.353607, 131.250107, 137.873703
553.904053, 183.767014, 122.904564, 133.895859
549.132080, 174.235977, 130.918747, 138.465561
554.396423, 178.460709, 126.587990, 137.373032
556.549255, 179.425873, 125.264854, 136.323486
559.760559, 178.131927, 125.041115, 139.131439
557.259460, 176.506744, 125.152138, 135.654068
564.810486, 182.127792, 119.694504, 131.044022
565.175537, 173.013153, 125.323517, 139.552414
567.155396, 179.688324, 119.905769, 132.192795
565.513489, 170.386536, 125.884148, 136.563110
566.826660, 169.427338, 128.283630, 137.198715
565.499695, 169.228699, 125.615234, 137.157623
567.118347, 168.982880, 125.497284, 138.220169
570.352905, 172.295685, 122.115723, 141.745163
569.847351, 176.605316, 124.282326, 139.528519
572.478760, 176.646179, 121.047066, 139.925049
571.932312, 176.769943, 123.372955, 135.255035
574.258850, 177.144043, 121.273201, 139.736176
572.938782, 177.352356, 124.112152, 136.553513
574.486511, 176.817337, 121.611481, 139.521164
573.406067, 176.717346, 122.928947, 140.167603
574.253784, 177.102966, 122.027763, 140.821289
574.231262, 169.038300, 127.086060, 143.685730
573.477905, 177.072784, 123.199562, 140.420380
575.092712, 169.794693, 126.388260, 143.654755
569.858948, 172.401367, 125.538551, 141.771439
568.766479, 170.579987, 130.221893, 146.201797
567.824280, 170.986740, 130.762177, 145.409576
574.423218, 178.651276, 122.096313, 136.958069
574.015442, 178.063049, 124.316292, 137.568924
574.045471, 178.007523, 124.595284, 136.208542
576.223755, 178.377747, 123.272583, 136.581955
577.865234, 173.036255, 121.753120, 137.593643
576.977905, 177.387848, 121.823814, 136.310974
577.106567, 178.149673, 122.075836, 134.785431
576.320129, 177.738861, 123.857353, 136.373337
578.941589, 175.016449, 120.433762, 137.277954
580.348206, 175.915314, 119.674660, 137.816666
579.112488, 174.542603, 121.482758, 137.737640
577.589294, 174.217438, 123.853951, 138.788345
580.168396, 173.500366, 122.021339, 141.327255
578.951233, 175.021790, 122.124481, 137.135864
581.278564, 172.928574, 121.838745, 141.168442
580.592529, 173.280487, 122.171860, 141.153381
580.871460, 172.426331, 121.500969, 141.243896
579.335754, 173.177460, 123.325577, 137.650925
578.633484, 173.415253, 123.675262, 140.152939
577.978088, 172.545319, 124.822739, 140.644409
580.041016, 171.781555, 124.592514, 138.914383
580.529480, 170.886505, 125.040428, 138.890991
580.750549, 170.984985, 124.627228, 138.566101
580.285217, 170.091003, 126.967926, 139.156967
579.704956, 168.908203, 127.247543, 139.187454
580.243286, 169.217957, 126.221420, 138.569733
582.457520, 175.730820, 120.364769, 132.992844
582.161987, 175.911957, 121.783112, 133.250198
582.046936, 171.740555, 121.909691, 137.345169
583.857361, 175.552368, 119.156868, 131.606934
581.411011, 169.400986, 123.948143, 136.518112
582.196350, 170.605133, 121.645500, 138.248108
580.822327, 168.882935, 123.113113, 136.307037
582.471130, 170.390381, 121.750725, 138.291916
582.615723, 169.822113, 122.975761, 137.075684
582.272949, 169.629089, 123.328476, 137.448532
582.210693, 170.175430, 122.036774, 137.359985
581.499878, 169.766769, 123.957344, 139.443848
579.520630, 168.182999, 125.299820, 135.310059
582.126343, 169.042999, 122.398933, 137.156540
578.994324, 168.310608, 125.127815, 135.640610
578.604614, 167.545364, 125.114334, 136.921982
579.051392, 168.092102, 124.416405, 135.847183
579.300842, 167.833527, 123.998802, 135.691864
579.170166, 168.075531, 124.243767, 136.080673
579.162537, 168.090469, 124.158714, 136.003647
578.837830, 167.879333, 125.007469, 135.698822
579.171448, 167.892136, 124.030113, 135.835831
579.404846, 167.849640, 124.024384, 136.101929
581.491943, 168.709106, 123.028313, 138.763336
579.608643, 168.119751, 124.847816, 136.348511
582.333862, 176.239746, 122.173248, 132.337723
579.728088, 168.093201, 125.363647, 136.070587
581.535217, 176.517227, 123.323807, 135.375946
580.196350, 168.091324, 125.118111, 135.877365
581.434143, 174.281891, 123.687485, 134.539063
581.861328, 177.920135, 124.895508, 136.557968
583.688904, 176.505386, 122.644096, 130.884354
583.377930, 170.196945, 122.827888, 141.617599
584.217651, 168.703781, 125.250366, 141.971619
581.466370, 176.214310, 126.371063, 137.302322
579.884460, 170.861298, 127.204956, 138.619659
582.524658, 165.889313, 126.652451, 139.375854
582.619141, 175.547928, 126.244354, 137.041656
582.500488, 170.872070, 126.566444, 137.532349
582.360474, 169.211731, 127.465233, 139.983505
582.028076, 169.741882, 126.816200, 138.583328
582.156799, 168.864136, 127.404243, 139.325592
581.996460, 168.932129, 127.712029, 138.894012
584.363586, 170.437988, 125.039795, 135.206406
584.645935, 169.075012, 126.238243, 137.606949
585.797913, 168.068848, 124.461334, 139.049866
587.172180, 170.516083, 121.615952, 134.816467
584.589050, 166.894135, 126.932259, 141.289886
589.288025, 170.352966, 118.654327, 136.119934
587.328796, 167.443436, 122.065445, 135.606064
585.689636, 170.811890, 124.784241, 134.650818
586.384521, 171.608673, 123.663414, 133.129318
586.009460, 170.974426, 123.953369, 134.365341
585.954956, 171.305481, 124.965134, 133.535934
585.569031, 170.732773, 124.930664, 135.460709
585.798401, 170.937317, 124.861610, 134.815735
585.919617, 171.073105, 124.613808, 134.597702
586.655518, 171.021942, 123.621895, 134.388428
585.881592, 171.262161, 124.381882, 134.382324
586.357910, 171.023926, 124.349808, 134.557205
586.893250, 171.011017, 124.248688, 134.309143
586.906921, 171.048187, 124.201683, 134.432526
588.318970, 171.233154, 122.435356, 133.059143
587.803589, 170.961761, 122.878227, 133.657272
589.370911, 171.627457, 121.096527, 131.928009
589.608887, 172.216690, 121.786011, 135.539780
590.153687, 171.908783, 121.768181, 136.051620
589.617249, 171.981125, 122.388290, 135.053055
590.684998, 171.884308, 120.683960, 132.073303
589.640991, 171.800644, 122.532829, 135.298386
591.277832, 171.698975, 121.098610, 135.967499
591.228943, 172.313202, 121.354347, 135.037048
591.500488, 171.977692, 121.138618, 135.448868
592.529053, 171.744766, 119.929390, 134.929504
591.762268, 171.639084, 122.326355, 136.592377
585.507751, 166.813904, 128.134308, 140.976486
594.440063, 171.102402, 119.966187, 134.968842
594.023376, 172.807388, 121.681862, 136.473587
593.487305, 175.714172, 121.810013, 131.242111
593.090820, 179.273712, 122.212189, 128.469910
593.527100, 179.314117, 123.127922, 131.744308
594.694153, 179.725357, 123.405090, 132.269135
595.610229, 179.229279, 121.077438, 134.994080
596.178772, 180.762955, 122.421616, 134.952209
594.713379, 182.895645, 124.713799, 134.883774
596.450012, 182.785187, 124.219765, 136.658203
597.502258, 184.855118, 122.728905, 135.194473
596.337341, 186.791351, 125.536728, 136.271637
596.186646, 188.065781, 124.822357, 134.532761
595.988647, 189.598557, 125.272102, 134.283325
596.577515, 189.603027, 125.524696, 134.611237
596.871399, 189.082031, 125.046036, 135.794510
597.575928, 190.292099, 124.901497, 135.587341
595.647156, 191.279510, 125.326920, 135.675140
595.598328, 191.446991, 125.242233, 136.519592
595.804932, 191.626755, 125.121956, 136.294174
595.906738, 192.145264, 125.274620, 136.578949
596.254578, 192.187347, 125.640564, 136.947952
596.512695, 191.930359, 125.226799, 137.232925
596.776855, 191.990829, 125.411659, 136.489655
596.861877, 192.175781, 125.733055, 135.611435
597.629639, 191.673492, 125.134682, 137.684326
597.466370, 190.473206, 125.678871, 137.130157
597.964783, 190.548508, 125.498421, 136.421341
597.817444, 191.025757, 126.206932, 136.052170
599.468079, 192.555756, 125.350983, 136.704788
599.744080, 192.327148, 125.370079, 136.461243
600.996887, 191.897247, 124.372047, 137.026810
601.568665, 191.658691, 124.026207, 137.306107
604.213867, 189.502289, 124.485970, 142.160980
602.060852, 191.178711, 124.010269, 138.102173
602.914368, 188.888702, 124.741455, 139.587555
603.044861, 186.590515, 124.889778, 140.019562
602.640076, 181.680450, 125.005203, 144.732437
605.370178, 176.323364, 124.695587, 149.761780
608.775330, 179.399261, 124.656464, 139.650314
607.282227, 177.546967, 124.438965, 139.467896
607.796326, 175.428772, 124.594841, 135.507034
606.436462, 166.795715, 125.399811, 133.855942
610.500427, 159.697952, 120.730461, 129.358505
613.201233, 155.365723, 118.857590, 126.744247
612.344604, 150.176086, 120.871338, 129.187790
610.734619, 148.282990, 121.531395, 130.272247
611.615356, 147.959244, 121.399086, 128.569763
611.518677, 146.941727, 122.571449, 130.528687
612.354065, 142.750031, 122.720207, 128.166763
614.316284, 137.851074, 124.896706, 131.080368
622.855103, 132.805603, 120.259171, 127.588631
627.043579, 126.568954, 122.153214, 131.802216
632.979797, 127.232071, 119.404358, 127.034393
636.387146, 128.933243, 117.114258, 122.872864
637.176575, 132.949524, 118.608963, 126.391342
635.681091, 133.336639, 121.735664, 130.882401
638.598694, 136.090042, 123.590202, 134.138565
641.781128, 139.909760, 121.192924, 134.144821
642.924194, 142.385773, 121.504623, 137.417267
646.333435, 144.938126, 123.613388, 140.560837
650.693359, 145.919617, 121.289330, 138.424484
650.674927, 147.882187, 122.601059, 143.290146
649.641785, 151.697968, 116.645363, 132.964569
653.857666, 151.685165, 119.694946, 139.156418
655.117004, 151.748413, 120.087097, 139.354340
656.570129, 150.045319, 120.013504, 140.787445
651.719055, 145.275085, 121.863762, 136.168976
653.898132, 146.736176, 122.410149, 136.374954
660.981812, 150.342072, 124.298714, 139.551498
659.394714, 152.973770, 121.519554, 137.919739
665.096191, 155.336533, 117.733360, 139.009064
662.593872, 158.494202, 120.646721, 137.413162
665.477478, 152.907166, 120.736885, 138.244415
666.897400, 154.106140, 115.271507, 135.590240
666.059204, 155.634964, 124.918068, 138.324249
664.580750, 157.089813, 123.494621, 136.558990
665.117004, 152.836868, 124.582497, 137.810150
661.053162, 151.172150, 123.144432, 134.083939
664.666748, 146.758392, 120.428345, 136.245575
660.307983, 147.563889, 121.336075, 135.570618
657.345764, 144.899200, 124.790413, 142.467300
656.985535, 146.049530, 124.693954, 145.407303
660.257690, 159.056763, 121.114609, 144.868286
647.105896, 151.771759, 127.021034, 147.251801
645.421387, 153.632645, 125.441711, 147.442810
647.694092, 156.377426, 130.721725, 146.143860
643.313599, 148.108246, 128.253189, 142.369705
652.002869, 148.964859, 123.163147, 138.868774
652.808228, 146.297333, 125.634895, 138.857773
650.688599, 146.216858, 126.715012, 138.433746
649.486572, 147.133270, 127.503922, 140.796921
648.567078, 148.592957, 125.685112, 141.132019
651.618164, 158.141449, 125.422501, 138.449661
651.731018, 156.030045, 126.354866, 139.781342
650.783447, 159.079391, 126.535133, 140.894409
647.617920, 160.946686, 122.237259, 143.941544
650.476135, 162.645874, 121.370483, 138.932465
650.645874, 161.114517, 119.441971, 135.115540
645.399109, 157.870651, 126.954247, 139.705627
646.409546, 158.033783, 126.032089, 136.287155
646.017151, 159.167511, 124.850143, 135.164825
650.522766, 162.318268, 116.694511, 137.296051
649.998901, 161.465332, 125.187737, 139.736237
649.889771, 167.103073, 118.303001, 141.686234
649.778748, 165.148041, 115.914803, 140.246246
651.987061, 159.430008, 118.975853, 135.404510
646.123840, 160.635971, 124.163124, 135.179688
647.694397, 162.228973, 125.514740, 141.163803
649.975464, 163.269287, 122.460556, 140.909164
651.256409, 161.520569, 123.869888, 138.271179
650.553955, 159.189728, 126.834282, 139.553604
656.766296, 153.781494, 124.470093, 138.584045
657.885559, 156.785645, 116.944832, 135.462234
658.738953, 152.181702, 124.354408, 140.847916
659.166077, 154.254425, 124.743851, 142.799728
660.091492, 157.636703, 122.957619, 144.026886
656.998779, 167.206375, 120.666191, 138.152100
661.438721, 166.915741, 120.653656, 138.006149
662.580200, 166.665283, 120.867943, 138.765793
662.811768, 167.219223, 121.830368, 137.403549
660.421326, 161.143951, 128.600235, 146.165604
660.191833, 160.348343, 130.080322, 146.766678
658.290894, 158.943222, 131.101593, 145.522583
657.319641, 157.576126, 131.160187, 143.824585
657.667664, 158.882645, 131.444229, 143.833710
657.489563, 158.548065, 130.609512, 142.880814
661.658936, 164.694397, 118.439354, 130.205795
657.827026, 167.524734, 120.493240, 131.062439
656.101196, 158.090942, 130.893921, 142.512589
656.364380, 158.887207, 130.655258, 142.329819
655.755615, 157.733337, 131.340454, 143.415787
655.600403, 157.193039, 131.375046, 143.543442
655.555603, 157.247955, 131.072052, 143.438141
655.939758, 157.504929, 131.368622, 143.445602
655.754089, 157.480881, 131.706085, 143.672058
656.438110, 158.001083, 130.929520, 143.257141
656.939087, 158.576294, 130.222961, 143.670135
658.468689, 161.808197, 128.057175, 144.857285
658.063965, 162.613953, 126.957588, 144.852081
662.450928, 167.525925, 119.058578, 138.946167
662.127319, 167.656906, 119.301781, 140.242828
661.203796, 167.972137, 120.494057, 140.629013
661.533386, 168.000122, 119.952324, 140.814621
661.156189, 169.017242, 119.503906, 140.510925
662.505615, 165.338089, 120.060318, 136.923843
662.592651, 173.443588, 117.619133, 131.669449
660.203918, 173.104553, 120.259674, 134.081497
654.491943, 173.973450, 122.340027, 138.430481
659.924438, 182.546783, 118.039444, 132.540710
655.872375, 179.789322, 123.431801, 147.255234
656.560852, 191.144470, 117.668083, 140.053421
655.899780, 191.986084, 117.926285, 142.020020
655.342224, 198.639511, 117.141602, 132.161072
652.620911, 188.559067, 125.161209, 143.456131
646.168213, 188.991211, 125.983635, 137.374954
649.807922, 184.568207, 127.311249, 143.733002
646.122375, 184.808411, 127.004463, 139.729828
649.566162, 182.067810, 121.478981, 138.189346
651.769287, 178.680222, 122.253204, 139.377380
644.683838, 173.131760, 123.383034, 139.103592
650.151001, 175.949081, 119.231911, 135.998505
650.106140, 177.000671, 117.239708, 135.295547
651.234802, 172.470490, 119.847740, 139.285568
648.256531, 166.348419, 127.144783, 144.590240
652.072266, 165.286316, 122.568863, 139.951965
653.405823, 163.206329, 121.615135, 139.182648
649.704956, 164.380219, 120.917900, 133.491028
651.726685, 160.949844, 119.714478, 134.115387
651.122314, 159.760849, 119.967072, 133.904541
651.653015, 159.661896, 119.111946, 132.695999
651.264343, 161.041748, 120.434647, 132.367889
654.162476, 157.401352, 124.500961, 135.997467
656.095337, 157.024139, 121.240059, 138.589142
654.592773, 156.621002, 123.761391, 136.041168
654.734741, 156.631012, 123.681244, 136.331009
655.331055, 156.362213, 121.799744, 139.554657
655.890808, 156.695297, 121.897339, 140.592514
654.943604, 161.094223, 120.134735, 131.768631
653.959717, 159.277527, 120.002106, 134.687622
656.369385, 157.365494, 121.838493, 139.236404
653.015869, 157.324493, 122.870728, 136.795471
651.703064, 156.594559, 123.947197, 137.107880
649.045349, 154.284088, 125.007286, 139.712555
649.752319, 154.201019, 123.106499, 139.978989
647.829041, 154.791061, 125.801926, 140.269150
652.179260, 152.773651, 124.618660, 139.298599
645.701294, 151.612579, 122.368126, 135.276810
651.000000, 153.717941, 118.256691, 129.523407
648.605347, 152.251984, 121.372688, 132.479721
641.326416, 148.813141, 124.218002, 135.041061
643.022095, 151.282181, 121.669762, 130.519058
642.743958, 149.138733, 120.734238, 127.635704
643.036865, 146.717087, 117.374855, 127.846985
642.408508, 146.284973, 117.352798, 129.986710
640.953125, 145.839264, 119.040184, 129.594513
644.569824, 145.398270, 119.942436, 134.017838
643.569275, 145.454697, 120.758751, 132.880554
643.392883, 146.247162, 121.213028, 132.361191
643.362183, 146.052032, 121.156006, 132.459244
639.003601, 145.621994, 122.098770, 129.793152
638.184021, 146.250504, 121.917191, 130.585907
638.343994, 146.580750, 121.476143, 130.096024
638.839478, 146.267715, 119.426537, 129.546234
638.048706, 146.844788, 119.927879, 129.294861
640.577759, 147.986237, 116.871307, 126.970787
640.841736, 146.582077, 117.292816, 127.971214
640.732666, 148.259674, 119.129272, 131.134659
638.394775, 150.909698, 119.094559, 129.531036
642.088074, 154.541809, 119.634583, 128.301102
640.518250, 153.149689, 121.240875, 134.623901
638.644287, 151.380371, 122.591614, 135.058380
636.258484, 150.774429, 122.730537, 133.088821
641.162659, 152.167419, 121.979248, 136.098740
639.273621, 153.649734, 124.756645, 138.444107
640.033936, 159.384903, 121.297394, 141.457565
637.111084, 159.328461, 123.546410, 141.255661
636.937866, 162.267166, 123.085899, 144.046051
635.180847, 163.517059, 119.820518, 136.863007
635.189819, 163.985382, 120.920990, 142.585831
633.809692, 165.513123, 120.615974, 135.105057
633.120728, 164.331482, 121.607384, 140.541000
630.927917, 161.434525, 123.754837, 139.625061
630.898682, 160.331680, 124.324104, 138.521851
627.967407, 158.746155, 123.768761, 141.545242
628.682678, 160.695709, 126.706635, 143.246674
629.604736, 162.943298, 123.253746, 140.829834
629.659180, 164.123657, 119.597725, 134.950195
630.807434, 165.422791, 116.895248, 134.729111
631.562073, 166.825897, 118.304642, 134.280182
629.885925, 165.146484, 120.593102, 137.875107
632.828430, 164.028793, 118.130867, 137.946777
634.289001, 162.918518, 117.962578, 137.194000
635.041748, 162.814636, 118.440865, 136.888824
635.624207, 161.808395, 118.366325, 138.268066
636.724365, 162.622314, 118.457687, 137.713028
636.932007, 162.816238, 118.341560, 137.290298
636.987427, 163.294891, 118.439857, 136.916245
636.926636, 163.545502, 118.216057, 137.140793
637.426086, 163.713867, 117.750061, 136.867249
636.283936, 163.299896, 118.374199, 137.338409
636.272888, 162.783661, 118.249260, 138.777725
634.740417, 161.387405, 119.772636, 138.524353
631.156799, 157.575821, 130.900223, 142.989807
629.504700, 157.935333, 122.893913, 139.022522
628.221069, 158.412170, 124.509026, 142.237549
632.163147, 162.678131, 121.009262, 141.301880
631.097717, 166.248764, 125.442657, 140.580658
629.122864, 165.523407, 128.881561, 143.123749
631.851746, 164.089630, 123.525307, 140.994995
631.126526, 162.009796, 123.802788, 138.450958
628.635376, 159.777359, 123.301445, 138.968430
628.226257, 166.829102, 119.073448, 137.786469
626.755066, 164.880920, 123.722137, 143.867004
627.176819, 164.222443, 123.709473, 144.346497
623.585632, 163.747543, 121.242706, 142.099777
624.148071, 159.791626, 126.101143, 139.260712
620.506287, 162.112854, 119.724747, 136.839371
617.255371, 158.234924, 127.234627, 139.432419
621.435059, 163.995071, 121.904335, 139.688950
621.406677, 165.706268, 125.234108, 140.999161
621.349121, 165.893097, 125.650139, 142.444809
621.376404, 165.466125, 125.617752, 140.763290
620.604187, 162.387985, 128.729965, 141.640778
624.930115, 164.952026, 121.180763, 139.446747
625.269348, 160.115723, 123.121246, 141.772934
626.062561, 162.924622, 125.209091, 134.235352
625.039307, 160.312836, 126.673553, 135.560226
627.944580, 162.743454, 125.212685, 131.429398
630.245117, 160.625183, 124.672974, 136.242310
628.895752, 159.938538, 126.538345, 134.445450
628.661316, 159.819672, 127.592949, 135.430542
629.334473, 159.556564, 127.330650, 134.764694
630.751831, 160.571503, 126.382904, 135.201797
628.460327, 160.767868, 129.354675, 134.548096
631.448120, 160.338837, 126.111916, 136.288895
631.044189, 160.209869, 125.703888, 136.406113
631.663940, 160.481079, 125.195358, 136.947311
631.438538, 160.587326, 125.352058, 136.967392
631.195984, 160.375916, 125.445366, 137.157791
626.579041, 160.212006, 130.415146, 136.602692
627.031799, 160.550858, 129.694855, 136.295090
631.359009, 160.210800, 125.342293, 137.220047
630.935608, 160.218292, 125.553047, 136.714996
631.815979, 160.590881, 124.926506, 136.743958
631.341675, 160.243011, 125.781067, 136.743286
630.203552, 158.941040, 125.948288, 136.848648
627.810608, 159.061005, 130.909546, 141.344498
628.865845, 161.955460, 126.367470, 141.040527
623.860962, 164.815109, 131.036697, 144.443207
623.964966, 170.776215, 127.195190, 141.768570
621.480042, 176.685120, 125.913696, 139.964005
619.356140, 176.343567, 126.348816, 140.437515
616.062195, 180.498795, 129.339615, 140.903030
609.493164, 181.378357, 134.734055, 144.336472
608.223145, 186.169815, 134.337173, 143.453873
609.649292, 195.883118, 129.593658, 141.859711
609.057068, 196.480820, 128.826614, 147.066025
607.355652, 196.903564, 133.405869, 146.394287
605.731995, 194.297226, 132.609848, 139.488480
601.868591, 192.354462, 139.907959, 145.427353
605.479858, 187.672150, 134.884384, 142.223511
605.349365, 184.564987, 133.133942, 140.582657
605.367004, 183.032715, 132.601212, 138.481018
606.248108, 180.177979, 132.319382, 141.755630
605.042725, 176.149902, 131.816727, 143.596497
605.757996, 175.159607, 132.141891, 143.600388
606.705566, 176.456024, 130.691483, 143.512390
604.148315, 175.263062, 134.120239, 136.555939
604.020508, 175.125061, 134.540115, 135.775436
602.588013, 173.424881, 136.697281, 136.242722
607.614746, 173.573853, 129.094650, 140.046310
605.007874, 170.683441, 131.140350, 144.072372
605.120850, 169.348022, 131.394821, 146.062286
607.108521, 170.800110, 128.648376, 141.686417
606.183228, 170.445908, 133.378784, 140.435562
607.346313, 168.498108, 130.652481, 143.837753
608.165649, 169.974411, 128.569168, 142.181778
605.682434, 166.639023, 134.430359, 143.304840
605.590332, 165.973740, 135.086075, 144.189148
606.614685, 164.764954, 131.797882, 148.493332
607.586853, 163.982849, 129.075363, 143.094681
604.466370, 154.915939, 131.239960, 137.802689
608.848816, 158.801407, 125.405167, 135.945862
605.206909, 151.681244, 132.850906, 137.303787
603.828796, 148.742416, 135.071579, 138.155518
605.074524, 147.086990, 134.737579, 135.867783
605.542358, 145.605698, 134.455627, 135.629532
605.976563, 144.230026, 133.373230, 131.683472
608.165405, 143.169312, 126.900063, 128.969269
608.396851, 141.180557, 127.458488, 127.140999
610.716064, 145.018127, 125.054726, 126.769913
612.111938, 143.989136, 124.774666, 127.265472
608.819763, 138.301590, 127.587212, 124.240715
607.715637, 138.042297, 131.317902, 126.978569
607.255737, 136.263062, 132.463608, 128.234741
609.420654, 138.126923, 129.984238, 127.884377
610.087280, 140.044083, 129.774796, 127.809799
611.785034, 137.808212, 126.259537, 128.664764
610.014465, 141.432144, 128.535339, 127.482185
611.492920, 135.033401, 127.467941, 127.204323
612.179932, 133.858963, 126.519691, 123.899811
610.010620, 134.354752, 128.364716, 122.105545
609.873413, 134.851685, 129.081161, 122.153755
611.857178, 138.188354, 128.158051, 119.131210
613.394348, 135.972290, 126.502052, 121.592194
612.147888, 134.129700, 126.511124, 124.902191
612.288269, 133.919281, 128.417831, 126.091492
612.483765, 134.279083, 129.864090, 128.356842
612.608337, 135.499176, 131.252365, 129.213516
611.791321, 137.266861, 131.080872, 130.214310
611.290039, 141.361694, 131.671799, 130.718323
612.019470, 142.729446, 131.266739, 129.694107
612.510925, 146.794876, 133.590729, 135.746674
613.816589, 149.081696, 131.800018, 138.876846
611.528931, 150.075546, 132.040451, 136.325226
616.067383, 154.099228, 125.639931, 136.847107
612.721252, 149.892548, 131.439682, 135.874481
617.804871, 150.493942, 124.027275, 133.807983
615.042542, 148.207718, 129.352905, 133.622314
613.121887, 147.627899, 134.502258, 134.565399
615.609863, 146.936646, 132.575195, 134.208237
615.283081, 147.558853, 132.941513, 134.206757
617.985718, 151.793365, 127.597672, 136.337845
614.551453, 151.785431, 134.983429, 138.481918
616.295288, 154.418961, 134.895981, 139.091324
621.369934, 154.598389, 127.736916, 140.947037
624.310120, 154.048126, 127.983398, 142.308868
624.356995, 154.956329, 127.988190, 139.382095
623.597412, 154.494843, 129.322098, 139.530655
624.349792, 154.927460, 131.175507, 141.026031
621.426819, 151.480591, 135.095779, 139.110840
620.840820, 150.874649, 136.062363, 141.606216
623.002380, 153.369659, 131.641556, 137.103455
625.022644, 153.792755, 131.415817, 137.380402
626.441467, 152.634140, 132.011917, 138.338928
625.641052, 150.641296, 134.535828, 139.336716
627.435059, 155.286118, 131.009979, 134.250275
630.559509, 156.668152, 128.421234, 132.223434
629.575317, 150.834747, 132.969421, 137.560669
630.376465, 151.092377, 132.909576, 137.043045
631.129883, 150.356567, 133.439270, 138.521683
631.913940, 150.211578, 133.568176, 138.642273
632.469299, 150.314026, 133.372665, 138.223938
631.559631, 148.899475, 134.471878, 141.591705
631.409119, 149.940063, 134.667068, 140.093216
631.946838, 149.077240, 135.218887, 141.034744
631.438171, 150.690063, 134.665115, 140.403641
630.924438, 150.614166, 135.386551, 141.058456
630.242188, 150.128906, 137.094345, 142.080063
630.019958, 150.530212, 137.094345, 142.426163
630.176392, 150.519318, 137.264908, 141.687271
631.055725, 149.416855, 136.054916, 141.330719
630.946533, 149.021835, 135.861938, 141.900406
632.832397, 148.908020, 134.003433, 142.587311
632.410034, 148.801453, 134.462234, 142.755905
634.019165, 146.643066, 131.896606, 141.051865
632.439087, 147.440765, 135.850586, 142.512405
632.679077, 148.794067, 133.016800, 141.078705
636.628540, 157.307770, 127.461075, 128.541077
629.451904, 157.689575, 136.888367, 140.296539
635.698792, 165.595779, 127.550797, 138.170258
634.439941, 166.191040, 130.893417, 138.804306
632.006042, 163.047272, 130.210617, 139.594391
631.746399, 162.197403, 122.955475, 128.624802
628.060669, 159.157700, 128.225220, 136.228455
624.913330, 157.331390, 127.487350, 136.840668
619.017456, 161.651871, 125.088875, 132.902359
616.383972, 158.654739, 127.332352, 142.550613
609.324768, 160.763672, 127.163498, 141.819336
607.647522, 157.116348, 125.326981, 145.205276
601.195557, 158.085663, 126.406845, 131.850677
599.717346, 151.850586, 126.233521, 133.906235
591.000916, 155.272903, 132.039886, 133.941299
581.265808, 151.938080, 132.242905, 134.173431
576.000977, 148.538177, 132.681290, 139.469208
569.168945, 147.120026, 131.788498, 141.589554
565.025391, 145.212341, 131.082382, 140.579865
557.633240, 142.193741, 133.215591, 140.582291
557.935974, 145.145203, 123.445221, 132.370651
554.381592, 144.056305, 123.338112, 128.885864
549.977600, 141.703659, 125.285141, 127.585640
549.128113, 140.099625, 124.601013, 126.116631
546.034058, 138.773834, 129.234711, 135.128082
544.390137, 142.631012, 126.665428, 135.399292
539.606934, 145.105194, 132.407532, 135.753723
536.965149, 146.674881, 134.725800, 137.717438
535.939514, 151.159897, 135.633789, 138.874954
536.107849, 151.801895, 133.918869, 139.496124
537.546265, 153.753143, 130.962860, 137.887680
535.985901, 153.889771, 131.392563, 139.520508
533.411682, 152.357574, 129.922989, 137.571777
532.668640, 153.713928, 129.210144, 133.534378
532.223206, 153.382492, 127.731628, 132.678360
531.147766, 156.786285, 125.824921, 131.158066
530.952942, 156.006226, 126.734169, 131.776794
532.987305, 155.085739, 126.777199, 131.473145
531.787781, 158.571930, 124.528374, 124.445618
533.502563, 159.628769, 123.273911, 127.093216
531.027344, 159.704803, 127.832565, 124.749779
534.112915, 160.577255, 126.951035, 130.690598
534.700012, 162.298706, 126.627121, 131.449585
534.533936, 161.693176, 128.752335, 129.071838
535.176575, 162.143082, 128.287598, 129.768250
534.960632, 163.788605, 126.573120, 135.171280
534.968201, 164.134430, 126.359718, 136.040009
535.484009, 163.288422, 127.000999, 134.132813
535.789734, 162.711365, 127.282135, 134.429565
534.509094, 163.768219, 127.461578, 132.329132
535.131104, 164.392471, 126.905922, 131.811630
534.908936, 162.429855, 127.603088, 129.549927
533.500244, 163.123260, 127.465111, 131.209686
532.870789, 163.061279, 127.528236, 132.421509
533.050354, 163.653351, 127.436378, 131.613663
534.597961, 164.165344, 127.071884, 134.038467
533.847229, 165.299255, 126.363373, 133.055664
532.414795, 164.742401, 128.434219, 134.483994
534.076172, 163.385315, 127.970108, 135.411560
534.334045, 163.663696, 127.578705, 135.509583
529.370239, 161.268326, 133.040375, 137.644562
533.797302, 163.430313, 127.253784, 136.216415
534.788818, 163.426666, 126.526810, 135.008331
535.422363, 165.246536, 127.378662, 133.427902
534.005310, 165.916199, 127.328072, 133.689880
535.165283, 166.410645, 128.122833, 136.027466
537.547058, 170.739838, 125.239021, 130.824142
536.159912, 170.571609, 127.731941, 132.990051
534.744507, 173.434021, 129.591766, 135.927536
535.098206, 178.347183, 131.705017, 129.839951
537.634827, 181.544815, 128.661484, 139.006271
535.674927, 177.971558, 132.467133, 134.282104
537.483093, 176.667160, 129.578293, 138.176498
536.169006, 175.128128, 127.557854, 131.360306
538.481567, 172.739685, 130.944580, 137.163406
538.012024, 170.099792, 129.037247, 134.231064
533.933716, 170.755493, 134.715027, 136.921753
539.855103, 170.967743, 129.684952, 135.490906
536.760010, 169.941315, 127.678764, 133.147003
536.267944, 170.109299, 126.817841, 128.216156
537.920654, 170.396179, 124.952782, 126.932953
540.731384, 166.792313, 128.118668, 131.393646
539.406372, 168.838791, 125.659592, 127.422401
539.859741, 167.615387, 125.221130, 127.267311
540.410767, 167.392380, 124.521065, 126.124153
541.348938, 164.745026, 128.920181, 130.280167
542.614502, 163.740448, 126.756538, 130.279327
543.103577, 163.598755, 126.726608, 129.479996
543.402710, 164.273666, 125.620277, 128.400940
542.927307, 164.250641, 127.006668, 130.322723
542.983948, 164.443222, 127.755821, 131.407974
541.449463, 163.487961, 128.862411, 133.349869
542.354614, 163.371292, 132.048264, 134.801117
538.267212, 163.591522, 134.580627, 133.607132
542.111145, 166.450165, 130.775040, 133.622192
544.831177, 169.769730, 125.615677, 135.592300
545.205261, 169.823456, 125.960449, 136.089783
544.653015, 169.112213, 125.331261, 134.639191
542.006836, 168.236954, 129.857147, 131.705734
540.818909, 165.009033, 132.060425, 136.739044
541.562744, 164.856720, 129.760498, 132.016571
543.517883, 162.396973, 129.347870, 132.631577
542.874573, 161.523987, 129.232193, 129.381805
542.200439, 162.009125, 129.301239, 129.672714
540.043579, 160.893692, 130.859146, 129.827423
542.309570, 159.102768, 127.874023, 136.013779
542.019043, 154.721222, 130.451111, 137.480804
543.946289, 152.931183, 132.661453, 133.716583
546.183105, 153.908676, 130.123108, 132.624725
545.367371, 155.540878, 134.000473, 136.388367
546.365234, 154.578171, 130.834579, 138.240463
547.872131, 158.709915, 130.551605, 137.576797
549.542664, 158.977493, 129.442825, 137.829666
550.689697, 158.704254, 129.531601, 137.977570
551.032410, 158.282181, 130.230850, 137.945206
552.513245, 157.585037, 129.704178, 137.221115
553.392639, 157.175400, 129.497391, 137.377090
553.507202, 157.502594, 129.023895, 138.204056
553.601624, 157.744568, 127.831116, 137.425079
554.292725, 156.872314, 127.538132, 138.368744
554.351501, 156.108704, 127.915291, 137.952560
554.682922, 155.196838, 127.612167, 137.573502
555.265625, 154.410019, 127.042648, 135.703964
555.406372, 155.425323, 126.837311, 133.844269
552.843445, 157.056351, 129.316559, 134.997162
553.534424, 155.068207, 127.879440, 133.902603
551.963196, 156.046875, 128.672256, 134.637314
552.946167, 156.200439, 128.011810, 133.889313
553.019165, 156.546051, 128.233215, 133.604736
551.530762, 155.921066, 128.588074, 134.125717
555.408020, 155.884949, 128.231323, 134.784622
553.365540, 152.911957, 128.972855, 134.604401
552.752747, 153.380524, 129.032211, 136.188492
551.007874, 153.038727, 131.435593, 135.650116
552.223267, 155.303986, 127.179123, 133.292740
551.138855, 154.812515, 128.522995, 133.551193
549.636475, 152.624741, 130.738174, 136.456772
550.852722, 153.169571, 128.746719, 140.607483
548.457703, 155.461060, 129.031647, 138.270737
546.512207, 152.420868, 129.508789, 142.281601
549.549072, 153.107697, 127.555336, 144.002914
549.469788, 151.639008, 127.280373, 134.481003
545.187988, 145.030441, 132.136230, 144.511581
547.007935, 145.270462, 132.936859, 140.322464
547.694519, 146.652008, 129.518234, 138.486374
547.462219, 150.482269, 128.540314, 141.000000
544.124451, 153.487457, 130.916794, 141.863876
546.277344, 154.809387, 127.064323, 142.606033
543.280701, 157.094650, 128.398102, 139.314407
541.022583, 153.965622, 128.700348, 137.856064
545.050293, 152.322418, 125.357285, 134.964188
541.596191, 148.553558, 132.777069, 134.802917
541.467773, 147.806976, 135.064331, 140.666199
541.333801, 149.447189, 133.984207, 138.746384
541.046387, 148.363708, 133.760971, 140.005447
542.043457, 147.514709, 132.991287, 138.385269
545.041992, 148.747482, 129.093887, 132.759567
546.154785, 150.081375, 128.338318, 131.746002
542.787964, 148.859406, 132.627747, 136.668579
541.677490, 148.056732, 134.039719, 139.945923
542.478882, 148.917023, 133.260574, 140.583191
542.498474, 149.879166, 133.703323, 142.119949
542.958374, 151.451599, 132.153549, 137.150055
543.881958, 151.900391, 132.828415, 135.601318
545.268860, 151.292053, 130.925171, 135.391983
545.656738, 150.641449, 131.678040, 136.208801
543.965637, 148.392685, 134.708221, 139.263947
544.352905, 149.747284, 134.275803, 140.270203
547.687927, 150.138947, 127.851089, 140.260498
545.660034, 151.132599, 129.732468, 136.957962
546.302185, 150.954437, 133.021027, 140.662338
549.641541, 150.364975, 131.065933, 139.528717
550.815369, 148.235199, 131.501617, 140.965485
550.740417, 146.557632, 132.731201, 140.682724
555.283020, 145.289261, 129.620499, 136.467041
553.121826, 146.307190, 131.566956, 134.897324
553.916626, 141.932693, 131.853195, 136.999619
554.391174, 142.610657, 131.816467, 136.171387
559.328125, 142.974976, 127.467438, 134.645401
560.415955, 141.293518, 128.136124, 132.935120
559.597168, 140.052551, 131.238510, 132.927567
561.035400, 140.640472, 130.007111, 131.841415
560.914734, 140.593018, 131.390045, 132.918625
561.793945, 141.313477, 130.526917, 131.848541
563.089844, 140.824081, 129.919907, 131.539017
564.004822, 141.320389, 129.106812, 131.335892
567.191956, 144.445099, 124.296440, 134.492203
567.553223, 144.743820, 123.752510, 133.496002
566.854919, 140.472916, 126.918587, 132.821320
565.586548, 140.003418, 129.656158, 134.859879
563.757080, 144.450928, 130.275131, 137.147507
568.765808, 151.200577, 123.944611, 134.398804
568.942749, 155.760193, 124.858902, 140.152405
564.223816, 159.714417, 134.671356, 142.847687
562.471619, 159.329681, 135.332489, 145.708527
565.380005, 161.143066, 134.943039, 142.058075
567.707703, 157.874588, 132.547913, 142.031250
570.684265, 155.669495, 129.063522, 142.980057
570.450562, 156.291946, 130.443619, 138.343628
571.192566, 156.151459, 130.863556, 136.129379
570.583618, 154.794830, 130.594147, 135.615082
571.286194, 155.273758, 130.363846, 135.122482
571.049194, 154.159775, 130.110382, 135.408081
572.959412, 152.116653, 127.658981, 137.681396
574.644165, 153.376038, 124.286926, 134.789368
575.061401, 152.940491, 124.256561, 135.175476
573.601746, 151.401825, 126.038574, 137.146194
575.382202, 150.978836, 124.779198, 136.977325
572.223572, 150.618195, 128.492935, 139.079559
571.110413, 149.602585, 129.980835, 141.287918
572.375977, 152.428970, 129.082047, 136.871201
573.733093, 150.425705, 127.711082, 137.153793
575.284546, 147.199081, 126.402626, 136.356735
575.210449, 146.694031, 126.261368, 135.226990
575.400696, 147.242126, 125.909790, 135.720764
577.099060, 149.109802, 123.810913, 135.254547
575.074768, 154.084885, 126.622833, 139.791580
576.321167, 154.757446, 127.885864, 139.848938
577.210571, 153.311523, 127.935455, 141.192078
576.615479, 151.166397, 128.430176, 142.663605
575.762939, 149.845551, 128.501694, 139.756088
579.257385, 150.354187, 124.990082, 135.932297
580.111023, 151.161636, 122.155922, 135.163788
580.191833, 150.426407, 122.494835, 135.100388
580.615906, 149.764587, 122.613472, 134.618576
583.601379, 148.214523, 122.032303, 132.205978
584.602295, 149.886063, 117.941849, 131.662308
580.349304, 146.663879, 123.912354, 135.157639
582.309753, 148.719894, 122.019135, 134.682785
582.332397, 148.384598, 121.035660, 131.206818
583.592407, 148.281097, 121.535240, 132.122803
586.005615, 148.956863, 121.057152, 131.621460
578.097473, 145.797165, 125.312424, 135.913925
579.795532, 151.061371, 121.007370, 130.410233
582.132507, 152.732437, 120.611122, 131.162521
582.606201, 153.375793, 120.647041, 131.968460
582.910583, 152.124664, 120.225899, 130.107498
581.510193, 150.954117, 121.995949, 131.760574
587.668396, 152.423218, 118.582939, 130.936249
578.935120, 149.747986, 126.454926, 137.541733
586.844543, 152.193787, 117.651009, 133.313919
580.504822, 151.297150, 124.630569, 135.718674
579.910645, 148.483856, 124.521820, 133.944183
580.438110, 148.247925, 124.614624, 135.710724
581.053955, 151.058838, 121.654953, 135.900726
581.580444, 153.110703, 121.510666, 137.580292
583.871765, 152.455658, 121.910385, 136.214767
579.195129, 148.946030, 124.784431, 141.765289
579.681763, 146.587753, 124.767418, 140.959976
579.709351, 146.898849, 122.917793, 139.873093
580.094849, 145.746674, 122.158127, 138.549286
580.833557, 146.169510, 122.274559, 137.868118
581.552185, 143.935913, 119.858696, 135.016037
581.376770, 143.684387, 121.594093, 135.700287
582.297302, 144.073624, 119.427170, 133.512817
581.742310, 143.746521, 119.978035, 133.323166
582.557007, 144.965698, 119.971039, 132.934143
582.147278, 144.134766, 120.497902, 131.065582
581.485291, 144.751953, 121.604614, 133.851151
580.394653, 145.114929, 122.798019, 135.076218
582.368225, 145.051193, 121.699875, 131.748428
581.877930, 145.128265, 121.940567, 132.867889
583.724060, 148.798889, 120.358276, 134.284744
581.800903, 144.765518, 123.662468, 134.996994
582.718567, 145.615768, 123.243225, 134.548004
578.829041, 140.689835, 127.300346, 138.569321
582.849976, 141.953705, 123.722267, 136.675827
583.432678, 143.366913, 121.508278, 132.963837
582.990051, 143.981613, 123.479370, 131.730591
582.428528, 140.710419, 125.432137, 135.025299
582.440125, 145.084167, 126.460403, 137.224854
580.441223, 143.662750, 127.450172, 139.220993
581.215881, 142.168488, 127.042961, 138.238586
580.135498, 141.733185, 126.375725, 140.289856
580.448975, 139.973007, 124.804970, 136.617477
580.434937, 138.922165, 121.995064, 130.644989
578.565247, 136.144318, 126.365387, 137.985321
576.641052, 135.272797, 128.246384, 142.169281
575.193604, 138.902863, 125.996742, 140.446854
574.376343, 145.360855, 122.895180, 135.450455
576.846619, 151.051117, 125.885277, 145.823257
577.470825, 155.483871, 121.581551, 138.767685
578.956482, 156.128128, 120.034866, 138.128220
580.818848, 148.360611, 115.813805, 133.813553
580.237244, 146.401474, 116.021851, 129.845291
580.948730, 144.732162, 115.759872, 128.263489
578.548889, 140.901062, 119.610832, 134.520645
577.410645, 139.507111, 126.027359, 134.965179
577.894592, 139.490860, 124.458939, 135.050110
575.529907, 142.884125, 120.790001, 135.126450
574.842285, 142.699097, 121.872704, 136.136688
575.854431, 141.903992, 118.825768, 131.467484
574.124817, 139.126495, 126.758995, 137.835556
575.916138, 138.219025, 118.049843, 131.433121
571.420227, 139.124771, 119.466736, 131.803955
570.428589, 139.560745, 121.958961, 132.482971
576.015930, 140.392151, 116.977974, 128.544403
575.891663, 139.701294, 119.717377, 130.706375
572.762146, 139.822983, 121.625847, 131.104279
575.225403, 141.531052, 123.256775, 130.317963
581.069214, 141.012924, 120.380524, 134.152847
579.289246, 141.611649, 121.806107, 136.244553
580.003906, 144.597839, 122.105263, 136.491135
580.337524, 151.740570, 119.477890, 126.254372
580.554138, 148.278702, 118.090103, 135.241287
580.095093, 148.484360, 120.571365, 139.721924
577.436218, 153.286652, 117.593048, 134.370743
576.908691, 156.478760, 119.673653, 135.764236
574.245972, 156.192108, 120.852562, 138.626785
575.358459, 158.347336, 123.436462, 142.511414
579.368835, 155.134155, 124.573738, 140.668777
577.798157, 153.151047, 121.685638, 136.823593
578.748535, 150.291824, 120.509308, 132.630142
581.191284, 144.313217, 122.372475, 131.794769
579.263428, 139.440903, 123.394249, 133.369263
578.613708, 139.330261, 124.999153, 134.945602
579.950500, 142.341980, 122.318916, 133.451172
580.735046, 143.565079, 119.072693, 133.003326
575.675964, 149.574844, 122.194855, 131.633560
576.839722, 151.320724, 121.053558, 130.712967
577.790161, 152.480072, 119.882576, 126.945969
582.496643, 146.050095, 116.852150, 130.893616
581.574341, 146.283966, 118.751045, 132.742828
581.886353, 146.923203, 120.137505, 133.696564
581.155884, 144.356415, 125.178284, 136.283432
579.550964, 142.171112, 129.188721, 139.290344
579.269226, 143.351257, 132.504120, 137.614471
578.324768, 142.143494, 135.465683, 139.063248
580.316772, 146.150131, 133.687897, 140.405273
584.505188, 138.982635, 130.412247, 142.324036
579.943359, 140.354126, 138.539215, 143.697159
581.415344, 142.883408, 137.014267, 146.319336
584.176514, 141.907944, 132.325317, 143.517212
583.630615, 143.629074, 130.318039, 141.745605
583.069824, 147.361786, 132.372437, 144.199844
583.413391, 146.436493, 130.796707, 142.914459
582.140869, 152.293091, 132.789291, 143.804062
583.365662, 155.759644, 129.068878, 144.059692
583.817810, 161.570724, 126.424049, 141.308121
586.809570, 166.598434, 123.424744, 137.099213
583.680359, 170.147781, 129.614014, 143.245255
583.802917, 172.365540, 129.020935, 143.857132
580.568665, 172.620972, 130.254593, 144.248276
581.420532, 173.298767, 127.804901, 145.041824
582.285583, 166.053055, 129.586472, 141.869431
582.868530, 159.030823, 128.943054, 134.488266
580.555176, 148.659363, 137.848724, 139.406494
582.210510, 140.714233, 135.263931, 134.808228
582.842773, 142.290100, 132.865845, 131.754440
583.237915, 145.846664, 131.412781, 131.486176
580.752930, 152.393036, 132.615524, 138.522217
581.481201, 148.191193, 132.398834, 137.178772
580.681335, 151.382690, 132.318253, 140.212723
579.909363, 151.528290, 132.535507, 144.703049
578.451904, 151.354156, 131.790390, 142.889694
575.964966, 150.734650, 134.421219, 142.400070
576.148865, 148.677002, 133.714157, 142.770950
579.765259, 152.789459, 133.378082, 141.883224
577.977234, 157.018707, 136.407135, 144.138351
576.927368, 158.335724, 136.062927, 144.592880
575.877747, 159.651520, 135.580734, 139.606033
575.382629, 156.148788, 136.801620, 140.685257
577.475525, 152.638245, 133.472977, 144.182693
576.771179, 151.446701, 134.545532, 143.478088
574.801453, 151.565735, 137.028503, 141.717712
573.244080, 153.391708, 136.655441, 139.962402
574.244995, 156.285034, 131.699081, 139.065491
575.746277, 158.535339, 127.513245, 138.295181
568.160156, 167.102509, 136.134064, 141.919998
567.845032, 164.613617, 136.165375, 141.910385
573.047607, 160.604034, 127.225746, 138.884232
569.184692, 160.879044, 132.200302, 139.741425
569.238403, 160.832382, 131.930695, 141.946899
568.276123, 161.775162, 131.439560, 142.653473
565.763733, 162.450760, 135.599136, 148.157410
564.071045, 164.317322, 135.550995, 145.822205
564.549011, 164.728699, 131.039154, 148.680832
562.670349, 159.207458, 134.841858, 144.270432
562.981140, 156.021317, 133.451370, 142.120331
560.555420, 156.564651, 135.524338, 141.545135
563.777466, 157.212860, 129.134155, 139.945953
559.446838, 159.219437, 134.357269, 141.222366
556.920166, 161.099731, 136.556641, 139.784653
558.097534, 160.619949, 134.968872, 144.973480
562.738220, 160.635971, 128.813705, 145.257004
562.776550, 161.057541, 127.728157, 145.770615
555.246155, 160.535629, 134.860703, 146.731842
558.873474, 159.551926, 128.210724, 142.531097
554.988586, 160.254211, 133.024811, 141.445084
554.431946, 161.705475, 133.332535, 142.263947
555.733765, 161.324890, 131.453552, 137.253036
553.683594, 160.517120, 131.445984, 139.821075
554.944641, 158.259140, 127.844032, 136.879639
556.918518, 160.214325, 124.407837, 134.082718
553.346008, 160.589081, 128.795685, 135.212479
555.721680, 158.789261, 125.332268, 134.323975
551.452209, 160.816895, 130.786057, 138.094955
551.283325, 161.200211, 130.473419, 137.092255
551.300354, 160.917267, 131.049866, 139.617981
551.111206, 160.576492, 132.038940, 139.539230
553.200073, 158.397522, 130.897705, 141.721283
553.385620, 159.370209, 129.696930, 137.405533
553.981628, 159.511505, 129.153748, 135.877670
556.647278, 161.648529, 129.244354, 135.969879
556.858643, 157.867462, 127.141129, 136.738831
556.880188, 157.464050, 126.537338, 135.698639
555.446045, 159.640228, 132.369659, 138.225983
555.426025, 159.580643, 133.381622, 139.479446
556.227600, 159.963043, 132.893509, 139.524551
559.516235, 157.734375, 128.300003, 138.285980
561.975647, 159.133087, 126.076439, 136.259903
559.226807, 160.689728, 131.884521, 140.102066
560.489258, 161.392395, 132.532791, 138.402969
558.678040, 157.924561, 136.186676, 141.818176
559.786926, 158.873230, 135.592453, 140.002319
561.870056, 158.625580, 134.673187, 140.482208
563.038269, 157.807343, 134.809784, 140.918030
564.110107, 159.047455, 131.126541, 140.521133
565.971985, 159.520752, 129.393616, 143.192978
569.130920, 161.104538, 126.618172, 141.843399
565.114380, 164.194763, 131.437363, 136.700562
565.085876, 165.882050, 130.222214, 138.008575
565.628845, 167.046417, 130.080002, 140.918320
569.021667, 169.156906, 125.683662, 140.462387
569.576477, 171.911087, 125.720268, 139.323914
564.195007, 173.595337, 133.592560, 138.768448
571.508484, 178.204559, 120.207695, 134.631332
566.322937, 181.771729, 126.935539, 131.175690
566.831909, 181.525070, 130.599060, 137.453506
564.831238, 183.055923, 132.201950, 135.021378
567.432861, 186.793396, 124.066277, 131.762512
568.503601, 186.645767, 125.852707, 136.256439
567.033752, 188.941833, 126.309502, 133.852356
567.088013, 191.742371, 124.952972, 131.070480
567.211182, 193.537903, 126.004234, 126.698174
567.226318, 194.484726, 125.431946, 126.413658
566.324768, 194.473358, 124.885368, 128.818100
565.268555, 195.648346, 126.376099, 127.291077
565.424744, 194.560532, 124.587410, 130.189728
565.982483, 195.498611, 125.542458, 132.822647
565.063904, 195.245728, 126.502808, 132.204147
564.565857, 196.579681, 126.335335, 130.171661
564.625427, 197.076508, 126.080093, 130.811188
564.202942, 197.250687, 125.734444, 131.675888
564.869202, 198.241776, 124.741898, 129.033859
564.657898, 198.133453, 125.005142, 128.940094
565.409607, 198.779297, 124.161797, 127.799789
565.813110, 200.217804, 123.425316, 125.961037
