608.916077, 150.595154, 106.033730, 108.905914
609.184998, 150.813461, 106.109467, 109.196609
609.414185, 150.071625, 107.196205, 109.750320
608.044312, 156.808624, 107.983658, 102.338058
612.081543, 152.992081, 104.090736, 109.160446
612.112244, 152.772156, 104.178062, 109.500671
613.311584, 153.198364, 103.864410, 106.473709
613.659180, 153.639084, 102.902679, 102.729622
610.566223, 151.504745, 107.607697, 105.001198
610.510620, 153.251740, 107.906662, 103.754875
610.663879, 153.381638, 107.314026, 103.041489
611.724243, 151.114273, 106.765114, 105.042725
612.212830, 151.300430, 107.145485, 107.547676
611.158691, 150.393555, 108.504089, 109.814224
610.565369, 149.802002, 108.614357, 109.990234
611.455078, 151.864792, 107.321144, 105.757980
611.993958, 150.689514, 107.156631, 107.869705
611.826477, 154.768890, 105.260643, 101.433311
611.706299, 152.889542, 106.226974, 103.946915
614.986267, 155.330368, 104.111649, 102.987144
614.152161, 158.257843, 106.533119, 100.417953
613.236328, 155.360748, 108.756310, 104.198639
618.078247, 155.335739, 108.861343, 104.279930
619.365784, 157.376892, 109.762840, 106.194092
619.585205, 156.876923, 108.839851, 104.252167
619.191223, 158.287384, 110.548340, 106.620934
621.421936, 157.057922, 110.168221, 107.796707
621.595154, 158.343628, 108.273933, 108.948784
620.101563, 157.333740, 108.205818, 109.369606
623.551147, 166.222305, 108.098900, 103.927856
624.710632, 173.614792, 104.159409, 100.582634
626.734253, 174.478836, 102.019646, 99.826851
624.719482, 179.079895, 103.820747, 102.271675
624.578308, 184.807083, 101.209190, 95.172913
623.062927, 184.642441, 101.652946, 94.477638
626.464905, 186.786301, 99.848061, 93.792786
623.236694, 185.813965, 104.325684, 96.092247
619.726074, 179.603958, 107.370667, 102.101295
621.591553, 181.107697, 105.629227, 100.273819
621.521545, 181.436584, 105.820892, 100.136452
621.711182, 181.372665, 105.127823, 100.138260
622.012817, 184.701187, 106.007019, 98.967964
623.744934, 188.647827, 102.973122, 95.400482
625.727783, 193.208023, 101.182220, 92.372223
622.066589, 187.538422, 104.089218, 97.147865
621.632324, 183.785614, 103.477997, 98.275078
620.092285, 183.916550, 105.037849, 100.184998
619.130310, 186.440704, 106.898056, 100.023155
621.799622, 190.073822, 104.164070, 97.489548
623.545654, 193.170242, 100.764679, 93.105835
620.533630, 192.341843, 104.441872, 94.225342
620.606934, 193.798950, 103.752510, 96.467590
621.042053, 193.862793, 103.143112, 95.636299
620.544617, 195.122345, 102.252892, 94.469200
622.079041, 196.063110, 102.110748, 93.794868
621.727966, 195.911407, 102.483879, 94.156036
619.301941, 194.826904, 99.813660, 92.163704
623.459290, 194.103699, 99.219505, 94.416977
621.593872, 196.850647, 100.399620, 93.127655
618.741272, 196.175735, 100.239899, 92.558632
620.462219, 197.732315, 99.326675, 91.342453
619.849915, 197.614456, 99.067535, 93.194611
619.999878, 194.098572, 103.520081, 93.034805
619.779602, 190.986832, 102.119064, 93.322273
618.696228, 188.009140, 103.567215, 96.116646
619.009460, 187.310318, 102.990257, 96.433823
619.170593, 183.820663, 103.994713, 99.741646
620.309631, 187.215973, 101.177437, 97.481232
620.571106, 187.455536, 101.376846, 96.957703
620.382141, 186.764862, 100.694107, 96.132622
619.329712, 186.070572, 101.276604, 96.581566
620.741150, 186.444794, 100.444481, 95.583313
617.727783, 187.037476, 103.467911, 98.845154
617.776428, 187.249924, 104.236214, 98.310547
617.208435, 185.861465, 104.774414, 99.006828
616.912598, 186.449875, 106.764290, 99.160728
617.705383, 186.760452, 104.714943, 97.598000
617.149048, 185.311844, 104.741844, 98.817879
617.255066, 184.445953, 105.932167, 100.377426
616.574585, 184.444870, 106.087730, 101.276047
617.614624, 184.373077, 105.223343, 100.145248
617.632751, 183.826462, 106.716972, 100.962631
618.507690, 184.130585, 104.830490, 99.899292
618.818542, 184.222473, 104.803589, 100.082375
618.580872, 184.030594, 104.979759, 100.027878
619.578125, 183.749374, 104.183540, 99.505524
619.307739, 182.238464, 104.642044, 100.241074
620.019714, 183.106308, 105.663567, 100.549614
619.875366, 181.766144, 105.125809, 100.928482
619.063110, 181.274246, 106.800835, 101.227425
621.190125, 184.266052, 104.148323, 97.329552
626.084045, 188.431000, 99.216476, 93.695915
622.221191, 186.288498, 102.697533, 94.392906
621.657349, 186.260864, 99.873825, 92.132339
619.718994, 183.522202, 100.908585, 94.193100
617.724854, 179.787521, 104.064903, 94.883621
618.311829, 178.168930, 104.265701, 98.162201
616.306641, 174.845078, 105.168457, 100.028915
615.155151, 171.875885, 108.740685, 105.604416
612.766479, 169.403061, 107.411560, 106.007050
611.416077, 168.778412, 104.372055, 105.077698
610.672852, 166.818634, 102.597916, 103.651863
610.083801, 161.855286, 105.721405, 108.198112
611.497253, 162.825699, 102.698792, 106.115540
606.133118, 158.551453, 101.843102, 103.352776
603.870422, 156.317368, 106.290421, 112.926414
603.781128, 154.332291, 103.241974, 109.930321
601.218018, 150.704132, 103.983810, 108.072990
599.053284, 147.845505, 102.610390, 105.862816
599.721863, 147.461060, 100.797318, 103.847565
600.025146, 145.051880, 101.058853, 103.441147
597.200684, 142.459885, 103.514351, 105.488586
603.109741, 145.888702, 94.838219, 99.748375
602.239319, 144.640594, 95.557495, 99.889130
595.446167, 140.751785, 103.601364, 105.241447
603.528503, 145.174561, 95.063339, 99.705765
598.957092, 143.300140, 95.985817, 100.247620
600.491150, 143.125702, 93.856697, 98.336700
602.936951, 143.406418, 91.995544, 96.367424
601.251038, 143.361664, 94.439003, 98.167183
602.283936, 143.833374, 94.387215, 98.168839
602.401306, 141.964554, 96.555084, 99.196815
604.630859, 143.320206, 93.657219, 99.142021
603.716187, 142.272476, 94.809486, 100.823273
595.427246, 141.910217, 101.951782, 105.026474
595.658203, 142.062820, 102.365929, 106.738518
603.411499, 143.716324, 96.123863, 101.176643
601.535828, 143.772812, 98.386749, 101.640770
600.502502, 143.603333, 98.620247, 100.868332
598.958740, 143.276978, 99.987114, 101.709045
600.880737, 144.611298, 99.340919, 101.516762
591.098572, 142.598846, 107.026398, 108.241150
599.382385, 146.836487, 97.564003, 99.689880
598.173218, 146.511597, 99.856750, 100.270935
598.808838, 147.753342, 98.032211, 98.719246
597.891479, 145.917145, 100.652145, 99.560455
595.133362, 150.250092, 102.640259, 101.196968
592.293884, 149.533768, 105.519279, 102.694077
591.902405, 149.420120, 105.221069, 102.478981
590.780396, 147.554123, 104.445396, 104.187248
590.155579, 147.655090, 104.830238, 104.652809
593.164001, 150.203629, 104.020798, 102.987411
591.417297, 149.832657, 104.721558, 103.650078
592.398621, 151.069382, 104.130173, 104.326309
591.357361, 150.776718, 105.303986, 104.369965
591.926941, 150.578354, 104.753685, 104.649200
594.049072, 151.143341, 102.562065, 104.185356
595.046509, 150.851654, 101.555916, 103.471344
590.952637, 151.203949, 105.798401, 105.787422
590.655701, 151.031570, 106.297417, 106.674911
590.001282, 151.113861, 107.020348, 106.688019
590.981689, 147.154907, 103.802917, 106.840424
590.748596, 151.320419, 105.420547, 107.522087
591.449158, 147.392609, 103.954704, 106.361633
591.956848, 152.539642, 104.361282, 105.845238
593.160217, 148.761703, 103.177643, 104.715881
598.929504, 150.008484, 97.350479, 97.298256
602.085144, 155.439621, 97.168327, 95.331703
594.455994, 157.534149, 102.794815, 104.187874
599.130676, 165.028214, 101.402618, 102.110992
601.316223, 171.568832, 98.876686, 95.427124
604.419739, 175.452423, 101.994438, 97.414246
604.725403, 181.015808, 102.020149, 98.669403
606.412170, 187.165848, 100.065872, 92.576080
611.296875, 193.590698, 96.479156, 91.232269
606.213684, 192.139404, 103.594429, 96.263138
609.338867, 197.373077, 100.624237, 92.536140
610.928284, 200.069031, 99.419365, 93.762192
610.008667, 200.236710, 99.334053, 91.985832
613.032593, 203.363800, 96.751534, 91.420013
610.004272, 199.259857, 98.758423, 92.945816
614.345825, 204.552612, 96.337082, 90.946709
612.809021, 203.667130, 97.962082, 92.039604
613.281128, 202.993240, 97.345688, 91.920593
612.593445, 202.045319, 99.573914, 94.744186
612.612183, 199.013000, 100.172356, 92.724617
614.653809, 198.453751, 98.170380, 90.937561
609.208252, 195.429596, 101.362106, 92.281372
609.822937, 195.868484, 100.314560, 90.622826
610.067749, 193.989563, 100.188423, 91.898903
613.224854, 195.051346, 98.633606, 93.413116
612.282532, 194.275955, 100.010933, 91.211182
612.429993, 193.963867, 99.876411, 90.667885
611.800110, 192.536041, 101.421646, 92.638916
613.101563, 192.885757, 99.741577, 90.329948
612.886230, 191.201385, 101.229416, 93.148010
613.250610, 190.018158, 100.866241, 92.332108
611.929504, 188.009323, 102.388229, 95.208466
612.537109, 189.759232, 102.787445, 92.756287
614.741577, 192.146439, 100.524185, 91.238106
614.636292, 192.773438, 99.964935, 89.912903
614.008423, 190.533066, 103.215889, 94.426758
614.060913, 191.664917, 103.525497, 94.455818
612.552917, 187.663666, 105.809486, 99.873070
614.144409, 186.589828, 104.309746, 99.362511
614.243042, 187.239487, 104.833519, 98.412270
615.084167, 190.596710, 101.168488, 92.464142
615.400024, 190.232941, 101.880653, 93.655075
615.540588, 190.008667, 102.533905, 94.103691
615.921326, 189.415466, 102.683167, 95.611702
615.760498, 189.491058, 103.149857, 94.965767
615.811462, 189.122498, 103.063789, 94.988091
616.289001, 189.500336, 102.094116, 94.012634
617.066284, 189.717041, 101.388756, 93.945030
617.872681, 189.970657, 100.847092, 93.358154
618.159729, 191.045593, 100.576538, 92.439613
620.403442, 191.904724, 98.186005, 91.455215
619.433472, 188.361908, 100.395393, 94.822906
617.335510, 185.417938, 103.687553, 95.971931
617.839539, 183.009567, 103.363640, 96.270714
618.015564, 180.870865, 102.353767, 93.728737
615.831116, 176.719986, 106.548119, 98.111046
619.051331, 176.886810, 101.932129, 94.096794
617.353516, 172.085007, 104.715195, 97.049011
613.854858, 166.575256, 108.673332, 102.202461
614.144775, 162.949890, 109.041351, 104.713020
615.236877, 157.813248, 108.526711, 105.771950
617.990356, 161.869446, 104.039574, 102.068062
613.839905, 154.500931, 110.414391, 106.229881
614.947144, 156.520111, 109.365395, 104.928078
614.678711, 155.989258, 109.343842, 104.415314
615.110474, 157.773148, 107.068932, 104.045204
614.336853, 156.179886, 108.772247, 104.759819
614.602173, 155.809250, 108.448898, 104.214714
618.084961, 159.071289, 104.998970, 100.042686
618.059021, 158.908371, 104.616585, 100.042282
615.871399, 155.943787, 105.733315, 103.206215
616.345337, 156.117142, 106.524994, 103.795158
618.180176, 157.234024, 106.923134, 104.002571
618.973999, 158.274231, 105.150757, 99.610725
615.402283, 159.443039, 109.381523, 99.779747
615.405396, 159.779602, 109.740028, 100.319557
615.734314, 158.021667, 110.423401, 102.266884
619.136169, 158.342377, 106.809280, 102.211037
620.440491, 158.110931, 106.600288, 102.418106
619.771362, 158.698380, 106.502434, 102.071335
619.943970, 158.829773, 106.372955, 101.344635
617.223999, 156.641800, 109.273659, 103.334137
620.532898, 158.094635, 106.089302, 102.809402
617.755737, 156.815170, 110.082977, 105.162949
616.999695, 155.600311, 110.447723, 106.749184
615.998352, 156.586609, 109.640419, 103.660019
619.688721, 155.925507, 109.419960, 104.496941
619.922180, 157.682632, 109.126343, 103.660408
618.847900, 155.635880, 108.674400, 105.215050
617.386719, 155.181076, 110.936653, 108.161644
620.937927, 162.532623, 106.692780, 103.921059
627.637512, 164.453918, 99.652107, 102.189171
624.648010, 170.077148, 101.723068, 99.444397
624.969299, 174.474747, 101.076118, 95.554413
623.446655, 170.557343, 102.281624, 101.624817
630.879272, 179.859131, 97.807587, 97.345566
624.681519, 183.946747, 102.686066, 96.351151
626.400635, 183.697006, 104.080460, 97.790817
626.387573, 185.544281, 104.452644, 98.571953
626.382080, 187.428909, 104.150024, 99.360603
626.844116, 188.392334, 103.280907, 99.255440
625.667297, 194.386642, 103.464447, 94.252357
626.346375, 192.397736, 100.992256, 94.992317
625.314941, 194.111694, 102.154793, 95.311478
624.145935, 195.079834, 102.053917, 93.045921
625.686584, 197.180191, 100.962326, 93.688652
625.563171, 196.341263, 101.047386, 92.397179
628.411377, 196.090378, 99.409912, 91.332733
628.762085, 196.664825, 99.354279, 91.450508
628.824646, 196.144424, 99.983017, 92.139847
627.435425, 197.281342, 103.915070, 93.703812
627.212830, 196.475220, 102.997063, 93.295403
630.457947, 203.908096, 97.043129, 89.598465
632.392700, 204.239822, 95.821686, 88.801193
631.871094, 204.120300, 96.194496, 89.260681
631.733521, 203.941086, 96.421631, 89.596893
635.010071, 204.367493, 92.653778, 85.835144
630.728638, 203.490768, 97.736389, 91.662224
630.273926, 203.652603, 97.168137, 90.706543
630.406616, 203.428207, 98.295387, 92.099976
629.215881, 203.154602, 99.367447, 92.672287
629.175964, 203.205261, 99.937401, 91.926697
630.504883, 196.166168, 100.379585, 92.355240
631.215942, 203.406982, 97.223900, 91.510445
630.897705, 196.140030, 99.509712, 91.899071
632.153381, 202.610870, 96.700813, 92.177353
631.815125, 201.495071, 98.328651, 93.458061
631.580750, 201.209305, 98.283607, 93.711571
632.545410, 201.669525, 97.544411, 93.646973
632.057495, 201.801758, 98.398903, 93.144157
632.159912, 201.694824, 97.493057, 92.980453
632.593140, 202.088928, 97.526016, 92.350098
628.196472, 194.697189, 103.436287, 96.079628
629.133179, 194.342743, 102.418159, 95.961792
630.346924, 200.433105, 99.375511, 95.543732
630.526672, 200.787888, 98.912224, 94.940361
628.444763, 196.109192, 102.929649, 96.751900
630.386169, 200.377747, 98.340500, 94.588814
630.750977, 200.304214, 98.642174, 93.877953
627.557068, 197.534775, 102.443680, 96.031258
627.088928, 195.455338, 103.453171, 96.289230
626.603149, 195.651596, 104.278931, 96.127022
629.106750, 198.698502, 100.192764, 95.171730
627.307556, 197.046555, 101.761124, 95.362259
628.155029, 197.531387, 103.805122, 95.145569
627.642639, 196.549927, 104.017456, 96.390869
626.858154, 196.272705, 105.971420, 99.362778
631.010010, 198.608719, 102.352509, 97.418678
627.569519, 200.269073, 103.923264, 97.946983
628.076294, 196.724365, 106.604004, 100.490181
635.257690, 200.112671, 102.020401, 94.754616
633.243103, 196.590851, 103.225464, 95.914688
634.610168, 200.197647, 103.207695, 94.436287
637.121155, 197.687866, 104.252090, 94.340858
639.946594, 197.159943, 102.967392, 94.707565
640.027161, 194.070343, 105.125809, 97.721107
642.423706, 196.281418, 104.642105, 95.684334
642.335999, 198.245911, 105.577629, 96.209030
648.787415, 200.122192, 99.945847, 92.413422
650.262024, 198.776886, 102.327240, 94.203400
652.014832, 200.012070, 102.796135, 94.853348
654.959351, 198.740509, 103.194969, 94.478828
656.699524, 198.770325, 104.688858, 95.174194
660.841919, 200.167038, 100.496582, 91.092560
662.218506, 199.747849, 102.802750, 93.350883
666.340393, 201.703537, 100.210724, 91.311256
669.647705, 203.374969, 99.238029, 89.451134
667.100098, 197.364227, 106.885330, 93.998924
669.847961, 197.146057, 106.387764, 94.696091
679.868225, 206.138443, 99.011391, 89.837418
760.145447, 370.800262, 10.630850, 8.083909
685.128113, 206.133698, 98.314285, 89.508949
681.568298, 203.443359, 104.806358, 93.501900
686.213013, 204.942825, 100.811554, 91.914032
687.896606, 205.394516, 98.038887, 88.778290
689.742065, 205.828598, 96.228767, 87.261986
690.856506, 204.627701, 96.362030, 87.622353
691.321594, 204.119080, 99.567368, 92.539764
690.705383, 205.060089, 98.110085, 93.325203
690.415527, 204.066147, 98.898300, 93.727882
689.653931, 204.646622, 99.827141, 93.618141
687.445007, 204.641098, 100.724167, 93.464905
680.975098, 201.868637, 102.855553, 92.513252
688.744019, 207.130539, 97.550148, 91.650581
677.714355, 201.107620, 103.087982, 93.779556
679.648376, 207.039520, 98.646210, 89.905151
676.790649, 206.849426, 99.843018, 90.334488
678.195557, 206.556137, 101.679283, 93.384918
673.355713, 206.720383, 101.225128, 91.038849
670.706238, 207.259583, 99.491249, 89.349709
672.692200, 211.821381, 95.717468, 88.396004
670.110291, 209.143417, 97.876579, 89.648018
661.527710, 206.568665, 101.483963, 90.927284
656.643311, 201.654129, 102.493393, 93.557899
655.961670, 204.745193, 102.400391, 92.589348
653.204895, 205.379456, 100.656433, 90.233986
654.916992, 206.941147, 97.689705, 89.550308
643.856812, 199.269211, 102.117805, 94.034134
643.751770, 203.316422, 102.046547, 93.613800
639.044983, 199.073013, 101.271881, 93.211296
635.275330, 198.498672, 102.227127, 93.553329
635.526794, 205.381866, 100.577110, 92.225441
633.807312, 206.529144, 94.911369, 87.149147
630.068970, 206.015411, 94.567284, 87.301216
620.296326, 200.230682, 104.163696, 95.549782
617.400574, 198.202805, 104.176422, 95.902939
612.729797, 196.669022, 105.063301, 96.508759
610.872253, 202.629959, 98.842659, 90.621475
674.112244, 371.069855, 11.399530, 9.922335
602.840271, 196.335098, 103.550705, 96.661499
603.240417, 201.173157, 99.369835, 92.635689
595.461670, 199.437057, 100.893089, 93.819138
595.257813, 201.054733, 102.045036, 95.656197
595.410706, 199.029953, 100.788368, 97.978172
591.608215, 197.137939, 100.800217, 94.347069
589.884155, 196.000290, 101.681297, 95.233154
587.961182, 192.943024, 103.499161, 96.572205
584.976501, 187.380112, 103.429482, 98.227699
584.444580, 188.730820, 101.156136, 95.925423
580.620911, 187.956207, 104.957008, 95.438721
581.115601, 193.057541, 100.470879, 93.654388
576.834106, 190.458069, 103.432945, 94.439697
576.915100, 190.434235, 102.383194, 92.047676
577.875549, 189.016388, 98.075874, 93.247345
574.665466, 189.098221, 100.665382, 95.083679
573.452759, 187.965958, 101.311073, 93.979645
573.871765, 186.907547, 100.198250, 92.145866
571.792358, 185.926529, 100.326843, 93.274918
569.262329, 186.317932, 102.512482, 94.409866
571.426331, 185.015152, 101.166092, 93.690369
570.550964, 189.175842, 100.096115, 92.165359
569.493896, 188.237305, 99.974068, 92.766426
571.300171, 194.684113, 99.540337, 88.812119
572.524109, 198.097168, 99.652298, 91.205116
573.711060, 198.612167, 97.253258, 93.998589
571.926758, 200.662521, 101.898674, 92.349030
571.445618, 201.769867, 103.184509, 92.730728
572.108337, 201.993866, 103.270073, 92.471191
573.107178, 200.600220, 102.836021, 97.018509
576.071045, 204.319550, 100.889748, 88.642746
578.698975, 203.261215, 98.683319, 92.595406
578.656860, 202.943115, 98.416298, 91.417130
579.609802, 201.388657, 99.524139, 92.553711
580.212280, 200.130371, 101.763771, 97.463516
583.169006, 199.943832, 102.824486, 94.938988
582.572021, 199.539383, 101.857971, 92.765251
584.057068, 196.381531, 103.842804, 91.349594
587.614258, 195.538025, 103.035057, 94.111992
587.565430, 200.424728, 99.723747, 96.780403
588.254944, 199.377426, 99.137978, 93.388184
590.548401, 195.561279, 97.634071, 92.927849
586.430054, 183.068512, 104.873024, 100.173943
589.053284, 186.456512, 103.138008, 93.697098
585.568909, 176.517380, 107.767990, 102.826920
585.435608, 176.410400, 106.250031, 100.664940
588.356750, 170.614594, 106.111862, 102.672508
590.465881, 173.207596, 106.115952, 102.977173
585.480469, 164.066666, 104.464111, 103.602638
586.505066, 161.690018, 111.589844, 109.831161
590.940430, 165.754852, 104.597809, 100.839310
587.071777, 159.907837, 108.118492, 104.175041
590.272217, 159.758057, 100.238571, 102.735466
589.710632, 157.793701, 104.934769, 105.817543
587.728088, 155.204285, 109.360794, 107.791481
590.639954, 154.752853, 107.111839, 106.999847
589.018005, 154.714294, 108.236000, 104.275955
589.915710, 153.632141, 106.904289, 102.920570
593.996765, 155.740082, 103.610184, 105.020149
587.509766, 151.888092, 108.301277, 104.903168
593.349609, 153.043137, 105.530746, 103.809113
591.858582, 154.437943, 102.237648, 107.514160
589.803345, 153.384064, 104.896019, 108.003410
589.790527, 152.635071, 103.533440, 107.883354
589.558105, 152.300018, 100.933853, 106.078674
587.573608, 149.641556, 107.364304, 107.944977
588.845032, 150.874603, 104.142838, 108.590927
589.646912, 150.369171, 103.151428, 107.878578
587.884155, 151.636719, 101.196083, 103.377541
590.247070, 149.482422, 103.036064, 107.089592
588.478943, 150.553833, 100.948090, 102.889648
589.052795, 150.552872, 103.663734, 104.556137
588.218018, 150.612137, 102.022545, 104.968521
588.684875, 150.921844, 105.453629, 108.291580
587.143799, 150.765518, 105.467361, 107.880920
587.919983, 152.825531, 102.733696, 106.365372
587.333557, 152.375427, 105.528793, 109.788345
583.895203, 155.774124, 107.015060, 105.415207
585.195923, 156.633377, 106.380264, 107.285446
583.807861, 157.832367, 105.881447, 105.406288
583.928223, 158.164490, 106.793587, 107.359818
582.385681, 157.177277, 109.138504, 103.498039
580.122131, 154.527740, 110.548218, 108.401146
581.721497, 161.187759, 107.741020, 100.138313
581.413452, 157.589508, 107.252090, 104.098236
585.753052, 156.762985, 105.861221, 104.961708
586.078430, 156.279205, 107.784622, 105.142097
582.715393, 153.306213, 107.127647, 105.314629
586.534912, 160.347778, 105.331772, 99.776573
590.953796, 169.087326, 99.524208, 94.001160
589.389771, 165.932083, 103.082878, 98.219551
590.010315, 170.155289, 102.207779, 97.466072
590.891052, 173.343307, 102.084915, 96.286812
593.903931, 176.174225, 100.059570, 97.330315
591.349976, 177.448059, 103.463562, 96.711349
593.275391, 180.255844, 102.037476, 96.804283
594.706055, 181.422043, 102.123352, 97.378830
595.130920, 185.227631, 100.599098, 92.691933
592.192200, 185.345856, 105.355713, 98.295311
591.595825, 185.093201, 104.657166, 99.320816
594.415527, 187.275970, 102.462387, 95.080330
596.033325, 188.296524, 103.931892, 95.991051
597.087097, 188.890762, 102.697090, 96.065231
596.860901, 188.248764, 103.067635, 97.702797
596.869324, 188.280441, 103.204674, 98.008850
596.124817, 188.708649, 103.700783, 95.978447
593.594543, 186.301407, 103.370628, 99.181709
594.795898, 187.257568, 103.108269, 98.504875
595.926025, 187.497482, 100.822960, 94.843811
595.487244, 188.957184, 103.506660, 98.776772
589.586121, 180.843323, 101.372314, 99.048828
594.079651, 187.491684, 103.295151, 98.859032
591.771118, 188.680115, 107.419434, 99.724075
595.824463, 188.484970, 102.967323, 97.890381
596.260315, 189.300735, 103.572632, 98.022690
598.056030, 189.547531, 103.032913, 99.472084
596.721619, 188.606461, 104.015442, 98.010178
592.287354, 185.383575, 102.787003, 99.279999
598.008606, 187.735855, 101.279945, 95.820587
597.188721, 185.833267, 103.246254, 98.626221
597.403503, 184.991241, 104.098167, 99.843552
600.281189, 186.004349, 100.372711, 95.668648
598.343811, 187.877686, 103.004311, 97.938286
600.040405, 191.983368, 99.861290, 94.711815
595.814148, 193.851044, 103.343475, 96.955994
598.649658, 193.044159, 101.141144, 96.036804
597.045715, 194.624817, 102.841629, 97.706726
597.915710, 197.296066, 103.709610, 96.956322
597.885620, 196.565918, 103.864853, 97.622482
596.552246, 193.756897, 104.511620, 99.791573
597.684570, 196.619095, 102.118057, 94.627098
597.466858, 194.488068, 101.028236, 96.102203
592.649719, 192.006195, 105.637794, 101.667961
596.200378, 194.484390, 99.845100, 92.163818
593.551758, 187.646576, 102.062614, 96.744286
589.700684, 184.398438, 104.188896, 97.156960
584.202026, 176.496643, 109.259605, 104.044121
586.781799, 172.350449, 108.011635, 103.776314
586.382141, 170.450653, 104.437584, 104.207451
583.862488, 166.777618, 106.763596, 104.307350
584.402466, 164.943542, 102.562759, 104.470306
582.934509, 162.934494, 108.290184, 103.110474
580.362427, 161.910767, 106.094215, 103.734795
580.029846, 157.049896, 108.188240, 109.557838
581.572937, 158.826019, 105.472717, 105.090851
581.506653, 157.377350, 104.177055, 105.862175
582.674194, 156.858795, 104.609276, 105.916229
580.530579, 158.243744, 107.619041, 101.922340
583.855835, 157.303284, 106.189606, 108.538528
582.183289, 157.557709, 107.816124, 106.392258
584.381958, 156.749985, 105.242744, 105.891602
583.556274, 157.394699, 106.328850, 107.896179
582.902893, 156.808304, 108.533646, 108.482895
583.478760, 158.456070, 103.106758, 106.891846
583.282776, 159.367737, 107.215103, 105.873650
581.791321, 155.308914, 107.602219, 107.438538
581.471497, 155.667084, 108.045654, 105.850067
581.270508, 155.281418, 107.644684, 106.068085
581.345398, 154.181580, 107.564537, 106.391182
580.608337, 154.702316, 107.207481, 103.219513
579.723572, 154.887985, 105.215714, 102.873375
579.338867, 155.892105, 106.847336, 100.825211
579.784363, 154.715271, 107.274269, 102.677902
579.233337, 153.437881, 105.794304, 105.421097
578.708984, 152.332657, 104.968727, 105.023682
579.175903, 152.451859, 105.418724, 105.418022
579.052490, 152.056580, 106.690636, 107.720024
578.273438, 151.110443, 106.196663, 107.815872
578.002991, 150.690262, 105.930717, 106.308601
577.784607, 149.975784, 106.087914, 108.048851
573.396851, 154.317596, 110.554703, 101.179192
573.814270, 153.971741, 109.167992, 99.892288
573.278137, 154.234146, 109.990547, 100.826416
576.756165, 150.112854, 107.192863, 100.610550
570.424011, 148.609711, 111.386078, 104.778061
577.357727, 149.544678, 106.661781, 101.182671
574.124695, 150.542816, 110.427933, 104.811020
576.926758, 154.645676, 107.491325, 100.814163
573.710815, 155.783722, 110.435814, 102.759483
574.162170, 150.404526, 113.264244, 116.372437
577.758301, 153.552643, 109.998360, 116.548340
573.460022, 151.044739, 112.320152, 116.466873
578.088867, 155.614380, 105.210297, 111.580666
575.476440, 155.120178, 108.949112, 107.688255
579.456238, 157.681610, 106.745834, 107.061394
578.848389, 155.404129, 107.685196, 109.629128
570.776062, 152.830200, 113.988441, 106.070076
576.188110, 154.382874, 110.363106, 105.586098
578.906921, 152.204514, 107.229279, 105.943657
576.854553, 150.984833, 109.189606, 105.064697
578.980347, 151.751907, 107.162369, 103.579575
569.614807, 150.619247, 111.831848, 109.186180
569.540466, 149.920837, 112.355560, 109.137299
574.896362, 150.257584, 109.590324, 106.877342
575.578430, 150.816025, 110.002449, 105.740524
574.366272, 152.834366, 108.679192, 104.160355
577.439819, 156.629425, 107.695404, 105.640694
576.091125, 159.228516, 105.920258, 102.012627
577.572083, 165.870895, 102.924416, 96.346977
577.477661, 167.121414, 104.824631, 98.002335
579.046875, 169.963821, 104.704987, 97.564529
581.907227, 174.178009, 100.210342, 97.044388
582.173035, 181.089767, 97.338570, 94.555023
578.482910, 178.160492, 105.986977, 99.789940
583.926147, 187.812866, 99.988060, 91.607086
584.888855, 193.431107, 98.255379, 90.502975
585.895386, 195.013474, 98.506523, 90.663048
582.830200, 200.083847, 99.019394, 93.011459
587.021118, 201.534348, 97.838844, 87.836205
583.276611, 197.154587, 99.814919, 90.936066
587.862244, 204.422974, 97.982056, 87.945854
588.831055, 206.203018, 96.787888, 89.103264
588.441895, 206.938705, 96.985352, 89.618729
584.167297, 204.168121, 100.756737, 93.476364
584.809448, 206.902817, 98.100952, 90.537498
584.914673, 204.762451, 100.032478, 93.224922
585.324219, 205.095413, 100.111176, 92.868073
585.924866, 205.166306, 99.645432, 92.781464
586.490234, 204.825607, 99.136147, 94.034538
585.747375, 204.773361, 99.918312, 94.119476
585.465027, 203.388596, 101.101067, 96.338913
588.212097, 205.845490, 98.800003, 92.161919
586.273193, 206.176010, 98.070770, 91.796089
586.488098, 205.616943, 98.861626, 91.326134
585.771057, 201.531326, 102.682159, 94.254456
586.882263, 205.212006, 98.408295, 91.617317
588.627258, 205.077927, 99.653557, 93.500908
586.337097, 203.089630, 100.249161, 93.509613
589.657410, 203.605377, 95.140587, 87.935875
592.754028, 208.843460, 98.273270, 94.733871
591.706360, 204.930328, 99.502464, 93.458481
591.378662, 206.135925, 96.080330, 94.277596
590.940308, 208.128082, 98.902771, 91.148346
591.208679, 209.407806, 97.430054, 89.936745
591.877747, 212.063980, 100.641373, 93.909630
591.158875, 213.095093, 101.366577, 94.865410
589.977356, 213.714142, 102.991142, 95.944290
591.475037, 214.709030, 101.362923, 94.185913
589.304993, 210.831345, 97.881561, 95.485847
592.442078, 215.267914, 99.465668, 91.634537
591.633057, 214.410156, 98.467522, 92.105171
591.131042, 211.339386, 101.030945, 95.603020
588.804504, 211.767258, 96.136154, 91.232330
588.118835, 209.897217, 97.729332, 94.854622
587.652161, 207.309509, 100.067444, 97.177559
584.572205, 206.041946, 99.954979, 97.345436
584.090210, 205.992630, 99.470650, 97.300575
588.165161, 208.822876, 100.565956, 92.650742
587.352112, 207.435608, 100.731476, 93.881317
588.063416, 206.653534, 99.796959, 93.801041
587.417603, 206.567627, 101.344589, 93.632271
587.176025, 205.262405, 102.315651, 96.148506
587.178162, 205.212631, 102.800797, 96.177437
586.445618, 206.167542, 101.436455, 95.917572
587.455261, 206.226044, 101.618164, 92.794182
587.077454, 205.483612, 101.117767, 93.625153
587.802551, 206.253723, 100.137009, 95.448502
587.842896, 206.258148, 99.070244, 94.350800
587.349243, 205.040604, 100.203354, 92.470406
587.610596, 206.474304, 101.330353, 92.714264
587.753174, 205.329285, 100.253944, 92.729187
587.128601, 204.808319, 99.887314, 92.910179
587.747009, 204.527527, 101.121292, 93.914322
587.881042, 203.951324, 100.353561, 94.067238
587.878845, 204.436035, 97.741623, 94.814400
588.934448, 205.454330, 101.838058, 95.908150
592.093750, 205.491425, 101.198349, 95.366409
591.679993, 206.277756, 100.174744, 93.424881
590.899536, 204.537094, 101.893440, 94.192345
590.829773, 202.615387, 100.588326, 92.888351
590.158875, 200.974457, 102.372604, 94.679054
593.549316, 203.199387, 99.958069, 95.226944
592.150696, 202.220963, 102.107788, 92.875824
593.703369, 202.395340, 96.008629, 93.670769
596.858643, 203.044296, 94.322571, 89.844444
596.812744, 202.555008, 96.177231, 90.847954
595.286011, 202.449417, 101.372757, 89.146706
596.333496, 200.653976, 100.503769, 93.124756
595.999695, 200.396179, 99.121658, 92.140175
596.127380, 201.376404, 101.324364, 94.403358
597.251099, 203.524323, 100.776649, 95.586235
593.664124, 198.145020, 101.700325, 96.678551
594.632446, 202.577255, 101.784943, 95.567055
594.732422, 204.279678, 97.637596, 94.300346
594.237183, 204.001007, 97.843124, 93.646095
596.348206, 203.891449, 100.543465, 91.932777
595.037109, 201.752426, 102.031364, 93.705437
595.018372, 200.141144, 102.537056, 93.819244
595.169739, 198.810684, 101.362549, 92.619987
595.728088, 200.616318, 100.009102, 95.949928
593.883118, 198.063889, 99.984344, 91.944901
594.171936, 196.660965, 98.693207, 92.769920
592.922424, 195.990997, 99.309418, 92.198204
589.541931, 185.637543, 104.982086, 99.551987
589.647827, 187.032578, 103.740608, 95.001343
592.409973, 190.422913, 98.904282, 94.352669
591.395569, 187.011261, 100.459282, 96.584854
588.703369, 181.278168, 103.959053, 96.118477
589.382263, 178.179779, 103.611946, 97.759933
592.892273, 175.548828, 96.912582, 93.971222
589.544617, 170.501923, 105.110176, 101.490425
588.661682, 165.910187, 105.689400, 101.599716
585.067444, 159.602539, 110.782036, 104.238251
586.561646, 154.443863, 108.781822, 110.840858
586.737244, 155.468460, 109.528015, 108.445854
587.182251, 149.476044, 111.131973, 112.757202
586.634155, 150.941513, 105.212189, 102.091705
588.271423, 149.698318, 105.080948, 103.675537
586.750671, 148.416183, 106.706200, 104.772690
590.208069, 149.194611, 102.421562, 102.078217
590.033691, 146.646622, 106.786659, 108.593788
589.830688, 148.819702, 103.870209, 104.151222
589.572510, 148.966797, 103.903481, 103.673882
588.800354, 148.930344, 103.321419, 103.621773
586.813232, 149.284653, 104.931808, 103.385895
586.344849, 149.540070, 105.021843, 105.070038
585.801636, 147.883606, 105.182701, 105.266800
584.737915, 148.456955, 104.523781, 104.330673
584.882751, 148.465897, 104.939308, 105.312752
583.447144, 147.974304, 104.721992, 104.063522
582.468262, 148.061035, 107.258705, 105.720062
582.471375, 148.968903, 104.946739, 104.825676
582.035156, 148.238373, 107.201118, 105.511696
582.042480, 149.086075, 106.154892, 104.798485
580.231689, 149.377792, 108.123909, 105.635361
580.031860, 150.247345, 108.142624, 106.654663
581.153625, 149.410324, 105.953461, 106.570480
579.096069, 149.283676, 106.044502, 108.651962
580.803711, 150.383148, 106.102852, 107.277359
581.490295, 150.462677, 106.100136, 108.221252
579.554504, 149.915024, 105.193100, 109.367393
577.560669, 146.144302, 107.542740, 114.734596
580.284912, 150.478958, 102.968651, 105.658424
580.339844, 149.872437, 107.042152, 103.928970
579.590149, 151.706924, 104.809258, 99.685768
573.986633, 151.641388, 107.630188, 102.576057
571.809509, 151.523544, 107.135651, 105.056709
572.529175, 151.448288, 105.812263, 105.228378
574.367310, 154.748581, 101.795090, 102.290306
569.858398, 151.497787, 105.896378, 109.571793
567.951294, 156.348740, 105.760406, 107.768105
568.335510, 158.293930, 103.934227, 107.470306
566.284546, 155.495422, 105.970093, 111.354225
567.461426, 158.467590, 104.664032, 102.700371
568.463562, 158.079742, 103.736382, 102.869499
568.663147, 157.493973, 104.578468, 101.696228
570.234985, 154.706024, 105.664070, 110.054169
567.329529, 160.436798, 107.037300, 101.370644
568.348572, 156.307877, 107.671211, 104.746979
569.724304, 155.544739, 107.573929, 104.738144
573.328735, 154.452545, 106.899376, 103.159431
571.979187, 154.342072, 108.636032, 104.848572
572.544739, 152.786911, 108.086426, 103.459526
570.119812, 151.434387, 107.494728, 107.812912
568.114990, 149.321838, 109.908318, 110.180534
570.004028, 152.158661, 109.084511, 106.667496
571.661499, 151.497894, 108.488091, 109.578926
568.996704, 150.370193, 108.415886, 108.777130
569.722900, 150.409195, 108.865120, 110.190666
570.673523, 151.205780, 109.552521, 111.093750
571.989136, 152.245346, 107.630569, 111.465004
571.623230, 154.260788, 105.178986, 108.377136
572.817200, 155.891357, 102.672455, 106.045357
572.040955, 156.062012, 103.762154, 107.326096
569.418091, 155.928284, 109.367722, 106.911324
570.733459, 157.605652, 107.107361, 107.183029
568.963867, 157.547180, 104.475327, 104.103180
572.847412, 165.569061, 101.218826, 98.616173
571.408447, 166.723450, 100.953445, 98.649490
570.898376, 168.998077, 102.956680, 100.542473
571.522644, 172.233200, 103.047340, 96.509552
575.987427, 177.384399, 101.172333, 94.278656
577.577087, 182.454391, 100.871979, 95.776276
578.157776, 185.456314, 101.161812, 94.963005
578.996765, 187.636230, 98.414597, 93.917740
581.045471, 191.220230, 95.549622, 93.016090
581.437561, 191.428406, 101.409805, 94.775169
579.655579, 194.059586, 102.427170, 94.378349
584.434631, 197.696945, 99.493332, 91.708954
585.654236, 199.349228, 100.086601, 91.303932
585.079468, 199.604858, 102.627724, 96.303642
582.524719, 195.176178, 102.951508, 94.079475
586.961731, 202.029999, 100.735443, 92.616844
586.624817, 201.831299, 100.250610, 91.580299
587.806274, 202.362946, 100.869019, 92.099281
585.322510, 204.087067, 103.010109, 96.705963
587.953369, 203.627106, 101.385925, 93.487564
587.983582, 204.290009, 100.203415, 95.255051
588.706116, 204.128296, 101.392914, 94.078659
588.878052, 204.972031, 100.437737, 93.706238
588.677612, 204.826904, 100.705009, 95.640343
587.574707, 203.523743, 101.095779, 91.555435
589.305481, 202.684280, 101.170311, 93.158325
588.640869, 202.946075, 101.581749, 97.798424
588.790833, 202.790359, 101.446976, 93.895142
589.960205, 203.378265, 100.637154, 94.479378
585.894470, 202.454437, 97.826431, 91.706055
589.258057, 204.578796, 99.534981, 96.576096
585.749695, 203.235748, 103.418579, 98.825394
589.450073, 202.723541, 100.221123, 93.229759
587.671692, 201.608536, 99.843582, 92.994232
588.009766, 201.236908, 100.837517, 93.394096
585.596985, 196.820999, 103.944115, 94.042282
586.545410, 196.836548, 103.475853, 94.807793
587.950806, 196.007462, 101.757156, 95.102417
588.698059, 197.599319, 102.086746, 94.763016
587.330994, 196.182037, 104.534866, 98.676392
585.859192, 193.121719, 105.204880, 97.521713
587.190796, 188.249008, 106.314743, 100.354752
581.599487, 180.785049, 109.447807, 103.998581
579.461487, 173.390320, 110.352768, 105.606239
582.125549, 174.836975, 105.827698, 99.915756
577.641541, 165.257462, 111.195671, 107.155396
580.197937, 167.394928, 102.119064, 99.793732
578.983459, 160.160141, 104.601776, 105.572861
578.859741, 156.788376, 105.823730, 104.692055
579.316711, 159.831940, 105.101738, 101.429077
577.355774, 154.355896, 106.049294, 105.132637
578.789063, 157.502335, 105.189819, 101.008385
578.397583, 155.520477, 105.186043, 102.831795
578.951782, 155.585144, 103.307243, 103.054260
578.105469, 154.454102, 106.033730, 105.392891
577.537170, 153.877930, 106.197990, 105.014771
576.890381, 150.973557, 105.602638, 102.364006
578.211182, 154.174393, 105.173187, 105.257317
578.139954, 154.386642, 105.373672, 105.565071
577.736023, 155.381500, 105.303360, 103.899261
576.350220, 152.930374, 106.719681, 103.407784
578.104614, 154.711777, 105.710571, 105.568596
574.834778, 160.291000, 106.087601, 102.350540
577.559753, 161.331848, 103.314552, 105.785172
573.227905, 161.072449, 107.312134, 109.806160
576.374329, 163.971756, 106.924454, 101.502373
572.680542, 159.286819, 110.726212, 107.406677
574.529236, 164.961502, 106.332382, 102.403580
571.575073, 162.398132, 110.159904, 102.224747
570.031250, 161.306534, 112.450760, 104.150528
569.548828, 159.260849, 113.101685, 105.115700
570.865479, 157.824951, 113.790596, 106.278305
577.529541, 155.095245, 107.242325, 107.148232
570.192505, 157.648941, 112.185692, 107.128387
576.814026, 159.640335, 106.496956, 101.113853
577.387939, 156.322495, 107.069435, 106.524071
578.033325, 154.302795, 104.154747, 102.238853
579.791626, 153.444565, 104.275909, 100.010086
578.934570, 153.056061, 105.154160, 102.153038
578.804871, 150.423645, 104.056328, 103.983170
577.431152, 150.611023, 106.296906, 104.055115
578.409729, 151.905640, 105.888817, 103.206207
579.848511, 153.175583, 103.914505, 101.628792
577.808594, 155.554749, 104.138237, 103.651711
575.942505, 156.765854, 104.997269, 103.142502
576.394287, 154.066589, 108.397736, 108.568794
574.228821, 161.014954, 109.188911, 103.901840
576.887634, 160.298676, 104.444702, 105.376701
572.510681, 163.928589, 109.072662, 103.503784
573.107056, 166.566971, 107.253662, 104.308655
570.064453, 170.450928, 110.936653, 101.872047
573.511780, 167.877823, 108.657578, 102.724442
571.635498, 167.568085, 110.674858, 105.488297
575.168091, 168.698517, 103.782318, 104.443398
574.506836, 167.564743, 107.927773, 105.752716
572.631958, 165.351913, 108.016739, 103.355934
574.309570, 163.983246, 104.877052, 105.011856
570.153992, 161.710663, 111.774765, 103.422684
573.626709, 159.983246, 112.129303, 104.763031
568.840820, 159.500229, 116.281693, 111.143082
572.601685, 166.297943, 106.468102, 101.618996
577.232178, 168.364517, 103.376617, 98.760284
578.596436, 168.503891, 102.430573, 99.059189
574.894165, 170.337204, 103.521843, 101.388214
575.024902, 170.355667, 102.913078, 102.231499
575.993713, 174.072083, 101.751801, 98.213219
576.686279, 176.076584, 100.091896, 95.429855
578.578796, 177.140594, 98.248444, 93.388542
578.220459, 178.052673, 98.502808, 93.540009
578.437561, 177.899109, 99.857887, 96.689232
578.237183, 176.433701, 98.948891, 94.078201
578.063660, 177.324310, 98.814499, 93.657570
577.928345, 180.527191, 98.296837, 92.521423
572.300598, 172.789658, 103.198997, 96.839622
577.108582, 180.617188, 98.168236, 91.693481
576.431641, 179.713196, 99.681534, 93.808990
575.717834, 179.833313, 99.946724, 93.856598
575.784546, 179.625473, 99.385147, 93.780296
575.033203, 180.011353, 100.738907, 94.176369
574.147522, 176.025665, 102.509521, 95.195343
574.471802, 179.596329, 101.314285, 95.084435
574.855164, 180.140411, 99.961594, 93.424271
575.207520, 180.154999, 99.729355, 93.415825
572.470276, 173.952362, 104.556732, 97.153801
575.372375, 179.801514, 99.294922, 92.369675
576.802673, 180.210663, 99.281380, 92.815552
575.812073, 176.072510, 103.026428, 97.045097
577.969849, 178.106903, 100.303909, 94.518204
574.069275, 174.326691, 109.112923, 102.016663
581.571106, 180.012009, 98.367088, 94.060883
582.370056, 178.654633, 98.697113, 94.503120
582.122009, 178.858246, 99.716309, 96.995850
584.382996, 179.631134, 99.058334, 96.254333
584.856812, 177.086349, 100.686989, 98.248619
581.695496, 176.631546, 104.631203, 101.164604
585.272705, 176.329742, 103.468857, 97.316833
584.675415, 177.090530, 102.591362, 99.549171
588.133179, 175.775635, 102.061798, 98.197632
588.340698, 177.702316, 101.076500, 98.926575
588.305176, 177.923218, 102.141312, 99.770340
589.401245, 176.663147, 97.854973, 98.834450
589.603943, 176.806427, 100.838524, 97.238914
589.100769, 175.057220, 102.186989, 99.067398
591.077515, 176.269211, 97.957863, 94.402061
588.370239, 172.631699, 101.552826, 99.447235
588.838074, 170.724274, 101.255310, 100.399734
587.279602, 167.987518, 103.638786, 102.144951
587.376160, 165.007401, 105.592178, 105.169060
587.147888, 162.432587, 104.011848, 104.015190
589.244690, 161.763443, 104.392601, 105.606796
590.053284, 160.494034, 102.916985, 104.136559
591.559692, 157.842560, 103.082756, 104.883873
588.837708, 155.748444, 105.563446, 105.312370
588.266357, 153.868835, 105.466858, 109.362274
588.137878, 150.401062, 105.310478, 110.806305
586.524231, 150.603958, 107.958710, 108.495148
588.077698, 147.452606, 102.706223, 106.359032
584.075989, 143.498764, 106.310898, 107.165642
581.356506, 143.036224, 108.851318, 108.246994
583.020691, 145.717407, 101.868492, 102.570488
581.197021, 146.396103, 104.490761, 105.879448
584.510681, 148.916107, 106.462929, 104.804352
584.349182, 149.500916, 106.427269, 105.994438
584.953735, 146.310272, 106.427460, 110.929329
581.349487, 147.067200, 106.702545, 102.293358
572.077576, 147.157669, 114.767326, 109.477486
573.975769, 152.110352, 112.129494, 103.127129
575.361023, 148.980270, 112.024147, 110.667595
575.286438, 152.639114, 109.801590, 106.507202
577.896606, 152.133423, 107.332550, 110.602852
576.282471, 150.398560, 108.484558, 110.465302
578.023376, 151.650208, 106.359726, 107.437096
578.561096, 153.273178, 107.838425, 103.123413
577.597961, 153.855927, 107.893051, 102.298958
576.812744, 153.322662, 108.351929, 102.629692
574.487244, 153.820236, 109.998734, 103.718422
574.242188, 157.153442, 109.761642, 102.239517
577.110901, 159.282928, 106.169128, 105.651344
581.070068, 165.086044, 102.155106, 98.391029
578.678406, 172.466537, 105.611015, 96.285469
580.356384, 171.706070, 99.771950, 97.753525
582.531311, 174.967453, 101.198097, 95.390182
583.517517, 176.749725, 101.940758, 96.038963
583.916382, 180.755447, 98.602043, 95.587761
582.756531, 181.414124, 103.506660, 96.996925
584.538452, 184.644577, 96.688469, 95.079597
584.789429, 185.372025, 97.479706, 95.030159
582.008972, 184.947723, 99.722298, 92.412910
581.761963, 187.328049, 101.487679, 93.906342
582.750854, 187.848038, 99.581161, 91.367325
582.022461, 186.070892, 99.856567, 91.113998
670.940918, 370.024048, 11.206226, 9.907031
585.731628, 187.775208, 99.345520, 92.271881
585.423035, 188.259705, 102.472412, 97.413391
588.792603, 188.089951, 101.952980, 97.742920
586.798218, 189.483429, 104.844040, 98.780571
592.087341, 191.100616, 99.653366, 88.863884
586.498047, 193.036530, 97.620461, 89.981667
591.221069, 194.024323, 99.402664, 94.640106
592.396484, 194.286255, 97.127304, 94.063652
593.047668, 194.842804, 96.870178, 94.326981
593.602600, 194.743912, 97.452797, 94.085548
591.657227, 194.176773, 98.197411, 90.646950
588.918274, 193.368530, 100.005890, 90.654671
594.031738, 195.318588, 96.764267, 93.229736
594.085083, 195.415680, 98.022064, 94.068031
593.254578, 197.289017, 98.665108, 95.907272
593.715271, 197.605469, 98.426315, 95.688622
593.819946, 198.559753, 97.708229, 93.881920
594.458984, 195.979004, 97.651901, 93.295753
594.512207, 194.553558, 97.351357, 92.053543
594.007568, 194.906113, 98.523849, 92.067078
594.022278, 195.186340, 96.835144, 91.198341
594.057983, 195.005432, 97.667397, 91.285706
594.821472, 194.889908, 97.129005, 91.453476
595.251343, 195.140594, 96.534538, 91.432182
596.346802, 194.554764, 97.064743, 91.716072
597.168152, 194.876175, 95.841278, 93.023224
598.130371, 196.249725, 96.801628, 94.826950
595.041870, 195.842819, 100.542892, 92.854141
594.911011, 196.140442, 101.534996, 92.173248
595.481873, 196.448547, 100.243233, 91.708084
595.064331, 193.868317, 102.395103, 95.067444
594.606750, 192.682190, 98.711105, 90.253082
597.865540, 196.199432, 96.912704, 91.166634
597.248901, 191.950668, 102.449730, 92.524704
598.278687, 192.162064, 100.697258, 97.459007
598.317505, 193.841049, 99.785240, 95.002037
597.073181, 190.995972, 103.085838, 94.871872
598.339478, 191.936005, 102.753609, 98.190773
593.122498, 189.175110, 107.490509, 101.401733
599.192383, 191.815216, 99.548965, 97.405571
598.600159, 188.237595, 98.644951, 98.167793
598.132996, 183.166428, 99.763313, 99.095299
596.166321, 178.095642, 101.568008, 101.399178
589.027222, 172.823029, 105.339653, 104.998779
591.202942, 167.702240, 103.006645, 99.937813
586.838989, 162.715637, 105.631119, 102.931320
590.281921, 160.265030, 99.665154, 98.758591
590.848633, 157.546402, 98.926773, 97.486122
589.211548, 154.842010, 100.657066, 96.731125
587.509644, 156.023819, 104.041023, 97.656670
589.026611, 156.030197, 103.734680, 97.602722
586.914795, 155.954193, 102.097771, 98.163338
677.289551, 370.661041, 10.406106, 9.246842
587.904053, 160.829971, 99.508392, 99.584656
677.826660, 370.644165, 10.964659, 8.835567
677.676025, 370.497009, 11.335390, 8.876631
577.503906, 161.573257, 107.509346, 106.372070
577.159668, 160.229340, 106.506027, 105.663704
577.185547, 158.555969, 106.298042, 105.639236
577.441467, 160.596786, 106.011681, 105.673737
576.693787, 161.912323, 107.784996, 101.405106
584.627930, 161.417709, 102.621483, 99.331116
587.494507, 157.909821, 103.315628, 104.943428
589.203857, 160.061386, 104.644058, 103.417000
594.204468, 160.714478, 103.124779, 99.347473
592.059509, 163.513702, 104.181587, 101.557594
590.953613, 169.557693, 105.789200, 98.418953
593.484619, 173.201096, 97.859444, 97.891441
592.888367, 180.436554, 100.413162, 97.927429
593.124329, 183.599884, 103.013824, 98.610909
591.760620, 187.678253, 101.071648, 95.824944
593.242310, 191.922043, 100.125412, 95.300148
592.495056, 189.901459, 104.364624, 100.112656
594.638794, 193.244934, 101.663086, 97.939316
593.510010, 195.968460, 102.164177, 95.403320
595.460815, 195.400665, 101.823570, 97.665359
594.757813, 196.080780, 98.658684, 94.672401
595.498779, 197.003784, 100.565643, 93.630661
594.688171, 196.174957, 101.531593, 96.392349
595.987000, 196.244873, 100.204300, 94.491287
596.315430, 195.699203, 100.912933, 94.665649
596.545532, 195.389328, 101.029434, 93.892128
598.463745, 194.987106, 101.498077, 97.292580
599.340576, 195.597305, 100.807335, 97.581192
600.529297, 196.182098, 100.792778, 96.245667
598.490051, 193.657043, 100.592232, 96.575882
600.284668, 193.847992, 98.609032, 95.230621
602.083984, 191.791962, 98.527313, 95.595497
601.102539, 186.308685, 101.358643, 97.864983
600.497498, 182.169205, 100.999252, 97.003181
600.225464, 178.384583, 101.286438, 93.440010
598.070679, 170.013809, 103.843872, 101.380371
596.706177, 166.052307, 106.130196, 103.269691
596.611877, 162.910919, 108.843071, 104.430130
597.928040, 165.619690, 107.369278, 104.849663
598.279663, 168.435242, 106.025414, 102.896194
598.313416, 168.945297, 108.035385, 106.814812
598.849487, 169.686829, 106.936050, 103.833267
596.156250, 167.835754, 108.890320, 106.424713
591.408386, 166.511429, 113.430954, 106.075798
595.168274, 164.498413, 105.944008, 105.546173
595.577209, 162.082199, 104.240501, 105.301300
590.303040, 159.270020, 116.422951, 111.732094
595.481750, 160.834351, 105.808418, 101.982399
598.794556, 159.975601, 105.995293, 107.250038
594.116699, 162.046982, 109.451714, 105.721375
590.938660, 164.184937, 113.743027, 109.729279
596.457275, 167.671906, 107.373184, 105.949318
595.930298, 169.820984, 107.324295, 100.529335
593.730347, 167.262421, 110.371040, 107.673996
593.673706, 167.193604, 109.455742, 103.315582
599.726929, 167.369995, 103.663361, 105.159790
593.629700, 161.380569, 111.011436, 106.659584
596.057312, 163.978806, 109.474770, 102.513336
595.178162, 158.941971, 108.814781, 106.905525
596.783691, 159.763229, 107.620552, 104.820923
597.333557, 164.774017, 108.221191, 101.304420
597.993042, 165.716461, 105.633385, 105.731834
595.695496, 165.008087, 108.030663, 107.696785
595.011047, 164.933044, 107.946297, 104.096596
596.751892, 162.879776, 105.260765, 104.078888
595.442688, 160.462341, 103.404213, 105.821396
594.928711, 160.807129, 106.525246, 100.791565
590.044373, 153.702240, 110.630440, 105.128258
590.229187, 154.595749, 111.195358, 105.123802
590.626282, 157.779083, 110.678322, 104.250923
594.923035, 162.114044, 106.534126, 107.117340
590.107971, 162.132355, 114.376122, 109.575195
593.509277, 166.554977, 108.994095, 106.048973
598.018066, 168.514587, 104.801575, 104.965591
595.042969, 170.501175, 107.627167, 104.394165
594.458984, 174.734772, 106.744507, 103.428307
597.096741, 179.267273, 103.904488, 101.380798
595.982422, 182.629868, 102.994545, 100.695251
592.334412, 185.306732, 106.903534, 99.676208
595.915894, 187.785233, 101.537079, 97.711304
596.167114, 191.686890, 99.855553, 97.094543
593.629700, 195.068710, 101.117012, 92.720711
596.603271, 193.638641, 101.316177, 96.878380
589.590088, 192.313904, 102.057892, 95.379013
593.640076, 197.440781, 100.565392, 93.784821
596.218933, 200.609482, 96.446648, 90.713890
593.626892, 197.759827, 103.758247, 93.770340
594.993652, 200.900955, 98.461601, 90.876930
593.604248, 199.999298, 102.613228, 92.323235
592.484192, 201.034561, 99.526535, 88.593765
593.212524, 200.949036, 100.078156, 89.704567
593.211182, 201.140793, 100.027122, 88.924538
594.336792, 201.336548, 100.201340, 90.215630
595.847046, 199.948425, 101.282402, 90.553329
594.770752, 201.141174, 100.455444, 89.771439
594.854187, 201.168503, 100.398674, 89.675972
595.488342, 201.432037, 100.395966, 90.090248
591.162415, 195.206329, 105.436554, 95.458672
592.432068, 197.764938, 103.792274, 92.847000
592.414246, 196.588181, 103.675201, 93.512276
591.875305, 196.231476, 105.241173, 93.913055
592.098816, 195.624481, 105.301407, 94.673195
592.644104, 195.951874, 104.911644, 94.327339
593.674072, 196.223694, 104.203575, 94.151611
593.763611, 195.414871, 103.871284, 95.067863
594.337036, 197.157074, 103.084641, 94.271820
593.421021, 196.658600, 106.712059, 96.262558
599.216003, 198.632751, 101.079903, 96.183693
599.621887, 203.001678, 97.937447, 90.281281
599.546326, 199.686996, 101.686966, 88.758446
599.393921, 200.093628, 101.929482, 89.142517
600.704407, 199.503006, 100.296227, 87.870705
601.528870, 199.930573, 100.001289, 87.358284
601.750671, 199.583786, 100.312103, 88.337830
602.901428, 199.240372, 100.613586, 89.187798
598.751587, 191.998947, 103.626434, 97.851326
599.228821, 197.973022, 104.911522, 94.204788
599.371765, 193.493515, 101.454536, 95.933586
597.395691, 195.897537, 104.610031, 95.434364
602.150208, 198.464661, 100.190941, 90.248627
603.130005, 197.404800, 99.231667, 90.172348
602.402039, 198.459427, 98.981972, 88.762039
600.895020, 197.720428, 99.199783, 91.408249
602.918213, 196.119965, 99.811012, 89.818542
600.394409, 196.038498, 100.272850, 94.460098
597.156189, 193.509537, 106.168755, 99.374680
601.995178, 195.410141, 98.734924, 94.562256
601.485107, 193.480988, 101.755333, 93.735046
602.965881, 194.801025, 97.316895, 91.703888
602.113403, 193.479111, 98.672226, 92.086876
598.363220, 191.704422, 103.743248, 93.601227
599.312317, 191.240433, 104.518608, 95.334778
602.566833, 190.199921, 100.854340, 95.913612
603.441040, 192.869812, 98.606010, 95.471123
603.437988, 193.031540, 98.254936, 95.803345
603.129272, 193.034943, 99.110252, 95.739754
604.013794, 194.663666, 98.213226, 94.876389
602.911682, 192.925797, 99.507698, 97.418587
601.076050, 187.945923, 101.432167, 99.404022
598.392273, 186.344894, 103.692276, 96.161652
596.800232, 178.527130, 104.535934, 102.583084
596.998596, 174.559158, 103.144119, 101.764030
595.235474, 174.505096, 104.825829, 98.903191
590.419434, 170.092285, 111.700546, 103.691956
589.390381, 169.666809, 112.387947, 104.604683
589.994141, 169.018661, 111.739227, 105.307922
589.617676, 169.233551, 111.987160, 105.111549
590.745178, 168.589584, 111.503899, 104.311539
589.623535, 167.656387, 113.740067, 107.197624
590.889343, 167.524689, 111.230957, 106.290802
589.594788, 167.560944, 112.850540, 107.253479
590.311157, 168.312744, 112.110214, 105.688744
588.303406, 166.526718, 114.274170, 107.175957
588.864441, 166.245148, 113.765335, 106.591721
590.662964, 167.409760, 112.133965, 104.491859
590.076538, 166.754456, 113.589043, 104.931778
590.937012, 167.379730, 111.265419, 104.710930
592.312805, 168.377625, 109.183304, 103.083107
595.208374, 171.541138, 107.987061, 104.110229
596.766479, 177.916412, 102.533333, 98.820023
597.227173, 181.528687, 102.899025, 97.964378
595.839722, 180.111877, 105.126373, 100.944336
598.450073, 187.989014, 100.632805, 98.691086
598.878967, 190.894806, 101.271942, 95.946487
595.908997, 191.664871, 102.974762, 95.917717
596.173645, 192.628143, 100.460480, 95.218483
596.234436, 190.503647, 103.392807, 96.611938
593.878174, 191.392578, 103.366661, 95.672813
597.323914, 191.543442, 101.543312, 94.940453
597.592834, 192.924301, 100.461487, 96.019592
597.398010, 189.359009, 104.823433, 101.600723
598.669128, 190.451843, 102.817940, 97.575516
594.191528, 189.052597, 107.297203, 100.667587
600.688599, 192.939972, 101.745438, 94.039513
600.501099, 192.720093, 101.293930, 95.096901
593.849304, 188.293716, 107.439278, 101.794426
592.974243, 188.155746, 108.216972, 101.950226
598.305054, 193.595703, 102.655884, 94.380722
593.589172, 188.874359, 106.971268, 99.989967
594.101318, 189.267792, 106.690514, 98.536980
593.866638, 188.624359, 106.346558, 100.386108
594.465271, 189.841614, 105.568871, 97.436951
594.768738, 190.359772, 104.988701, 97.348541
594.368835, 189.652206, 105.514175, 98.678925
599.149109, 191.874374, 100.965477, 95.984528
595.494934, 190.131821, 104.488998, 96.472969
599.110413, 194.284225, 100.417511, 92.490509
599.899109, 192.588257, 100.138519, 93.136879
600.555054, 190.699570, 99.369080, 93.654930
595.264832, 185.434464, 102.218369, 99.499710
600.033875, 190.820114, 101.297775, 94.524246
598.717773, 188.450104, 104.394424, 97.008430
598.584717, 188.222885, 104.732269, 96.791794
598.940918, 188.953705, 103.702736, 96.111320
599.845276, 188.138626, 103.736633, 95.795219
599.764282, 187.860596, 103.800270, 96.044853
600.701782, 185.709259, 103.005951, 97.267494
600.449341, 190.222748, 100.862587, 96.330612
600.525085, 190.178223, 100.708351, 96.277031
600.596619, 190.245300, 100.192703, 95.746956
599.477844, 190.547470, 100.368240, 95.011192
599.262268, 190.616013, 100.794106, 94.729202
600.368652, 184.904724, 104.381760, 99.379150
599.470154, 185.397903, 104.297523, 98.100761
599.060486, 185.688553, 104.240501, 97.745895
599.526001, 190.127747, 100.207321, 94.562912
599.641479, 189.846924, 99.936264, 94.319084
600.117126, 189.952148, 99.347595, 93.579071
600.142883, 189.505386, 98.739014, 92.390816
601.830505, 186.875076, 100.500809, 95.341301
602.681213, 189.766144, 99.045792, 96.760155
599.950562, 185.562378, 101.755646, 95.438774
604.332764, 187.859604, 99.241432, 91.967232
602.829468, 185.587219, 100.689827, 94.187378
603.215210, 185.899643, 100.395081, 93.564713
600.676575, 185.317505, 102.495659, 97.754662
598.208069, 183.767120, 102.863052, 99.131348
601.592957, 186.657562, 99.209862, 93.820999
598.607239, 183.951401, 100.175568, 94.485977
597.683655, 180.056931, 101.630135, 96.354500
594.814941, 178.213608, 104.268661, 101.178154
593.103821, 172.619354, 104.623138, 104.001305
595.550659, 166.979034, 103.991623, 100.719490
597.063354, 165.036743, 106.361366, 100.595726
596.846497, 161.775848, 104.352654, 104.367920
598.076782, 158.681412, 107.322212, 101.509926
597.620056, 156.415924, 109.105049, 103.636909
598.438782, 161.537689, 107.866028, 101.867363
597.534180, 160.918091, 109.810028, 102.356995
598.557434, 155.836746, 108.207077, 103.641190
594.509460, 154.206299, 113.073769, 107.721916
595.739014, 153.549164, 107.486160, 107.434875
589.440002, 155.147263, 115.010155, 105.935745
590.959412, 159.810989, 112.190170, 105.731094
593.883972, 159.012299, 110.982834, 107.213585
597.535095, 157.389740, 107.513695, 109.651550
594.858459, 159.349365, 108.242241, 103.531036
595.102295, 158.697815, 110.152786, 104.377419
594.678284, 155.593048, 112.797302, 104.865944
593.007141, 154.190308, 112.406975, 103.488518
592.143066, 153.731873, 113.864822, 106.090347
594.394897, 156.008209, 110.515770, 104.651016
592.576355, 157.727097, 112.682060, 104.583786
596.245911, 161.747986, 107.813034, 102.521545
597.881836, 164.847275, 106.159302, 101.695908
598.105225, 167.438690, 105.806778, 105.152390
598.113220, 168.309143, 105.816795, 103.832130
597.823242, 168.012283, 105.161911, 103.308777
592.349670, 164.378983, 113.918564, 107.548721
594.944580, 164.668549, 107.162056, 102.793251
594.175415, 164.171082, 109.704056, 104.794891
595.389771, 165.202011, 104.996140, 103.906235
595.493591, 168.266495, 105.609825, 102.317253
593.611206, 169.743179, 102.539383, 96.496414
592.551208, 172.902222, 103.100777, 98.164673
589.312744, 179.739807, 100.818802, 92.810005
587.913818, 180.637375, 101.260666, 97.289619
588.082703, 182.308350, 98.123123, 93.976120
590.343262, 183.911819, 98.406281, 94.875336
587.909790, 182.719849, 104.440857, 95.895210
590.527832, 182.362656, 104.439789, 98.242409
594.745972, 184.563324, 102.886108, 93.473259
594.428284, 185.189545, 106.564117, 95.400040
596.990234, 186.460693, 102.434418, 94.776993
597.247925, 186.573380, 99.447586, 93.676567
596.778503, 188.587677, 97.875130, 92.093185
595.829346, 187.041870, 100.507988, 95.621170
593.350159, 188.562561, 98.454918, 94.313042
593.043579, 189.010223, 97.607986, 94.341125
593.122742, 189.279785, 102.087814, 93.333931
595.236023, 192.604919, 95.947258, 92.852760
597.267456, 193.739624, 96.240677, 92.127686
597.970642, 190.176056, 101.986626, 95.560570
598.511963, 190.482864, 101.406082, 95.036942
591.984375, 188.221252, 102.891968, 98.374138
591.571106, 188.031494, 102.903122, 98.904778
591.944702, 189.571777, 101.149834, 96.685944
591.229248, 189.779739, 102.494713, 96.949379
590.679871, 189.327942, 102.789017, 97.433937
590.712830, 189.827057, 102.224098, 94.955025
592.928833, 195.542435, 99.499825, 90.029541
590.621704, 191.762527, 102.785927, 94.242348
590.821106, 191.479156, 102.945213, 95.478836
591.671692, 193.046204, 102.743591, 95.126602
592.030334, 194.071045, 102.646561, 93.770378
595.950684, 194.077530, 101.810585, 93.423653
598.164246, 195.992889, 98.225952, 92.364044
597.822876, 196.110794, 99.046989, 92.152962
595.806274, 193.064743, 101.691124, 94.567154
595.142944, 192.589554, 100.208206, 94.204643
592.607239, 187.400391, 104.217377, 100.617027
597.060059, 193.200577, 99.513680, 94.262550
598.642761, 192.764496, 99.166016, 94.792671
594.138916, 190.043854, 106.498344, 99.529556
599.507996, 194.212097, 102.320435, 94.634796
597.953186, 192.800049, 104.239677, 96.586571
599.737061, 192.261337, 99.869606, 93.571365
601.327637, 191.998596, 98.304962, 91.942192
600.305054, 189.466217, 98.156898, 95.645706
599.563049, 188.753891, 102.155106, 94.543938
599.861084, 186.256500, 101.070389, 97.667778
599.519348, 183.588562, 102.977844, 99.057983
602.880493, 181.887360, 99.898712, 95.947342
601.822205, 174.338028, 101.410492, 97.101929
598.733032, 167.376770, 102.747559, 99.249107
596.653931, 163.459930, 106.519699, 99.932381
597.691772, 155.481812, 102.053543, 105.129959
596.711304, 151.750061, 101.577339, 106.699196
596.957092, 150.055420, 103.321358, 105.474518
597.511597, 150.093063, 102.231285, 103.745552
597.851135, 148.645126, 104.593651, 104.678947
597.066650, 144.216843, 105.446953, 110.765182
595.886475, 142.888855, 106.132965, 110.017723
599.138306, 148.737793, 104.047577, 104.567032
597.637146, 144.616516, 102.830414, 104.557220
596.973022, 143.047028, 104.078636, 105.012138
597.815735, 140.848816, 106.154327, 103.970367
597.145081, 140.014450, 105.590981, 104.429672
598.510864, 141.643173, 105.174637, 100.806709
596.286194, 141.436356, 105.451363, 100.110100
595.852661, 139.897186, 106.926094, 102.945061
596.632507, 140.919052, 107.358063, 106.177628
596.860779, 143.345474, 106.140335, 107.043938
599.402161, 147.229294, 104.366325, 104.569763
597.298767, 147.525711, 105.166069, 104.897942
594.244934, 147.826324, 103.320915, 106.455177
593.594238, 148.158615, 108.229073, 110.840599
596.951660, 152.265549, 101.623962, 107.591248
594.516357, 150.990662, 110.072456, 106.959236
593.384644, 153.019409, 108.727890, 104.189072
596.624817, 152.633636, 101.748840, 105.928223
595.210754, 153.730042, 105.568680, 102.438866
598.147949, 154.506531, 102.764511, 104.549454
595.593384, 154.682190, 107.004601, 105.383934
598.837402, 153.780731, 103.070847, 104.749298
597.068298, 153.623825, 106.737007, 102.508797
597.957520, 163.952835, 101.486168, 97.813393
597.128174, 164.329285, 102.535797, 100.182846
595.444153, 169.337997, 103.485176, 101.968605
596.442383, 174.643326, 101.328018, 99.510941
595.061340, 176.903519, 100.943550, 98.417786
598.802307, 178.375458, 101.337601, 98.757599
596.071411, 178.946075, 101.276039, 96.826256
592.386536, 180.208984, 99.499825, 92.810730
592.440430, 183.185593, 100.566650, 96.305038
594.358887, 185.467346, 98.892441, 93.233086
591.192505, 187.203430, 102.829910, 93.941666
587.378052, 190.139694, 104.893372, 93.926659
587.966980, 190.622879, 97.880424, 91.071106
586.620239, 188.499908, 101.862251, 97.090088
589.673279, 190.961243, 99.258820, 96.498863
588.022034, 190.707306, 101.640343, 97.103546
594.080811, 195.964783, 93.665596, 93.008049
595.812500, 198.902451, 95.004738, 93.067726
596.153809, 196.705460, 99.431961, 92.475952
598.217529, 200.097321, 97.790894, 92.056641
599.515808, 205.013794, 96.828026, 88.525490
593.714478, 198.754517, 104.437523, 96.983406
602.016357, 205.640457, 96.913460, 90.944839
602.573364, 206.418732, 96.199974, 91.248306
600.029907, 205.565643, 98.835602, 91.175323
597.584534, 203.626587, 101.941513, 94.266548
601.305176, 207.124817, 96.009315, 88.916199
597.934692, 204.798950, 101.146942, 93.418747
598.207275, 203.550034, 101.759048, 94.292969
597.933899, 205.555008, 101.078957, 92.161362
597.454590, 205.525009, 101.265640, 92.712624
603.320129, 207.873947, 95.025787, 88.468864
596.237244, 206.890350, 102.076729, 91.225876
596.519287, 206.164612, 101.828102, 91.610596
599.079468, 205.492645, 99.302361, 90.429901
599.084290, 204.628754, 101.159164, 95.085457
594.260071, 202.059036, 103.106064, 95.024025
592.683044, 199.013931, 104.227959, 95.276749
598.274536, 204.077026, 100.110924, 90.822212
598.590027, 200.200943, 101.002090, 94.742409
598.634583, 199.176819, 97.729462, 92.387764
597.630371, 195.696350, 101.044113, 95.901924
596.707153, 194.149689, 101.142784, 95.709641
593.727417, 192.490311, 104.034279, 98.175125
593.759460, 194.160034, 104.093376, 96.763023
594.043091, 195.240509, 103.263397, 95.790276
595.992249, 192.053604, 102.656326, 98.759941
597.615784, 196.082825, 99.008751, 95.195183
598.056885, 194.519165, 99.079689, 95.575790
598.023254, 195.834778, 99.773651, 95.097549
598.585266, 201.490662, 96.926445, 93.079109
594.200195, 197.102127, 102.702507, 96.135620
596.134094, 200.137100, 100.517632, 92.356415
600.701660, 200.012299, 98.158470, 92.469315
596.135925, 197.352325, 101.947502, 94.315155
597.248535, 201.279022, 99.283707, 91.155243
597.783813, 201.252579, 98.893196, 91.172508
598.935364, 201.780869, 97.404221, 91.993294
597.854858, 201.245148, 98.733032, 92.609535
597.096497, 201.014801, 99.655823, 92.546913
597.873657, 202.030823, 98.068748, 91.883308
596.917297, 201.271942, 99.109558, 92.311195
594.635620, 198.598984, 104.555473, 94.415428
596.336975, 200.812317, 99.041260, 92.088142
596.165771, 200.780716, 98.902580, 91.613350
595.999512, 201.275696, 98.876808, 91.797089
595.803589, 200.504471, 99.113213, 91.782326
596.146790, 200.727615, 98.366776, 91.085495
598.105042, 197.832520, 99.163933, 93.309052
596.010620, 197.937927, 103.506973, 93.767418
597.634033, 197.173828, 100.941414, 93.183868
598.025635, 197.545105, 99.966133, 92.865738
597.613525, 196.410706, 100.873550, 94.399567
595.751709, 197.844986, 101.144043, 92.373123
596.284851, 198.899185, 100.786667, 91.952339
595.058716, 194.687317, 105.214264, 98.674171
597.246155, 195.391739, 102.758713, 97.103210
597.440063, 195.249771, 100.498535, 96.679626
596.776367, 197.481308, 100.525505, 95.204887
594.871765, 193.953110, 104.146492, 99.203011
598.612000, 196.136536, 99.533279, 94.923012
596.859558, 196.494720, 101.160927, 95.541527
596.538269, 196.426361, 100.866936, 95.413940
596.728882, 195.325333, 100.153702, 96.104218
598.299011, 192.138397, 102.289627, 98.490791
597.248474, 196.345490, 100.607918, 94.764351
596.768738, 195.393524, 98.849785, 94.829750
593.436829, 191.235687, 102.217545, 97.033562
596.122375, 192.618759, 100.378952, 96.023827
593.437927, 187.969055, 102.111069, 100.348854
595.931274, 192.103821, 99.844406, 96.051788
592.485352, 187.395691, 104.707756, 104.136276
594.132263, 192.278702, 101.590759, 97.803558
593.142822, 192.160736, 105.130028, 102.131050
599.909851, 199.332825, 98.999550, 94.310272
599.746216, 201.969498, 98.364250, 92.857193
597.690918, 195.710968, 104.697426, 98.992104
600.427002, 201.247467, 97.821892, 91.200943
599.687988, 200.274719, 98.561150, 92.680359
597.613037, 197.109970, 102.037415, 96.064362
597.484253, 197.008575, 102.242180, 95.775314
598.021362, 197.522217, 101.304207, 95.324104
598.148560, 197.879440, 101.019600, 94.525406
596.526733, 195.844299, 102.167328, 96.164925
596.462463, 195.811661, 101.572357, 94.811134
596.588318, 195.839996, 101.558060, 94.662178
596.309448, 195.167847, 102.026703, 95.052330
596.331665, 195.104462, 102.859016, 96.529480
596.674316, 195.836395, 101.310692, 94.171349
596.331360, 195.817093, 102.115540, 95.538345
595.679321, 196.076691, 101.851036, 94.222092
595.447205, 195.841431, 102.102623, 94.269394
596.066589, 195.525284, 101.173843, 93.234383
595.128967, 193.801102, 101.911964, 95.001305
594.991455, 194.305252, 102.588593, 95.116737
594.398010, 194.424393, 103.451408, 96.401985
595.029846, 194.843155, 103.364586, 96.202934
595.042664, 194.858398, 103.375038, 96.226357
592.542908, 190.554977, 104.704414, 98.150063
593.946167, 192.128357, 102.749512, 96.074722
592.327576, 189.702606, 104.689041, 99.112343
592.521912, 190.036591, 105.129211, 98.766953
593.530884, 192.027939, 103.945061, 97.065033
593.004700, 190.204254, 104.625595, 98.450806
593.434326, 191.236038, 103.834419, 98.232994
592.675903, 188.968826, 105.046478, 98.698143
593.708923, 192.011612, 103.909523, 97.234009
593.587219, 191.793579, 104.021805, 97.527534
595.109070, 192.170868, 102.130531, 96.440399
593.730408, 191.526321, 103.960564, 98.224945
593.602417, 188.766129, 104.226074, 98.898743
594.632080, 191.023636, 102.754234, 96.761650
594.630981, 191.187637, 102.530373, 96.446312
593.809265, 189.485352, 104.260223, 98.596901
594.896606, 191.042908, 102.640953, 96.572548
597.667480, 194.300720, 101.618225, 94.637276
595.377075, 193.409149, 101.656792, 94.265862
594.225525, 191.486496, 102.895248, 97.892693
595.328491, 193.048370, 102.346207, 96.149193
