273.139587, 74.392303, 52.230984, 54.421906
273.522552, 75.048035, 52.359802, 52.782707
273.557220, 74.997482, 52.329117, 52.774132
272.210175, 73.792839, 53.142311, 54.545090
273.048889, 73.974930, 52.460613, 53.144466
272.781433, 73.232567, 52.522957, 53.454460
271.545593, 71.502579, 53.974754, 54.279827
272.000122, 71.944572, 53.907055, 52.872452
271.193939, 70.972679, 55.326752, 54.803997
271.258972, 70.975098, 55.260468, 54.847988
273.037445, 73.907921, 53.147224, 52.230125
272.529205, 73.539665, 54.515289, 53.815491
272.712677, 74.625656, 54.314548, 53.589539
269.996613, 75.783051, 56.101070, 55.237999
273.075806, 77.895279, 53.432487, 53.098515
272.136383, 79.211662, 54.939953, 54.440918
271.914795, 80.657745, 55.144344, 54.336880
272.594849, 82.752792, 54.213737, 53.871437
272.769897, 83.508614, 54.432499, 53.957859
272.012878, 84.709335, 55.562866, 52.938316
269.444580, 86.758530, 57.212223, 52.887188
271.596497, 83.852798, 54.806629, 53.360756
271.072357, 82.538086, 55.072296, 53.245670
271.288330, 81.860695, 54.848530, 53.311062
271.331207, 80.367638, 54.229584, 53.109169
270.872894, 77.962334, 54.877419, 53.647976
271.394379, 77.081116, 54.799637, 53.627987
271.341583, 76.349945, 56.764843, 54.639133
271.399963, 76.399261, 57.307487, 54.496796
276.417175, 77.197067, 54.883846, 52.417770
279.041138, 76.620255, 53.657043, 54.005722
282.756805, 76.317551, 52.542362, 53.071808
285.308014, 74.161011, 53.786427, 52.108109
286.183594, 72.951004, 53.689430, 52.983128
287.353027, 72.530251, 55.528275, 52.750832
290.627777, 71.258881, 53.334324, 51.767456
293.297485, 68.923798, 51.324036, 50.671577
295.099030, 68.481567, 51.934475, 50.852306
295.716980, 67.901840, 54.341515, 52.194393
297.484436, 66.252563, 53.888783, 53.004910
300.079773, 62.981567, 52.156384, 51.363789
302.006592, 63.422558, 51.192162, 50.571621
303.112976, 63.044220, 53.438538, 53.541763
305.132477, 61.207718, 52.944660, 52.366249
308.475769, 61.990883, 51.169922, 50.841522
309.420624, 61.735657, 51.275204, 51.160515
309.752045, 61.076721, 52.427944, 52.251648
309.957367, 60.079521, 53.910583, 53.762192
311.426392, 60.947124, 53.165939, 52.673359
312.036346, 60.383194, 52.533131, 51.736835
312.119110, 60.352509, 53.283886, 53.475296
310.659698, 57.936417, 52.569328, 51.797958
310.747406, 57.664673, 53.541931, 51.780800
309.861542, 55.048027, 53.835983, 52.115784
309.703522, 53.859383, 53.950718, 52.293331
309.710327, 52.828526, 53.683128, 51.838226
309.334442, 52.035744, 52.194504, 52.106552
308.694397, 50.048988, 54.322392, 51.297543
309.576111, 49.732559, 53.672955, 52.340782
309.460236, 49.182076, 54.381588, 52.963665
309.158386, 49.586121, 55.398609, 52.744381
311.116699, 49.285709, 52.335796, 52.095600
312.081329, 49.069309, 51.776894, 52.957367
311.957275, 49.864670, 51.979557, 51.973957
311.919312, 49.678505, 52.353909, 51.205776
312.911560, 50.523796, 51.391830, 51.370651
312.168823, 50.895103, 51.505150, 51.029827
313.216370, 49.008347, 50.101803, 51.582264
311.273346, 51.421822, 53.680733, 50.401062
311.094360, 50.350571, 53.286217, 51.868294
311.933685, 50.322670, 51.768578, 51.008507
310.188446, 49.117088, 55.813381, 53.522808
310.081055, 49.550201, 55.429546, 53.525246
309.859558, 49.690170, 55.432442, 53.215511
309.241028, 50.418613, 55.515106, 53.888374
309.927856, 50.703495, 54.226181, 51.795406
308.608582, 51.758690, 53.242176, 50.945736
308.744629, 50.538467, 56.606541, 54.619606
308.051636, 51.933334, 56.701836, 53.859833
307.982086, 50.175953, 56.495647, 54.199177
307.618286, 50.630672, 56.502735, 54.484600
307.562439, 50.877136, 56.237823, 53.845123
306.415558, 49.465141, 57.211720, 55.773754
307.043060, 50.665115, 54.287804, 53.873707
306.961731, 50.356781, 53.061852, 53.442226
305.011444, 50.237236, 54.930283, 54.147175
304.952728, 49.885036, 54.972275, 54.755028
303.627777, 49.428169, 55.107265, 53.821362
303.159302, 51.265457, 58.286674, 56.095806
302.905426, 50.990238, 58.060890, 56.127258
300.739044, 51.773476, 59.687752, 56.261723
300.538361, 51.481644, 58.464165, 55.809135
300.198334, 51.678570, 58.628231, 56.990749
299.567932, 51.968609, 57.582039, 54.257195
300.198090, 50.120998, 54.789146, 52.947929
299.198059, 50.040066, 53.889004, 52.023613
298.379059, 50.587688, 53.975636, 51.599453
299.633087, 50.601017, 53.311169, 50.597439
299.396088, 51.298805, 50.775593, 49.429607
298.049011, 51.573925, 50.440117, 49.348740
297.072510, 51.452293, 52.263844, 50.447529
295.768341, 52.174606, 54.259480, 51.477139
296.454987, 51.343525, 52.216270, 52.245052
296.402893, 52.521206, 51.021729, 49.461994
295.263031, 52.602867, 52.010273, 51.056377
296.203003, 53.694893, 52.121323, 50.802605
294.469543, 51.848312, 52.954899, 52.538761
294.399841, 52.665901, 52.020794, 50.909149
293.912689, 53.320442, 52.834305, 51.350864
293.763153, 54.257305, 52.132030, 50.016476
293.529907, 55.059357, 52.054596, 49.519737
292.729309, 53.994202, 53.620750, 51.068783
292.937561, 54.263725, 53.380695, 51.672291
292.793793, 53.969498, 53.892090, 52.693672
293.598206, 56.471123, 52.838997, 51.073315
293.829681, 56.402550, 52.008507, 52.853859
294.073639, 56.627384, 52.096180, 52.781624
293.690399, 56.657860, 52.460045, 53.566612
293.745209, 56.831760, 52.512592, 53.711536
293.262878, 57.485359, 54.718044, 53.960968
294.099854, 56.649479, 52.433960, 53.690506
294.154938, 56.770393, 52.033962, 52.490494
293.852936, 56.163895, 52.714558, 52.720470
294.272034, 56.780205, 53.205128, 52.169697
293.743469, 56.205658, 53.159702, 52.513332
293.480438, 55.995079, 52.632870, 51.692554
293.741150, 56.035336, 52.363297, 50.801514
293.867920, 55.730667, 51.787418, 50.792137
293.985352, 56.679955, 53.248413, 50.334557
293.196320, 56.204414, 54.504074, 50.005062
294.614960, 55.943306, 52.577110, 50.657616
293.310333, 55.346806, 53.037468, 51.639759
292.960175, 54.323021, 53.769386, 51.833599
294.225983, 54.476650, 53.886074, 50.766109
295.408997, 55.101711, 53.006027, 50.794430
295.398438, 54.608147, 53.368378, 50.561108
295.385193, 54.595787, 53.201035, 50.373707
293.968445, 53.582108, 54.415455, 51.888199
294.286072, 54.251114, 52.979534, 49.790585
293.568665, 53.450867, 53.556454, 50.983002
294.377930, 54.133339, 53.230614, 50.065662
295.299683, 54.208519, 53.444080, 50.325996
294.173981, 53.867710, 54.225426, 50.686729
294.464478, 53.699364, 55.096050, 50.672493
294.978821, 53.516403, 54.708717, 51.199036
295.757202, 54.158745, 52.564476, 49.566841
295.757782, 52.182632, 53.776817, 51.117161
294.291901, 53.392815, 53.508095, 50.129951
294.571198, 52.730309, 52.668564, 49.544056
294.383453, 52.259056, 52.378513, 50.222797
293.657318, 52.179192, 51.415081, 50.412807
293.762482, 51.774521, 52.203514, 50.699554
293.419098, 51.132214, 52.531212, 51.648670
293.862518, 52.435894, 51.403267, 51.028656
293.528656, 52.741203, 51.461800, 49.916725
294.751526, 52.024715, 50.814564, 50.756447
294.030121, 52.776466, 51.839840, 51.976158
294.817078, 52.149197, 52.550900, 52.236164
296.468323, 52.719227, 52.006493, 49.940887
295.971283, 54.450081, 52.694744, 50.009953
296.532867, 54.632011, 51.866051, 49.590752
296.262299, 54.960533, 52.231804, 48.834148
294.688354, 55.742760, 53.861816, 51.096638
295.186676, 56.318878, 53.438034, 50.618782
296.237427, 56.751904, 53.206139, 50.746284
297.095459, 56.887943, 50.834160, 48.976826
297.486664, 56.791485, 50.445724, 50.356792
298.030090, 56.120842, 52.211514, 50.954639
298.385620, 56.777100, 52.026970, 51.695972
298.250397, 58.144783, 51.951832, 51.684330
298.457245, 58.249146, 51.826859, 51.336338
298.048615, 57.779373, 52.094669, 51.930058
297.091980, 58.912880, 54.956146, 53.405945
297.528687, 58.067104, 53.192844, 51.983513
297.628937, 57.997116, 53.536449, 52.757706
296.323822, 59.244644, 56.332649, 54.328838
296.117920, 58.834541, 55.462559, 53.567379
295.499573, 60.504093, 57.673996, 54.678741
295.981934, 60.683788, 57.192375, 55.115646
295.988098, 59.821869, 54.394188, 53.598064
295.497345, 58.500229, 56.298878, 56.573174
295.122223, 57.957649, 54.546288, 54.526592
295.293091, 58.355808, 54.336475, 54.473778
295.009399, 58.967590, 54.319622, 54.007542
294.657623, 58.669594, 54.494244, 54.219650
294.709747, 58.504761, 55.704758, 55.568256
295.270325, 59.784164, 54.979176, 52.953129
295.343323, 58.532875, 55.903481, 55.663570
294.557556, 58.803082, 57.466232, 55.728249
295.396484, 59.062683, 57.394058, 55.446236
295.733551, 59.306206, 57.281593, 55.579422
297.363892, 60.272598, 55.611351, 54.141094
298.882263, 60.270378, 55.073086, 54.824516
300.615448, 60.999565, 53.451233, 53.394756
299.283600, 61.997593, 55.576855, 53.780003
302.188232, 61.780807, 53.363811, 55.101910
302.548706, 60.728325, 52.859097, 53.215313
303.667206, 58.032486, 54.738804, 56.618336
304.089203, 58.252533, 54.399734, 56.518814
303.935852, 58.145367, 54.868473, 56.839397
304.168884, 58.847183, 54.561440, 56.724232
303.951019, 59.334045, 54.190331, 56.277748
303.838531, 58.228531, 54.707806, 57.273453
303.483704, 58.700893, 55.092899, 57.515079
303.255249, 59.974281, 53.843765, 56.199184
298.296692, 59.196602, 57.041161, 55.544308
298.153473, 58.611950, 56.490452, 55.219440
298.776398, 57.260071, 55.222126, 54.863564
297.254303, 55.540329, 56.500183, 56.231522
298.108826, 55.360046, 55.044258, 54.170444
296.690674, 54.415497, 55.409100, 55.345280
295.597656, 52.371643, 56.336933, 56.268623
295.017212, 51.863411, 55.712761, 55.667652
295.711945, 51.608025, 55.464230, 56.094231
294.403809, 52.798843, 55.964787, 53.730637
292.918579, 55.200417, 58.066120, 54.357491
293.547150, 51.977371, 57.101173, 56.766792
292.922577, 51.639744, 58.513214, 58.598026
292.108856, 53.792637, 56.288200, 54.844055
293.218597, 54.585892, 54.778309, 54.376842
291.745972, 56.432198, 56.663277, 56.274605
291.905914, 56.401009, 55.841736, 55.243023
292.820160, 56.952698, 55.141541, 55.012764
289.524353, 57.162590, 56.782738, 57.693005
286.482727, 57.560959, 59.000603, 59.034386
286.295227, 57.635078, 58.660049, 58.550812
288.121735, 55.999283, 58.429005, 60.288429
285.772614, 58.879311, 57.029598, 57.701927
285.568604, 61.648842, 56.515400, 57.100414
282.935425, 65.137543, 59.984104, 57.443726
286.171875, 69.646835, 55.715092, 56.748428
284.203674, 69.397095, 57.185696, 58.606594
283.624451, 75.109261, 58.002106, 56.795135
281.687073, 81.045891, 57.247852, 56.429672
280.778412, 81.543442, 57.596340, 60.527504
279.183105, 83.400673, 57.894711, 61.099419
278.579590, 89.007065, 57.563137, 57.303982
275.767090, 85.926437, 58.967175, 61.499943
272.015381, 84.883652, 63.573967, 64.758575
269.578003, 87.968323, 60.344437, 60.240372
272.813660, 92.183167, 57.855740, 56.428638
268.483063, 90.738968, 59.628872, 58.812740
267.499756, 91.735535, 59.720261, 58.165775
267.512756, 91.078331, 62.651802, 63.287804
266.339661, 92.221603, 59.885529, 59.632725
261.610596, 94.546982, 63.000324, 60.217655
262.649384, 96.065109, 61.198364, 58.925335
263.743622, 96.863388, 60.904125, 61.460197
261.806335, 96.074539, 62.219387, 62.623287
263.190826, 100.690704, 58.740856, 57.079742
258.968964, 96.252678, 60.123096, 59.820934
259.280914, 92.445786, 59.100876, 60.639362
257.788818, 89.732552, 59.972824, 60.850792
253.686752, 85.459991, 63.051750, 62.651772
255.328522, 81.970604, 61.838417, 63.308483
253.341965, 78.593391, 62.683540, 64.657822
255.263245, 75.639534, 60.441956, 62.837238
252.514450, 72.759575, 62.984066, 64.064941
250.367874, 69.958244, 62.462875, 63.157959
248.656342, 68.553322, 63.846691, 62.971058
250.411392, 67.894722, 62.195084, 63.428139
249.866867, 66.822914, 61.657635, 61.042305
248.720261, 66.113678, 61.498985, 60.805397
248.180267, 64.951408, 61.775253, 61.019527
248.210358, 63.979332, 60.732922, 60.581936
246.693283, 62.393684, 61.586880, 62.287411
245.418976, 62.433197, 61.010117, 61.343494
245.337234, 62.225502, 61.269753, 61.839725
245.045242, 61.967522, 61.186111, 61.517471
243.953506, 61.779148, 62.067669, 61.562107
244.559235, 61.949303, 60.977150, 60.976768
244.161636, 62.127373, 60.971039, 60.308712
243.902100, 61.969238, 61.335091, 60.808567
244.310120, 62.135750, 60.665787, 60.425838
244.406143, 62.185310, 61.091839, 60.053562
244.380951, 62.018948, 61.211391, 60.140656
242.957535, 62.168243, 64.606064, 60.699677
244.914902, 61.745586, 62.008347, 60.707096
245.497467, 62.547165, 61.206539, 60.431000
245.104858, 62.577377, 62.468578, 60.876125
246.385223, 60.200974, 62.424614, 64.427528
246.361664, 59.708817, 62.666355, 64.666374
246.277588, 60.799454, 62.976048, 63.473347
246.113678, 62.856331, 64.536484, 64.181900
249.209991, 59.667336, 62.904381, 64.770996
249.803680, 59.207283, 62.956818, 65.156387
250.502777, 59.060066, 63.369053, 64.627708
248.173508, 61.356361, 65.234413, 64.437210
250.062317, 61.251602, 65.138054, 64.357361
253.600052, 61.269173, 61.691219, 61.378078
254.878281, 58.207607, 63.639885, 65.182655
255.948624, 59.233704, 63.059013, 63.809608
256.404022, 60.958725, 62.942924, 60.460747
258.153778, 58.842873, 62.820503, 63.593468
259.056946, 59.414436, 62.334564, 62.978626
260.588776, 59.529007, 61.918530, 62.715153
260.817749, 59.879608, 62.290207, 62.676311
259.755707, 59.964165, 64.866890, 62.860378
261.572937, 61.285576, 62.647266, 60.066227
260.828186, 60.109364, 64.647568, 62.126720
263.032745, 60.699757, 62.109188, 60.696999
263.540314, 61.102566, 62.223988, 59.694675
264.168549, 61.271217, 61.778057, 59.859978
264.938934, 61.103745, 61.223537, 59.681522
266.233917, 59.149200, 62.270012, 62.163223
267.027405, 59.149052, 62.367168, 62.251720
267.225159, 59.051937, 62.780399, 62.116669
268.030090, 58.680412, 62.875160, 62.647114
268.712982, 58.522896, 63.537487, 62.536800
269.668335, 60.069298, 62.230572, 60.170242
270.343719, 59.708580, 63.093857, 60.424564
271.878418, 59.243240, 62.384590, 60.680576
271.563568, 60.777454, 64.882484, 60.890587
273.803955, 61.351974, 62.610123, 58.565899
273.512573, 62.235268, 62.648842, 57.977768
275.066193, 61.818508, 62.446022, 57.832470
274.908478, 60.627098, 64.584686, 59.295334
274.700409, 60.956696, 63.525955, 59.366154
276.446960, 57.841240, 65.416626, 61.452545
278.175171, 61.023186, 62.659805, 57.414192
279.939880, 60.819080, 60.794968, 57.122620
280.068909, 59.849506, 62.127178, 58.172688
280.093811, 59.972473, 62.462688, 57.946033
278.658112, 56.731392, 65.544464, 60.850075
281.294067, 59.478836, 62.843372, 58.559460
280.817780, 60.007759, 63.966339, 60.074863
282.023041, 58.263721, 62.822613, 58.440075
283.331940, 58.652008, 61.345108, 58.231480
283.194061, 57.965675, 61.608791, 58.555317
283.395081, 57.890453, 61.515007, 58.810146
282.577728, 58.715530, 63.405674, 59.127579
282.730194, 61.752544, 60.658493, 56.507950
283.767212, 58.553421, 62.286049, 58.431065
283.055145, 59.459980, 63.199047, 59.181576
283.455933, 58.831451, 63.417835, 59.417068
281.770782, 58.714020, 65.180824, 60.884876
281.847046, 58.480705, 65.827652, 61.338451
281.026428, 57.959030, 67.455864, 61.840149
281.303436, 57.798904, 66.498825, 62.047680
282.114655, 57.672836, 64.841469, 61.621208
281.969696, 57.264645, 65.821976, 61.779064
282.637146, 57.598042, 65.218628, 60.760998
283.660065, 57.716400, 66.645950, 59.855907
283.882477, 56.645370, 67.683952, 59.863548
284.831024, 57.310753, 64.178169, 59.377453
285.134735, 60.260414, 63.309528, 55.405163
284.416687, 55.812347, 64.671951, 58.778896
284.365234, 56.254242, 66.326881, 59.169483
284.323151, 57.288395, 67.144173, 58.549854
285.298401, 58.716537, 64.510399, 56.622608
285.682526, 59.262245, 64.110245, 56.015427
285.604553, 55.241631, 65.634720, 59.779572
285.910767, 56.737984, 65.089622, 60.361065
287.101044, 57.987629, 64.157631, 58.593838
287.935364, 56.012413, 64.262688, 59.555168
288.718842, 57.044006, 62.451378, 57.793812
288.627502, 57.425953, 64.178986, 59.844318
287.852295, 56.357967, 67.222549, 61.655979
289.047394, 56.879616, 65.332321, 61.634808
289.164032, 56.957703, 65.450867, 61.565525
289.533417, 56.385750, 67.307137, 61.961472
290.035461, 56.453205, 65.467628, 62.997417
290.250000, 57.141129, 65.672340, 62.277260
289.951569, 56.406612, 68.010384, 63.052711
291.037750, 57.108738, 65.212799, 62.117519
291.246735, 56.426300, 67.277618, 62.989895
291.028839, 57.642342, 65.834518, 61.996517
290.670441, 57.410576, 66.294495, 62.376953
291.063843, 57.393768, 65.532745, 61.769573
290.970490, 57.144527, 65.758560, 62.266239
290.755798, 56.953842, 65.990738, 62.384716
290.807373, 58.451546, 65.249153, 63.038601
290.448181, 58.148155, 65.074654, 62.682411
289.465118, 57.800362, 67.233643, 63.551117
290.072662, 58.358635, 67.660042, 62.629211
289.590515, 58.131523, 66.064583, 64.466835
289.229279, 58.146599, 68.371948, 66.985016
289.765228, 56.535866, 67.405777, 64.291527
289.192596, 56.170265, 68.432182, 64.168549
290.072876, 55.647919, 66.905190, 64.889297
289.466492, 55.049347, 66.480049, 64.311256
292.426392, 59.398125, 64.295868, 57.350754
290.304321, 53.025223, 66.775612, 60.409973
292.242737, 50.982899, 67.250587, 61.244011
292.121613, 51.352245, 67.254341, 59.754185
291.631683, 49.926193, 68.281219, 60.470596
292.036438, 50.299137, 68.789337, 60.211441
292.464539, 50.183620, 68.705063, 60.716091
293.477448, 50.326416, 67.033630, 60.361591
293.903778, 50.859245, 66.806870, 60.193966
293.611816, 51.744995, 67.216469, 60.851742
293.309204, 53.023762, 66.023598, 61.590858
293.172821, 53.418648, 66.371178, 61.985146
293.567017, 55.411560, 66.540855, 61.812675
293.351746, 56.210030, 65.129852, 61.920254
290.534454, 56.113159, 68.805344, 63.786499
291.802246, 56.820465, 67.950722, 63.195782
291.823334, 57.181633, 68.772293, 64.925331
292.457672, 56.657875, 68.080200, 65.310822
294.203827, 58.991882, 64.823700, 65.886879
296.725525, 59.747913, 63.678337, 64.493004
293.177704, 58.232353, 67.844963, 65.638351
296.250305, 60.632362, 65.679359, 64.783058
293.241943, 59.049152, 67.068123, 65.091125
296.284363, 60.338356, 65.138077, 65.061798
294.667786, 60.214420, 65.287056, 65.083282
294.071320, 60.599380, 65.304092, 64.693420
294.160553, 60.019302, 65.895950, 65.039009
294.515991, 59.981728, 65.374352, 65.068153
294.534912, 59.951176, 65.609047, 65.290131
294.456573, 59.906399, 65.689949, 65.411835
294.720276, 59.741737, 65.322586, 65.661987
294.397797, 60.368355, 66.141075, 65.320114
294.287079, 60.641235, 66.184799, 64.964699
293.590668, 60.205334, 68.335373, 65.755814
293.451019, 60.140556, 68.625900, 65.908783
293.401520, 59.756836, 67.772758, 65.974937
295.234314, 60.063858, 66.051987, 65.620750
295.129944, 59.921524, 67.598732, 67.068054
295.309326, 59.679970, 67.714035, 67.283409
294.745331, 59.759697, 67.621475, 66.547806
293.246796, 59.695732, 70.070671, 67.750763
292.721527, 59.108459, 69.540031, 68.226929
293.332489, 59.799442, 70.247086, 67.806061
293.744568, 58.985794, 68.746460, 66.889282
294.063507, 58.713821, 68.383194, 67.081573
294.540009, 58.838356, 67.826530, 66.599686
294.653137, 58.635590, 67.383469, 65.908203
295.705353, 58.432468, 68.562798, 66.638580
298.448578, 60.016163, 63.486259, 65.104546
296.329346, 59.996490, 65.206940, 64.799751
295.219391, 59.803440, 65.379890, 63.279293
293.121460, 57.210533, 69.816284, 65.648285
292.090088, 57.259293, 66.307320, 63.164600
290.516235, 56.727924, 66.250168, 62.539528
290.683044, 56.472382, 63.884212, 60.860264
288.842712, 54.735390, 66.329338, 61.959461
287.170929, 53.695740, 66.897469, 62.480728
286.295105, 52.086845, 67.561844, 61.118034
285.624146, 52.716751, 67.180115, 62.166874
285.070038, 53.530079, 66.549927, 60.912468
285.155457, 52.268097, 67.177940, 62.438614
284.616241, 52.825523, 65.165260, 62.196808
284.853912, 53.355240, 64.765953, 61.708347
284.816650, 53.375782, 65.640831, 62.245014
284.326630, 55.347458, 66.203987, 61.874809
286.313232, 56.540115, 66.320862, 60.603859
283.188080, 54.004280, 67.920914, 64.612961
284.154968, 55.759338, 65.871185, 61.684956
283.917328, 53.828022, 68.809563, 63.470242
283.543365, 54.330788, 67.086960, 62.674480
283.729492, 54.545906, 67.523315, 62.965237
283.895660, 54.357441, 68.594330, 63.297886
285.138824, 56.281044, 64.895622, 61.946144
284.513031, 54.421051, 67.783752, 62.794952
285.749359, 56.354317, 65.790314, 62.018002
286.467072, 59.267899, 66.521446, 59.895172
286.741241, 59.601219, 66.283501, 59.566273
285.350098, 56.436317, 65.239296, 61.398243
285.506653, 56.453667, 65.216957, 61.212528
285.448700, 56.629410, 65.502815, 60.663994
285.428040, 56.652435, 65.589767, 60.714745
285.562866, 56.637619, 65.449799, 60.725826
285.942139, 57.370968, 64.976585, 60.382847
285.881042, 57.248535, 65.228645, 60.501408
285.869171, 57.269135, 65.186050, 60.499882
285.756622, 56.908577, 65.498878, 61.222115
285.870117, 55.921448, 64.659569, 61.929245
285.835510, 57.029785, 64.936295, 61.089088
285.994720, 56.675117, 68.124870, 63.385559
285.757690, 56.642479, 65.061234, 60.138287
287.370819, 57.862793, 63.661167, 60.099705
285.669312, 56.240189, 65.140282, 61.406769
286.171509, 54.588837, 66.242706, 61.749424
285.476776, 56.148064, 65.491669, 61.435688
285.491913, 56.549988, 65.373497, 60.943886
285.601685, 56.560089, 65.197334, 60.877094
285.466431, 56.029884, 65.475540, 61.436054
285.710876, 55.570766, 65.398293, 62.005474
286.001221, 54.118851, 67.582474, 62.428749
285.474091, 55.124748, 65.780083, 61.541729
285.694946, 56.202812, 66.151848, 60.075642
285.691803, 56.204319, 66.164261, 60.089237
285.747620, 56.221741, 66.136826, 60.060860
285.732422, 56.216965, 65.404968, 59.812473
285.792786, 56.169033, 65.990929, 60.141365
285.710236, 56.286247, 66.008980, 59.574459
285.665192, 56.256844, 65.539581, 59.961407
285.627197, 56.133560, 66.259369, 60.196632
285.924866, 54.148148, 67.268959, 62.856800
287.529846, 56.704556, 64.842827, 61.835503
287.233612, 56.782280, 65.434395, 61.485794
288.029602, 57.438675, 64.001526, 60.333733
287.786560, 56.430450, 64.436493, 60.022408
287.757111, 55.344589, 64.809937, 61.033897
288.474152, 55.487820, 64.982132, 60.789906
288.132233, 57.731789, 63.520756, 58.405067
288.148071, 53.717590, 66.015381, 61.427586
288.790771, 53.121765, 66.124313, 60.959469
288.551392, 52.837013, 67.590698, 61.578671
289.393921, 53.067787, 66.596046, 60.526127
289.752686, 52.967113, 66.897911, 61.608421
290.709717, 54.553566, 65.693192, 59.477295
290.139709, 53.773125, 65.311058, 59.820408
290.992493, 54.048393, 66.248466, 63.306648
290.622864, 55.127468, 68.279427, 64.572060
291.473267, 55.081879, 68.315338, 64.890411
292.178131, 55.454315, 67.575043, 63.590801
291.662140, 55.250908, 69.009636, 63.590878
291.196625, 54.747841, 68.527359, 62.320618
291.769531, 55.360600, 67.979668, 61.704895
291.938080, 54.918903, 66.417450, 60.339909
292.389618, 56.231644, 64.940544, 60.277241
292.541351, 57.219147, 64.452148, 59.173359
291.965088, 55.992523, 64.805931, 59.492615
292.829315, 60.040268, 66.650200, 58.478111
292.327667, 57.145180, 64.232384, 59.408703
292.059967, 56.513050, 65.079285, 59.998520
291.986694, 56.590656, 65.068893, 59.868801
292.165924, 56.802864, 64.513458, 59.927437
291.669678, 55.986717, 66.580360, 60.772476
291.542511, 55.974373, 66.592422, 60.717937
291.277679, 55.693375, 67.523346, 61.380306
291.400543, 55.783836, 67.387787, 61.182201
291.915405, 56.500336, 66.275879, 60.315891
292.399658, 56.723679, 66.209976, 60.152817
291.138733, 57.381706, 65.900551, 59.582649
292.091339, 56.734047, 64.473671, 59.643433
292.129517, 57.075676, 64.408836, 59.329269
293.910889, 58.746269, 62.942009, 59.390678
291.773102, 55.907700, 66.677704, 62.233768
292.461914, 58.601837, 63.953140, 60.717022
292.263489, 57.061726, 64.595558, 61.114971
292.620850, 56.595940, 64.941620, 61.351372
292.487122, 57.011341, 64.789398, 60.895794
292.663513, 56.998055, 64.587112, 61.093719
293.063324, 57.062893, 64.844498, 61.363789
292.931488, 56.701118, 65.449043, 61.581249
293.982666, 57.375336, 65.208984, 61.373558
294.396362, 58.819870, 63.120823, 60.008423
293.814026, 57.122932, 65.089119, 62.468227
293.819489, 57.085068, 65.416092, 62.656479
293.789734, 56.747021, 65.636047, 62.182835
293.571655, 56.754570, 66.032196, 61.660065
293.812500, 57.138115, 67.338264, 62.141609
294.208252, 58.127300, 66.259178, 60.908695
293.543243, 56.888176, 65.982422, 61.891243
293.854004, 57.485542, 65.393784, 61.694309
293.475464, 57.548485, 65.911324, 61.156864
293.729919, 57.522186, 66.116219, 61.861393
293.892639, 56.958138, 65.870934, 61.473866
294.235321, 56.902023, 65.535484, 62.023174
293.873444, 57.349838, 66.083519, 61.843876
293.905273, 57.391594, 66.026184, 61.771755
293.820557, 57.107815, 65.912140, 61.495945
293.783081, 57.091347, 65.947266, 61.513115
293.894196, 57.293514, 65.781654, 61.639580
293.837830, 57.269585, 65.867378, 61.682064
293.848663, 57.368935, 65.826897, 61.596855
293.460205, 57.197689, 66.103584, 62.151600
295.028259, 58.306408, 67.459297, 62.253780
294.779755, 58.282776, 68.444405, 62.509121
294.696503, 58.457573, 67.666809, 61.846157
294.403900, 58.496815, 68.655823, 62.079990
294.461029, 58.563232, 68.593452, 62.005276
295.155975, 58.414299, 67.299606, 62.111286
295.133148, 58.427242, 67.319046, 62.104752
295.146576, 58.420567, 67.305565, 62.133984
295.191925, 58.458458, 67.311172, 62.170670
294.813751, 59.362751, 66.816414, 60.600849
293.759247, 57.608593, 65.355537, 61.527714
295.508484, 58.406021, 62.766693, 61.436989
294.763336, 58.380844, 63.489098, 62.205093
294.003296, 55.206627, 65.799736, 67.179260
294.100525, 56.543900, 66.018776, 65.420937
293.332062, 56.502041, 66.521133, 65.801353
294.071198, 56.394852, 66.148827, 65.167114
293.612518, 56.416061, 65.678009, 65.690437
293.003571, 56.619118, 65.766624, 64.909927
293.069794, 56.654472, 64.671448, 64.597763
293.383942, 56.440811, 64.030136, 63.161568
293.642639, 54.986290, 64.650406, 61.542698
293.050812, 55.106102, 63.268101, 59.903782
291.859283, 56.099579, 64.266251, 58.568779
292.225464, 53.026299, 65.765869, 60.081108
291.614471, 55.023998, 64.463020, 59.290619
291.976807, 55.105965, 63.472115, 58.259995
292.107025, 54.435280, 63.156296, 58.898350
291.822876, 54.414680, 63.452740, 58.950096
291.566956, 54.201725, 63.466824, 59.017284
291.885895, 56.521751, 66.324989, 58.787857
292.051910, 55.292946, 62.709358, 58.168846
291.941193, 54.726768, 63.307671, 59.129345
292.604156, 56.108147, 62.395397, 57.941399
292.686401, 56.181480, 62.362915, 58.145813
290.821228, 54.115822, 66.711914, 59.894989
292.473389, 55.959152, 62.258797, 58.669048
292.301208, 53.955254, 64.578041, 62.281139
291.028290, 54.518806, 66.305901, 60.683815
292.494751, 55.996704, 63.209724, 59.352856
291.172852, 56.573128, 64.179810, 59.176987
290.136627, 53.415985, 67.026352, 60.644283
290.554443, 53.416306, 65.977005, 60.609650
290.196075, 53.366367, 67.047203, 61.337215
292.376007, 56.815060, 62.967464, 60.573421
292.825745, 57.305218, 62.049900, 60.277012
291.325104, 56.966518, 64.818626, 59.795200
291.663422, 56.471092, 64.800514, 60.183197
291.236969, 56.665138, 66.068520, 59.438931
292.127472, 56.234825, 66.322090, 61.451630
292.630188, 57.440056, 63.082294, 62.000069
292.353638, 56.957001, 65.083038, 62.595409
292.308777, 59.543476, 67.004425, 60.893650
292.191650, 57.532608, 64.646904, 61.352745
292.474304, 57.435440, 64.379189, 61.299297
291.998108, 57.681892, 64.786400, 61.265186
292.943634, 58.075424, 64.078621, 61.426189
292.957458, 57.376610, 64.798622, 60.959415
294.372742, 58.603703, 65.164345, 60.282841
292.490265, 57.436665, 64.601791, 60.711964
292.389679, 58.245144, 65.077209, 61.965282
292.607452, 57.990486, 65.020470, 61.513195
292.894806, 57.312298, 64.359848, 61.549252
292.792877, 57.603882, 62.615131, 60.407902
292.470245, 56.159615, 65.904266, 61.488895
292.661438, 57.583092, 62.374825, 60.089195
291.638672, 55.343159, 66.724167, 61.735786
291.710663, 56.486511, 67.319962, 62.236145
292.513367, 58.713463, 63.241764, 60.736759
292.276337, 56.215164, 65.742432, 63.673454
291.131134, 57.103775, 64.456245, 62.614838
291.569153, 58.741226, 66.951683, 60.537857
290.593842, 57.460030, 64.788734, 59.589596
289.787262, 58.083984, 63.983665, 58.977615
288.883575, 57.771538, 64.571205, 59.600456
287.942627, 57.044678, 65.028061, 59.958595
286.404846, 56.577568, 66.460709, 61.207497
286.325531, 58.673016, 65.763855, 61.480713
285.341766, 58.707268, 66.060707, 61.916901
283.544403, 56.200829, 67.552521, 64.069244
284.734192, 55.949341, 64.953278, 63.514351
284.417725, 55.543430, 67.239754, 63.163696
284.221497, 58.060333, 65.190750, 61.539162
282.459839, 55.099136, 66.371834, 64.521194
282.779053, 55.373379, 64.618240, 61.921120
283.515381, 56.941288, 65.619820, 61.969093
283.271606, 57.441902, 65.006424, 61.352970
281.765167, 56.869118, 68.631409, 62.703587
282.407074, 56.014969, 65.841293, 62.666367
282.334625, 55.646027, 65.601707, 62.946430
281.847748, 54.377914, 65.159904, 63.319210
280.187317, 52.451294, 70.040588, 64.049652
280.754791, 52.477371, 68.843521, 63.424099
280.299286, 52.904778, 69.404404, 63.745483
280.408569, 51.713776, 70.044807, 64.411186
280.259399, 51.748215, 70.425552, 64.936813
280.123199, 51.647835, 71.083878, 66.716408
281.794098, 51.691544, 69.596512, 65.852661
281.449402, 53.743229, 66.365822, 66.321693
280.518341, 51.431904, 68.434608, 67.373459
280.524628, 53.296753, 68.926094, 65.472542
280.902069, 57.202843, 67.102180, 61.690113
280.779541, 53.942108, 67.324783, 63.702095
280.411743, 51.582314, 67.682281, 64.060944
282.482239, 54.728294, 63.819756, 60.279987
281.166199, 51.147625, 67.928665, 64.308319
281.062744, 51.647594, 67.568771, 64.022598
281.663696, 53.336163, 66.976982, 64.134903
283.197266, 53.773399, 65.507072, 62.931023
279.187164, 54.892281, 68.273346, 62.592690
282.128204, 54.203781, 66.377098, 64.959724
283.254211, 57.525375, 63.860897, 61.225105
282.862122, 54.592785, 66.959534, 64.009514
283.078156, 54.475376, 66.845833, 64.118034
282.676636, 54.620369, 66.899422, 64.297264
283.940552, 55.238235, 65.060478, 62.290081
282.519196, 55.409897, 65.677948, 63.324970
282.547668, 55.601795, 66.043350, 63.668571
282.803497, 55.892052, 65.651482, 63.939014
284.375122, 54.907852, 64.325729, 63.072208
283.984650, 56.073662, 65.115738, 62.734573
283.605255, 57.761169, 64.275040, 62.981903
284.485840, 59.260563, 64.890396, 62.534458
284.999939, 56.520016, 65.553444, 64.058228
282.925507, 53.751720, 68.603592, 67.645927
283.391022, 53.785168, 67.818565, 67.028572
282.379425, 55.753559, 68.941750, 66.517975
283.831055, 53.462223, 67.385391, 67.001358
284.200317, 53.832726, 66.685738, 66.444077
284.221283, 54.166786, 67.523689, 66.348068
285.364594, 58.807766, 64.353737, 62.483662
285.386566, 58.661949, 64.080101, 62.244301
286.019714, 56.043972, 66.134239, 64.257019
285.495728, 56.016991, 65.945190, 64.283272
286.880310, 57.040009, 64.889732, 62.057758
287.264923, 56.478863, 65.759697, 62.717701
289.081238, 57.602024, 65.379799, 62.233685
287.780914, 57.603363, 67.075554, 62.951363
288.566406, 57.418171, 67.073479, 63.031391
291.673370, 57.642403, 63.501888, 61.130207
290.766693, 56.696396, 65.280594, 62.352856
290.959625, 56.765694, 64.849663, 62.150116
291.783447, 57.542664, 65.358467, 62.006279
292.958466, 56.576820, 62.894691, 62.058395
293.060608, 55.738834, 63.468712, 63.260021
293.381470, 55.885380, 63.697048, 63.024944
292.736023, 56.080322, 65.669441, 64.271980
292.618347, 56.655884, 65.146988, 64.284859
293.640320, 56.447712, 63.968197, 63.652096
294.814117, 54.646484, 67.612061, 67.839401
295.443237, 56.350243, 64.723206, 64.829041
295.831055, 57.497643, 66.264977, 64.737137
293.964752, 56.412224, 64.383698, 64.336334
294.203705, 56.551865, 64.510056, 64.597649
294.487183, 56.436630, 64.288589, 64.032562
294.890350, 56.431358, 64.301567, 62.911484
295.347382, 57.283371, 64.323463, 64.016716
295.095306, 56.187996, 64.244354, 64.275703
294.250580, 56.780319, 65.651764, 66.237877
294.797760, 57.755539, 64.663132, 66.716171
295.262177, 59.011047, 64.675072, 65.765755
295.287079, 60.367455, 64.937210, 64.676895
296.394531, 58.426189, 63.918076, 64.413918
293.173737, 56.404015, 65.594116, 64.441864
293.154053, 56.916267, 65.990776, 65.577354
296.276062, 58.834145, 63.712738, 63.396210
296.179016, 58.929268, 64.436813, 66.039429
296.442993, 59.100964, 64.222336, 64.890442
296.424408, 59.095490, 64.244164, 64.895180
296.314240, 59.149467, 64.302826, 65.723007
296.651154, 59.222885, 63.895237, 64.580757
296.588867, 59.284615, 63.868458, 64.532623
297.118469, 59.370743, 63.068462, 64.679504
293.842590, 57.968910, 65.330719, 64.649025
296.424438, 59.235123, 63.155888, 65.200844
297.374481, 59.191071, 64.075058, 64.615440
293.452881, 57.717316, 66.064301, 65.867393
294.535553, 58.618073, 66.214668, 66.035782
294.701477, 58.550873, 65.682037, 66.516861
296.340790, 61.988831, 64.519760, 65.727051
293.713074, 57.989952, 66.664536, 65.224442
293.787018, 58.022064, 66.512436, 65.130882
293.841888, 57.991699, 66.379303, 64.845108
293.695770, 57.835274, 66.641319, 65.143150
294.025757, 58.293083, 66.448990, 65.754066
294.219055, 58.247410, 66.188927, 65.218658
294.199799, 57.612682, 65.305702, 64.991150
294.342285, 57.562996, 65.173515, 65.147522
293.527924, 59.281620, 66.632240, 65.666908
297.116913, 61.756149, 64.174828, 65.478302
293.299408, 59.286629, 66.672409, 65.615273
292.250031, 59.759399, 67.810249, 66.086143
292.154572, 59.756138, 67.909889, 66.111557
292.103088, 59.701130, 67.935532, 66.130074
293.033600, 59.041714, 66.985046, 65.421028
296.984406, 61.063881, 63.649132, 64.659348
296.931854, 61.112465, 63.623112, 64.792290
297.552612, 60.938465, 63.380283, 64.434456
296.932648, 61.043365, 63.594032, 65.194763
297.005554, 61.075737, 63.562027, 65.178078
296.902222, 61.083969, 63.747803, 65.271378
297.174713, 61.264378, 63.870064, 65.026062
292.960938, 59.521442, 66.760017, 66.110039
296.490417, 61.476227, 64.345573, 65.997955
296.955627, 62.167091, 64.339966, 67.368721
291.983643, 60.273338, 68.609451, 67.144806
291.688049, 60.809425, 68.606873, 66.899895
291.523987, 60.475380, 69.845833, 68.183647
291.708496, 61.229111, 69.759232, 68.371765
295.400330, 63.361870, 65.082184, 65.360527
294.450897, 63.796314, 65.242157, 65.136253
295.311127, 64.228714, 64.567802, 66.033997
296.350128, 65.496002, 64.715996, 66.461609
295.039581, 65.627823, 65.222092, 66.312843
295.017761, 65.614365, 64.824142, 64.842010
295.138794, 65.092308, 65.216766, 66.848282
299.313507, 65.203369, 64.648857, 65.196106
292.014221, 63.730434, 67.455200, 67.431786
295.974670, 66.252991, 64.588058, 65.070091
296.576416, 65.474724, 63.775776, 65.992073
298.739929, 66.292908, 65.556000, 66.129372
297.599792, 65.830421, 65.663170, 63.932671
297.175812, 63.454502, 66.973518, 68.242149
297.181488, 64.879166, 64.563576, 64.377075
294.678619, 63.599480, 68.261093, 67.806343
291.610199, 62.131454, 67.404922, 66.595772
293.290039, 62.425220, 67.345604, 65.804588
290.573029, 59.674053, 66.711128, 65.662773
290.440735, 62.404762, 69.840729, 64.662743
289.718781, 61.480717, 69.087769, 66.419495
286.882721, 59.528397, 70.611931, 68.056984
290.382965, 66.371307, 66.455795, 62.249035
288.375061, 60.298843, 67.894455, 65.987022
288.472382, 60.481949, 65.959114, 64.633934
287.220764, 58.910591, 68.712814, 68.523125
286.184814, 58.636124, 69.065712, 68.739449
289.216278, 59.079056, 62.932117, 63.536247
287.258972, 58.068211, 64.921928, 63.439804
287.383087, 58.406944, 64.012268, 63.907005
287.243744, 58.936790, 63.457153, 63.075100
286.793915, 60.386211, 65.660332, 64.116150
285.796509, 59.443886, 65.928398, 64.265991
286.285278, 60.178699, 64.627907, 64.698448
286.145355, 59.195244, 66.820541, 67.033203
284.567841, 59.292816, 69.066093, 67.575829
286.559967, 61.009346, 64.117271, 64.932510
284.746643, 60.119061, 65.932587, 65.780388
283.318420, 60.434242, 68.756386, 67.798203
282.731689, 61.123871, 68.395355, 67.722931
284.241180, 59.794682, 65.918442, 67.410179
284.470032, 60.913074, 66.585052, 67.914307
283.190765, 63.216621, 67.311577, 68.218559
283.439972, 63.228294, 67.140678, 68.020882
283.618835, 63.283676, 66.951622, 67.882927
283.578186, 63.619209, 67.747429, 68.522758
283.640320, 63.425026, 67.488091, 68.009209
284.967224, 62.936630, 66.844162, 67.727242
285.583160, 62.329803, 65.138733, 67.548065
286.143616, 63.681595, 66.682022, 66.249107
286.190735, 64.099213, 64.450768, 66.884064
286.490143, 64.797958, 65.197586, 65.837090
287.803558, 64.368729, 62.946892, 65.873039
286.707184, 64.898132, 65.382851, 65.939476
286.992340, 64.875702, 65.413414, 65.513283
287.072174, 63.719963, 66.729965, 66.489983
286.839386, 63.991928, 66.185966, 65.787888
287.396881, 63.434834, 66.170280, 65.871864
287.600739, 62.951027, 66.021111, 65.769363
287.881104, 61.883408, 66.531273, 66.625908
288.601837, 61.739838, 66.775177, 67.776802
287.667664, 61.226894, 66.833961, 67.676277
289.553711, 63.489666, 66.106834, 65.467247
290.263367, 63.647480, 66.005737, 65.027336
290.336243, 63.900604, 66.646675, 65.767616
292.148224, 64.252213, 63.298313, 64.924568
290.976166, 64.603592, 66.227455, 66.525932
290.957977, 64.163437, 66.693298, 68.166573
292.243378, 64.212730, 66.415657, 68.623352
293.061798, 65.226868, 66.093346, 67.289986
292.372498, 66.183472, 69.524437, 69.900925
293.753052, 66.987549, 69.328766, 69.597122
292.481140, 68.914536, 69.739510, 67.374359
292.857178, 68.555573, 70.279724, 68.558052
293.643280, 69.126968, 69.830109, 67.469040
293.759918, 69.551636, 70.393456, 67.887466
296.464294, 69.239151, 68.684715, 67.161591
296.352905, 69.345413, 68.669029, 66.915375
295.223297, 68.080284, 66.950302, 67.248062
296.085266, 67.822617, 67.266121, 66.961563
295.494293, 67.447716, 68.007774, 68.117912
296.668671, 67.067505, 67.525391, 66.563110
294.570953, 66.078201, 67.698692, 67.642891
298.051666, 66.121826, 65.237183, 67.185051
297.349182, 65.827377, 65.191154, 66.415108
294.958649, 65.859985, 68.345016, 65.877892
298.025391, 64.777588, 64.286819, 65.936050
296.345886, 62.590179, 66.280006, 68.177460
297.484100, 64.167557, 67.185944, 68.150970
299.633514, 63.206657, 64.483658, 64.982521
298.701416, 63.829430, 66.086449, 65.962639
299.693268, 65.755440, 67.992935, 68.032349
301.698059, 66.582520, 63.769035, 63.730686
300.393799, 67.171524, 63.824860, 63.870800
294.774780, 66.992867, 68.564720, 67.299538
299.625122, 69.059074, 64.325760, 63.877556
296.562714, 68.275597, 66.494797, 66.884697
294.948425, 66.984146, 68.553818, 69.179840
296.995728, 67.958885, 65.892670, 65.096291
294.865845, 65.268181, 66.095650, 65.438385
295.137115, 66.679382, 65.927483, 64.603348
293.579926, 65.566238, 65.270355, 65.209946
293.483276, 68.157211, 62.663174, 63.876278
289.060699, 68.092934, 67.227814, 64.759972
286.918945, 69.716522, 67.556236, 65.032509
284.998932, 70.372108, 68.043152, 64.549828
283.903290, 69.748474, 67.473251, 64.631729
287.389221, 67.555679, 63.870728, 64.928802
287.980316, 65.863869, 64.617264, 65.042496
289.502045, 65.545166, 63.910202, 65.863586
290.231293, 62.245850, 66.551628, 69.287552
291.607086, 63.249771, 65.569199, 67.115410
297.263580, 62.470306, 64.160370, 67.572075
299.170654, 63.632690, 64.260643, 69.170784
299.528320, 64.176819, 64.825974, 70.325699
298.074951, 63.548721, 66.038155, 69.150803
296.930969, 67.078064, 63.253735, 64.104858
295.957184, 67.533257, 62.775013, 62.108585
295.315399, 62.845673, 64.647980, 67.340385
293.771698, 64.592682, 63.859039, 63.407616
293.046661, 62.465588, 63.507683, 66.581573
291.006165, 60.612320, 66.837456, 67.253387
289.510254, 59.575668, 67.428490, 65.968208
285.322754, 57.057449, 69.892738, 68.385475
288.422668, 60.392349, 63.632435, 63.556484
286.886230, 61.010368, 63.601250, 62.848289
285.040222, 63.298637, 64.165001, 63.984852
282.820313, 66.844818, 65.986298, 63.464169
281.937836, 68.624664, 67.572174, 64.291748
283.469604, 69.667297, 66.397484, 63.594681
282.752075, 70.705536, 68.079597, 64.337029
283.858002, 68.666862, 68.769112, 65.814888
287.878510, 68.328125, 65.492645, 65.122841
287.713409, 67.384583, 68.356956, 64.720367
289.652100, 67.660843, 69.053520, 64.310379
293.663116, 67.473259, 67.115128, 64.670074
294.962463, 68.580231, 70.918678, 63.987144
299.646637, 68.986023, 71.719551, 63.444363
308.507416, 67.044296, 67.257240, 63.393555
312.510498, 62.839928, 70.592148, 64.967705
321.975220, 61.678947, 67.010094, 62.888184
329.802155, 61.195091, 66.526047, 63.581856
337.889679, 60.807106, 63.429302, 60.824947
339.042694, 59.051132, 69.507614, 65.450478
349.877930, 60.461899, 65.309265, 63.553814
356.964172, 62.188850, 63.330067, 62.346058
362.300751, 63.689598, 63.086735, 62.596397
363.997253, 63.584358, 66.502289, 66.128441
371.607513, 64.243134, 63.388885, 63.541714
373.939575, 64.549377, 63.355774, 65.295921
377.765533, 64.457855, 64.818344, 67.459793
380.887390, 64.531464, 63.910076, 67.621056
381.818817, 64.958084, 63.913792, 65.853958
383.919464, 65.881599, 63.317371, 62.792126
383.244446, 64.242035, 64.370934, 66.372078
384.272583, 64.524834, 63.326321, 65.818886
381.847565, 63.336823, 64.562286, 65.102547
382.065918, 63.660408, 63.938965, 64.589752
382.219025, 66.269073, 63.665482, 64.312531
379.924072, 64.016754, 64.559639, 68.395500
377.550293, 65.903816, 64.331306, 65.716476
373.291901, 65.479630, 65.082596, 68.136238
364.178619, 66.599129, 69.652939, 70.118797
363.704651, 68.664726, 64.760857, 65.048599
358.705566, 69.824432, 63.638767, 65.322556
351.861420, 70.710991, 63.879673, 63.893948
344.400940, 70.871307, 64.593979, 64.301910
337.754944, 72.209320, 67.678596, 66.594429
331.637970, 72.430618, 65.020248, 63.501358
324.900421, 74.261848, 65.784050, 65.092323
318.239746, 75.808876, 66.032959, 65.131630
310.878540, 78.004059, 66.857841, 65.501709
306.091400, 80.356567, 64.260139, 64.558395
298.881622, 82.018860, 64.209671, 64.659500
293.735657, 83.980736, 63.656254, 61.846378
286.057251, 85.684387, 67.418724, 64.640923
281.591614, 85.425812, 64.760818, 63.883198
274.985687, 84.851639, 67.680168, 64.336670
271.319275, 81.748039, 65.497620, 62.207684
271.651276, 78.420990, 64.114944, 62.121704
267.807312, 72.351517, 64.575897, 63.188599
265.872223, 69.601608, 66.327225, 64.282837
263.362396, 68.398689, 65.344734, 64.236221
265.903595, 65.448639, 60.729469, 62.009319
263.599304, 62.628437, 62.168007, 64.109322
262.183716, 59.682129, 64.190361, 64.978951
261.948273, 60.535873, 61.663071, 63.557926
260.891815, 60.160149, 62.836601, 63.427334
259.525940, 57.843815, 63.469753, 63.876514
259.473633, 58.106018, 64.462769, 65.859718
255.654648, 61.155403, 67.780411, 65.750633
254.655075, 57.990936, 67.728447, 68.226799
256.729126, 60.426445, 67.107285, 66.527870
257.162445, 60.686684, 66.723099, 66.183640
261.516968, 62.496544, 62.117630, 63.607708
261.363342, 64.071060, 62.472641, 64.064751
261.933502, 63.766010, 62.133602, 64.475082
262.302979, 62.602531, 62.507011, 63.884789
262.408905, 60.486465, 62.888988, 62.457703
263.701782, 59.165546, 65.776550, 65.571701
267.404236, 57.711548, 65.804085, 65.872475
267.808868, 56.769157, 64.710732, 65.089043
268.740234, 55.919067, 68.054619, 64.831856
275.736084, 56.880684, 64.593819, 63.448658
276.807220, 57.806362, 66.572227, 63.693474
282.880219, 60.003651, 65.398354, 64.047188
289.394409, 60.803028, 64.103760, 60.574768
297.484131, 61.617981, 63.221508, 63.402905
303.339020, 60.077301, 65.458366, 65.183121
306.754181, 60.119820, 67.033691, 63.668587
312.170349, 59.664364, 67.919563, 65.559471
317.912506, 59.115273, 66.347229, 64.323921
322.055054, 56.776573, 67.401077, 65.611092
328.319794, 56.068584, 68.103416, 65.794449
336.410492, 57.465988, 66.737404, 63.055668
343.667786, 58.068005, 65.801750, 62.404457
349.974426, 59.071892, 64.541145, 61.969421
355.766663, 59.838516, 66.137108, 62.749134
362.286530, 60.607628, 65.058968, 62.030201
368.576813, 62.874931, 64.829941, 62.914513
373.016357, 62.119919, 68.704750, 64.221367
378.137756, 63.948971, 66.143158, 62.491055
384.050171, 66.192108, 65.762817, 64.721573
385.934937, 65.157104, 67.688263, 66.587646
389.027039, 65.051460, 66.992989, 68.552788
390.678833, 65.387115, 67.022568, 67.045792
391.155579, 63.950226, 66.331100, 67.502777
395.555023, 65.197830, 66.051666, 66.139908
398.241272, 63.147690, 66.678741, 67.684959
399.972534, 62.622993, 66.377541, 67.430374
399.416718, 62.985790, 66.751579, 66.938202
399.958923, 61.460232, 66.305206, 67.331558
398.804504, 61.211761, 66.962837, 67.837845
399.609833, 61.861874, 63.684982, 67.419746
397.667755, 61.693573, 63.666332, 66.973190
394.916931, 60.547638, 66.559280, 68.058678
392.358398, 60.628376, 66.262772, 67.195007
388.147064, 61.169991, 66.262238, 66.218887
386.426147, 59.995975, 64.302887, 66.958061
380.052338, 60.197865, 66.410904, 65.997986
374.310089, 58.516617, 67.614166, 67.363541
370.186798, 58.413643, 63.054161, 62.255836
363.041656, 57.503868, 66.179733, 65.059906
356.127777, 55.278683, 65.384590, 65.538170
347.777130, 55.639420, 69.113541, 66.334946
342.457275, 53.036865, 64.720840, 64.980347
335.796631, 52.568512, 65.584251, 65.880127
327.163452, 51.331100, 68.120178, 67.492104
320.710175, 52.216267, 67.847420, 66.340164
316.041168, 49.732269, 65.747696, 64.581024
309.708923, 48.332664, 62.566269, 63.603367
302.147614, 46.925522, 66.277550, 64.274117
294.135559, 47.125031, 69.588387, 65.577995
290.125732, 46.226410, 64.587776, 60.858330
283.945892, 43.146084, 67.211082, 63.539169
278.282837, 44.416267, 68.024689, 63.726170
272.821228, 44.789795, 65.879974, 62.850628
268.739166, 45.171265, 66.073189, 64.292747
266.019226, 49.086334, 62.501564, 59.906071
261.708832, 47.550003, 66.358070, 63.805935
258.957489, 47.945358, 64.973061, 64.254898
256.247406, 47.918106, 67.563576, 65.419876
253.750580, 49.353310, 67.582840, 66.126038
251.620346, 49.228989, 68.483200, 67.871635
251.468979, 50.028233, 66.899750, 66.612564
251.894363, 48.300621, 66.808899, 66.846260
252.161621, 47.777443, 66.827705, 67.880455
252.191605, 48.070015, 67.046135, 67.955566
252.597702, 48.642872, 64.794876, 66.735664
254.973221, 49.507442, 64.053947, 68.148254
253.764435, 49.701706, 66.506233, 69.067291
254.083466, 51.413998, 64.415466, 67.474113
254.795563, 54.980461, 64.397339, 65.831245
255.858627, 55.144325, 64.330833, 66.890808
256.933838, 58.190525, 62.916523, 64.713371
257.395081, 59.141594, 63.300171, 64.776192
256.515839, 57.271744, 62.737930, 67.185654
257.465424, 57.923187, 62.142960, 66.288811
258.793060, 59.777603, 62.559906, 66.143311
259.314484, 57.035652, 65.032349, 68.100548
259.114014, 56.004036, 62.915359, 67.382019
259.438873, 57.140297, 62.448166, 65.345474
260.045685, 57.238510, 64.374084, 65.779861
258.446747, 55.168640, 64.539734, 66.915504
258.882050, 55.228333, 65.398888, 66.547287
256.947205, 54.347435, 68.755783, 68.648994
259.280426, 53.599277, 67.670654, 67.154922
261.855316, 53.904102, 64.363091, 63.746956
261.938385, 53.395401, 64.696777, 63.151207
260.912872, 51.023205, 66.026054, 63.391998
261.970612, 52.212585, 65.253120, 63.511246
262.076263, 51.914040, 65.122009, 64.025772
260.533386, 52.757362, 66.647209, 66.068993
260.381592, 55.381042, 65.867630, 64.554054
262.134888, 58.656128, 63.362484, 62.661087
262.141083, 60.958908, 65.596886, 64.496338
263.020111, 65.539879, 62.458748, 63.123638
264.188080, 66.954277, 63.677864, 63.918510
263.651215, 71.848671, 66.339325, 67.334541
263.285461, 70.931877, 66.569832, 68.679482
265.215027, 71.630997, 64.479591, 65.613121
266.078522, 71.319168, 67.347969, 66.539429
264.908051, 70.155045, 67.354362, 67.790878
265.508728, 69.595917, 67.588585, 68.730484
269.834869, 71.704216, 66.014748, 65.229340
269.846588, 74.648964, 64.907310, 65.525421
269.105438, 76.237549, 66.849586, 65.930481
266.044434, 79.764435, 69.948845, 68.504593
266.813019, 84.006180, 69.042686, 68.174339
270.279968, 85.637009, 66.502357, 65.827492
269.854279, 84.362480, 67.335747, 66.025223
270.541229, 82.793747, 67.946625, 66.010048
272.449005, 79.302002, 68.596161, 67.456917
275.808075, 75.746590, 65.768768, 67.169800
278.234741, 77.457504, 64.231438, 64.871788
273.230988, 75.045319, 68.917458, 67.789734
276.205231, 75.194855, 66.559662, 67.451004
274.749329, 75.350601, 69.364586, 68.592598
277.766632, 80.265755, 65.007301, 65.765198
275.010559, 79.209534, 64.645554, 67.549011
274.188660, 77.486542, 64.846573, 68.025642
274.200775, 74.493240, 64.737915, 67.375862
271.510437, 68.789001, 66.099777, 69.968369
273.259888, 66.358459, 65.407928, 66.237274
273.027893, 63.073303, 64.676422, 65.742058
268.336639, 60.328812, 69.151779, 68.209999
273.979218, 59.034027, 63.950085, 63.255981
268.565857, 59.713116, 67.603645, 66.549889
270.266479, 59.950729, 66.819656, 67.005157
276.748840, 60.721680, 61.823895, 61.565857
277.306763, 61.394836, 63.314190, 63.001640
276.094177, 61.872673, 64.689812, 66.585098
277.650024, 60.974834, 63.814526, 62.978241
281.215424, 61.583374, 62.974174, 62.857307
283.217194, 58.579102, 66.430496, 64.078072
286.397064, 60.289562, 63.586536, 60.985435
290.035980, 60.081039, 63.948288, 62.018883
291.514069, 60.077820, 64.794815, 61.295376
297.551666, 60.026939, 65.889206, 60.944675
304.792542, 60.823643, 65.104019, 63.827171
311.357880, 61.684792, 65.243011, 63.721874
318.887909, 61.621876, 64.106056, 59.313007
324.682770, 61.120804, 65.724319, 61.235691
333.040863, 61.110260, 66.631081, 62.776501
341.396973, 62.631443, 66.488022, 63.076542
349.704956, 63.098557, 64.655571, 62.914654
357.184692, 65.924332, 65.325043, 63.358841
363.311462, 68.626083, 63.930897, 63.601192
367.477875, 71.224281, 65.398445, 64.322090
374.636841, 78.214584, 62.846146, 63.297489
380.149017, 87.791382, 62.138897, 59.589344
384.406708, 92.955688, 60.526493, 59.995171
387.920502, 100.152779, 59.478977, 56.343758
383.745026, 94.056702, 66.655113, 66.093140
382.912506, 96.256866, 65.711594, 64.021156
390.429932, 104.608589, 59.934044, 56.357296
384.715363, 97.654289, 64.749168, 61.925388
391.944214, 105.856812, 57.405968, 55.875370
392.211273, 104.789131, 58.978107, 55.985966
392.187531, 104.082443, 60.251347, 58.207272
386.408600, 97.025085, 67.135445, 64.248077
392.460571, 105.483185, 58.389530, 56.540676
392.631622, 104.954712, 58.065708, 57.273949
392.160706, 105.483681, 57.288490, 56.407009
392.213013, 104.599457, 57.295452, 56.369934
389.069366, 100.623276, 61.837002, 61.360912
388.496582, 101.737541, 62.329334, 60.335190
388.492371, 103.454453, 64.184120, 60.543629
389.865387, 106.355515, 61.660992, 58.416012
384.375488, 103.147003, 64.343971, 60.098007
386.338348, 106.605110, 63.492119, 58.937107
389.593231, 110.458115, 57.958157, 55.513279
383.882599, 104.726486, 66.041557, 63.941677
385.039154, 104.446594, 64.580589, 62.331600
385.823303, 105.919846, 62.367294, 59.732574
383.646210, 104.408974, 65.966675, 63.039890
386.328278, 106.636322, 62.128250, 57.856964
383.735260, 103.433960, 65.153069, 62.696247
385.175201, 105.757828, 62.888897, 59.057774
385.245026, 107.180817, 60.884907, 56.211330
382.023071, 103.859451, 65.028633, 62.424644
380.647858, 102.734955, 63.548637, 61.587666
377.935120, 103.114311, 64.689186, 60.612350
378.759979, 106.074799, 60.698662, 56.127632
374.105957, 103.564445, 64.183556, 61.254959
371.303070, 102.406082, 63.441212, 61.818768
370.603912, 108.018959, 58.900608, 54.805676
365.917450, 104.726295, 64.071846, 60.439468
361.459320, 105.066833, 64.305534, 60.572689
355.565674, 99.706924, 66.070511, 63.483021
351.567657, 104.186661, 66.112625, 61.078697
347.652008, 101.002121, 66.929977, 63.032711
345.169128, 104.892365, 61.013157, 57.402218
335.904907, 99.217857, 68.158356, 65.097939
335.251129, 104.053757, 65.797028, 62.363663
329.124115, 100.200500, 65.658569, 64.120407
325.055878, 100.817902, 65.178520, 63.443016
322.682617, 106.677628, 62.703972, 59.224709
319.977295, 108.854980, 62.437801, 57.452248
317.133270, 112.343544, 59.024605, 55.328003
313.372467, 112.176666, 60.480186, 56.511787
311.728790, 113.451294, 60.686657, 56.006001
306.755188, 110.976471, 62.305393, 57.955288
300.429047, 105.741287, 67.542244, 62.244518
297.364685, 104.963478, 69.248337, 64.789261
296.105560, 103.832016, 67.297905, 63.541542
293.582306, 101.181244, 68.108109, 64.709114
292.520813, 100.337585, 71.324753, 72.048927
288.200989, 100.963608, 68.657021, 64.404999
287.314056, 100.021790, 66.150780, 63.468475
287.913818, 98.845238, 65.840912, 64.160362
285.199249, 97.473602, 70.461281, 70.126152
282.868225, 97.553513, 72.654915, 70.904320
283.682159, 98.838829, 67.494705, 64.233078
285.829651, 101.241837, 66.162025, 64.478027
283.686401, 100.198158, 67.844742, 64.591919
282.430450, 97.715317, 72.130486, 71.426819
288.021179, 104.229546, 66.310059, 64.047844
285.115936, 101.536362, 65.430489, 63.509838
285.861176, 99.260201, 69.143906, 68.897659
287.929962, 102.901268, 66.859604, 63.943615
288.454224, 102.983444, 65.403114, 63.124809
287.320038, 101.203659, 66.098259, 64.314247
287.605103, 102.855736, 65.077713, 62.294743
286.698792, 102.099968, 65.632362, 63.200024
282.554535, 99.011581, 68.308472, 64.840225
283.811676, 99.438126, 67.754990, 67.237236
282.019623, 99.575089, 67.805931, 65.079140
283.776489, 97.900345, 69.283211, 69.645920
282.116119, 98.067101, 70.280861, 69.761101
283.617188, 98.849747, 68.675201, 69.792641
283.352020, 96.939697, 67.783371, 68.764824
280.347198, 95.835548, 69.896172, 67.248924
286.083252, 101.071579, 63.996456, 62.970985
279.808441, 95.689491, 69.229721, 67.025177
284.141418, 100.165009, 64.697563, 63.379463
280.174438, 95.642387, 69.011658, 69.629372
284.651031, 100.777489, 64.242783, 63.574688
283.958557, 100.101166, 65.081711, 64.125259
281.553864, 96.000092, 66.695786, 66.271141
283.343384, 101.183868, 64.619400, 63.090664
280.842834, 96.282608, 63.475895, 64.178963
282.928314, 99.167320, 64.299484, 62.828846
281.576691, 94.046997, 66.842621, 67.370018
280.102997, 94.399178, 63.556324, 64.615112
281.136902, 92.651718, 65.437416, 66.920052
279.518585, 90.455788, 69.112343, 67.199806
282.828583, 92.095901, 65.572060, 65.566010
280.822449, 84.772934, 67.069794, 69.799721
282.068604, 85.037033, 64.961273, 65.665199
280.139191, 79.442978, 67.997940, 68.594391
282.787262, 78.009926, 62.771610, 64.100861
281.901672, 72.424057, 65.977890, 67.654526
280.967712, 70.215088, 66.611107, 66.661377
279.766296, 68.525314, 67.580681, 65.693420
282.250763, 68.987480, 63.766891, 63.166500
280.330933, 66.027756, 66.770416, 65.167435
280.818146, 65.450745, 66.871605, 64.739983
280.106628, 63.402092, 68.053421, 66.402443
279.852966, 62.263233, 68.662567, 66.909004
280.136414, 62.331089, 69.051605, 66.937988
283.889771, 65.423859, 63.743484, 61.555305
281.830109, 62.629173, 66.968826, 64.560333
281.911621, 62.260246, 67.286690, 64.219757
283.382263, 64.206909, 65.154297, 61.617516
281.160919, 60.803577, 68.938599, 65.313454
281.386719, 60.595280, 68.519638, 65.198479
282.002930, 61.708900, 69.936119, 65.347839
283.608185, 61.199333, 66.220055, 62.378544
283.139282, 60.033588, 66.708420, 62.957619
282.537201, 59.078865, 67.330826, 63.480850
282.888000, 58.842384, 66.739952, 62.024273
283.749084, 58.485397, 65.245247, 61.506592
283.871857, 59.164452, 65.328796, 60.986221
283.027649, 58.381409, 66.896652, 61.738377
284.612549, 57.204025, 66.986595, 62.468163
285.025360, 57.946648, 67.040176, 61.521660
284.907532, 58.093235, 67.231369, 61.065369
283.825806, 57.869370, 66.764648, 60.892162
284.121124, 57.077827, 67.908943, 62.182709
284.338898, 58.319302, 66.484146, 61.078106
284.484955, 58.879547, 67.321754, 60.486610
285.077545, 59.815712, 65.633369, 60.354492
285.757111, 59.639740, 65.449043, 60.953320
285.044556, 58.461262, 64.402756, 61.176888
285.375488, 59.363117, 65.323753, 58.826077
285.540405, 58.904705, 67.901482, 61.244267
285.209930, 57.660370, 65.575058, 59.735081
285.464935, 57.830719, 68.137817, 62.242542
285.823547, 59.504921, 64.681938, 60.062717
286.348877, 59.677288, 67.733154, 63.159698
285.406769, 58.673416, 65.323662, 60.619572
286.925507, 60.497437, 64.250717, 60.378872
287.553680, 60.179722, 63.884808, 59.905014
287.057098, 58.337608, 64.312813, 59.802048
287.470032, 60.371040, 63.123123, 59.230244
287.378174, 58.567532, 63.521481, 59.219822
287.044037, 58.451992, 65.050400, 60.638748
288.088898, 59.182545, 62.888897, 58.537731
287.616364, 58.072857, 64.291077, 59.295971
287.489716, 57.778175, 64.634048, 59.728081
287.669098, 57.524620, 64.841881, 60.950882
287.565430, 58.217823, 64.036781, 58.738815
287.564453, 57.591469, 63.932442, 58.989063
287.479614, 56.720406, 65.125374, 59.084629
287.680084, 56.431389, 64.750046, 60.521118
287.658417, 56.269867, 65.385185, 61.224598
287.596741, 55.993839, 65.570961, 60.143482
287.747711, 55.882866, 65.950981, 59.596149
288.182739, 55.307831, 65.821350, 59.902798
287.493927, 56.128860, 66.346947, 60.285255
287.527740, 55.801151, 66.686493, 60.763790
287.636414, 54.536259, 67.486931, 60.524830
289.369232, 59.437565, 66.278969, 57.542038
288.050323, 55.495739, 68.315620, 60.938381
287.978149, 56.054649, 65.912048, 59.298782
289.120483, 55.272312, 66.559914, 59.587368
289.965668, 57.788406, 63.550022, 57.682610
289.496948, 58.298058, 67.399757, 60.412086
290.254150, 60.743313, 62.749619, 58.440987
289.961243, 60.649612, 64.718544, 59.977840
290.136047, 60.823059, 65.565353, 60.382839
289.884155, 61.448265, 65.575966, 60.383312
290.569641, 63.099731, 67.199425, 59.782520
291.011047, 63.701920, 66.274551, 59.599590
290.890808, 63.566299, 67.134880, 60.187351
290.654266, 63.137283, 67.643974, 60.926399
290.691406, 63.119274, 67.607681, 60.949333
291.223816, 63.223923, 66.954239, 60.732525
291.069946, 63.293045, 66.523682, 59.988064
291.309418, 63.515381, 66.840477, 59.599976
290.393402, 61.275894, 65.151871, 60.842865
291.056549, 61.173065, 64.420425, 60.887421
291.201324, 60.944481, 64.054451, 60.344273
289.979523, 61.316017, 64.559486, 59.732498
290.683807, 60.219261, 64.265526, 59.817341
289.422882, 60.369682, 64.754143, 59.808903
290.928558, 58.986176, 63.680386, 59.990536
289.817413, 56.681709, 66.735229, 62.004700
289.856476, 56.861652, 67.258812, 61.968319
289.604401, 58.456894, 64.475304, 59.764011
290.310181, 58.143417, 64.002502, 61.244385
290.228790, 57.577442, 65.032440, 63.311268
290.151306, 59.300377, 65.250099, 65.040710
290.834595, 59.928253, 68.120110, 64.423119
291.641602, 61.514969, 67.995987, 64.175171
290.707825, 59.426338, 66.618507, 67.047272
292.696594, 60.476166, 63.692230, 65.370903
292.095215, 59.426414, 64.642082, 65.729485
291.278534, 59.327026, 64.670624, 66.376320
292.238770, 59.358269, 64.057892, 62.594807
292.643951, 58.774231, 64.066017, 61.667397
291.898773, 58.829269, 64.403603, 59.975254
292.288239, 58.546593, 63.900311, 59.690872
292.400391, 58.731770, 63.758480, 59.898556
292.904449, 58.332626, 64.120514, 60.572178
292.965302, 60.145470, 63.969646, 58.841911
293.106079, 59.947952, 64.368042, 58.850819
292.369812, 58.829422, 64.257271, 59.236736
293.363983, 60.157333, 65.280090, 59.410629
292.481873, 58.550949, 64.296776, 60.843624
292.858673, 59.364632, 64.053162, 61.302589
292.687256, 59.261383, 64.443550, 61.639439
293.036957, 59.401512, 63.792915, 60.591427
293.890686, 59.666840, 62.897968, 59.119469
293.577698, 58.274620, 63.349064, 60.457741
294.071320, 60.138485, 63.495647, 58.872620
293.663635, 60.363220, 66.757088, 60.651150
293.725586, 60.405819, 66.700699, 60.561531
293.822052, 59.472054, 65.039879, 60.816231
293.419678, 59.377167, 64.642807, 61.112656
291.658569, 58.726273, 65.238541, 59.770256
292.379639, 59.405106, 64.751122, 59.481308
292.701172, 59.995140, 64.282951, 59.070992
292.286774, 59.926353, 65.008026, 59.575813
292.297058, 59.287354, 65.823929, 60.203873
291.296204, 59.920547, 66.015503, 60.186985
291.858734, 60.329006, 66.453430, 60.869194
292.148682, 59.775085, 65.765747, 59.796200
290.077209, 57.819412, 69.542992, 63.837189
292.163849, 59.952209, 66.653542, 60.191784
292.669373, 58.590149, 64.082962, 61.039505
293.302368, 58.322212, 63.171825, 60.234642
293.261444, 57.711594, 64.273117, 61.703144
295.807983, 60.467140, 63.279095, 61.198112
295.727631, 60.368477, 63.306725, 61.268749
295.479034, 59.982887, 63.879074, 61.234249
295.902863, 61.629547, 65.625496, 61.293873
295.994690, 59.139671, 63.226959, 60.372562
295.372772, 58.431854, 63.736713, 61.541977
296.177399, 59.011429, 63.040680, 60.364048
295.419830, 58.551727, 63.872616, 62.096619
294.475037, 58.849716, 65.405945, 62.111553
294.893250, 58.917870, 63.825333, 61.710239
294.989471, 59.254906, 64.136612, 60.805931
295.110352, 58.705494, 64.013786, 60.435104
294.620178, 57.974945, 64.728279, 61.389572
294.164581, 57.954163, 64.313759, 60.862274
295.463715, 58.152458, 63.172520, 60.999989
295.361328, 57.808022, 63.193943, 61.412506
294.861816, 58.156868, 64.677872, 60.699959
294.373505, 58.356964, 65.015022, 61.261978
295.129578, 57.785564, 63.721684, 62.517162
296.360046, 58.451042, 63.619141, 60.336868
296.611420, 57.423592, 64.294128, 60.604076
294.803436, 56.905418, 64.704491, 60.315994
296.922272, 56.097313, 64.259918, 61.674641
295.375214, 56.609619, 64.821213, 60.005627
296.276825, 57.028671, 64.382530, 59.280762
296.557373, 57.085262, 64.206902, 59.116211
296.722778, 57.275337, 63.950146, 59.079117
296.535187, 56.803360, 64.445633, 62.130791
295.766327, 56.978485, 66.993523, 64.063042
295.816498, 56.981636, 66.945671, 64.046593
295.052185, 56.351852, 65.225304, 62.430767
296.555237, 56.131226, 64.699295, 62.901016
295.505829, 56.020653, 65.108772, 61.742767
295.824860, 55.617352, 63.993809, 60.418438
294.920135, 55.483128, 64.997757, 60.579205
294.464478, 54.855820, 65.336922, 64.799828
294.584167, 55.014946, 66.281609, 64.335960
294.468475, 54.838829, 66.133896, 64.873405
293.953491, 54.451801, 65.819267, 65.280426
292.582550, 54.053093, 66.646233, 63.787224
292.051422, 53.895607, 66.633438, 63.275776
291.970154, 54.148369, 66.010208, 62.581520
292.721527, 53.438118, 64.743370, 62.925579
292.093170, 53.831100, 65.214844, 62.979996
291.805664, 54.035767, 64.736435, 62.298397
292.056213, 55.032482, 63.981430, 62.021553
291.853851, 56.195107, 63.553238, 61.925980
291.128204, 55.845970, 64.414444, 62.621044
291.856873, 56.890850, 63.972420, 62.927620
291.809357, 57.289497, 64.216980, 62.604450
292.037720, 56.949707, 64.174294, 62.048485
292.148712, 56.583817, 64.589729, 62.891781
291.920380, 57.135994, 64.586449, 62.000160
292.325531, 57.416046, 63.985653, 61.769436
292.192474, 57.505913, 64.189194, 62.048817
292.464691, 57.775917, 64.166542, 62.902660
292.430420, 58.571762, 63.915997, 62.549007
292.593994, 59.181702, 63.898357, 62.812859
292.614197, 58.162319, 66.387177, 64.116821
292.954254, 58.790703, 66.109604, 64.571259
290.437469, 58.371895, 66.839882, 64.629059
290.561310, 59.301411, 66.927086, 64.159317
290.505646, 59.032024, 67.267601, 64.112167
290.906189, 59.249794, 67.028648, 64.540169
293.211273, 59.825806, 67.706886, 65.627937
291.002075, 59.325096, 67.158218, 65.656609
290.901672, 59.224327, 67.113831, 65.430176
290.796356, 59.483292, 67.045059, 64.596153
290.993927, 59.288353, 66.788879, 65.322472
290.816406, 60.119293, 66.758224, 64.597496
290.642456, 59.836357, 67.039421, 65.450478
290.313538, 59.530014, 67.585091, 66.174904
290.043091, 59.707184, 66.948380, 65.758087
291.107697, 58.771477, 66.492462, 65.762512
290.916687, 59.132988, 66.599983, 65.844421
294.254089, 61.375298, 61.677784, 62.413963
293.697784, 61.291367, 62.300762, 62.693310
293.361603, 61.309074, 62.526260, 62.518993
293.333221, 61.336914, 61.995304, 62.675900
293.824554, 60.789925, 61.507790, 62.783001
293.601135, 61.405037, 62.022617, 62.252686
293.422150, 60.836769, 62.034054, 62.749950
290.109497, 57.791103, 66.087807, 64.963013
293.789825, 60.470020, 61.505146, 62.706158
291.050568, 59.170013, 68.303619, 64.719582
291.704773, 60.345657, 65.892700, 63.254185
291.148315, 58.938141, 67.783150, 64.824257
291.235291, 59.037071, 67.362709, 64.596626
292.253906, 60.324570, 65.628235, 62.549339
291.629028, 58.241547, 66.876015, 64.002388
291.572845, 58.187798, 66.903046, 64.049934
291.651794, 58.488556, 67.037407, 63.612999
291.290344, 58.382919, 67.394341, 63.564621
291.533936, 58.045116, 67.290726, 64.881905
292.081482, 60.847378, 66.911644, 63.060043
291.496002, 60.241966, 67.500977, 64.326004
290.273865, 58.234436, 68.702354, 65.654617
291.610596, 64.594215, 65.845413, 60.241268
292.702393, 60.589684, 63.208088, 63.552723
290.266357, 58.615822, 66.290871, 64.938965
289.892242, 57.537319, 66.212112, 66.155914
289.291504, 56.826962, 66.142303, 62.160866
290.283051, 58.198929, 64.048813, 60.542755
289.979218, 58.331318, 63.787308, 59.983593
289.319855, 58.009483, 64.504822, 60.681984
288.965668, 58.993866, 67.064438, 59.993328
286.992462, 55.076515, 68.644394, 64.165710
287.288635, 56.113678, 67.240891, 63.134697
288.330536, 58.526413, 64.296051, 60.874035
287.540405, 56.262062, 65.576187, 61.995125
287.405151, 56.494019, 66.888489, 62.275524
287.008209, 57.013550, 68.068413, 63.442116
287.593658, 56.392067, 67.190575, 62.461792
287.859039, 56.235027, 66.944092, 62.018295
289.832092, 58.727592, 67.761765, 62.102036
288.794159, 55.142910, 66.941353, 62.601994
290.256165, 55.300800, 68.842735, 63.424068
291.039520, 55.107590, 67.631844, 61.729908
293.039703, 55.677971, 64.699516, 61.304005
293.819946, 55.660347, 64.560051, 61.291744
294.247040, 54.938835, 67.625038, 62.964943
296.199158, 56.588371, 68.146042, 63.027668
296.276642, 57.102135, 64.660957, 61.040150
296.780762, 57.701706, 64.720840, 61.324112
297.149536, 57.553928, 65.391708, 60.581963
297.330811, 58.016266, 64.395256, 59.906937
298.896027, 58.430939, 63.867954, 60.219601
297.720734, 58.168274, 63.564388, 60.339413
298.432068, 59.263939, 63.667908, 59.889912
296.557281, 59.970337, 64.801620, 59.911804
292.118256, 55.491661, 69.041367, 61.795776
294.604889, 56.818253, 67.077415, 61.700874
294.701294, 57.564201, 63.893944, 60.561359
294.581421, 58.545822, 63.470634, 59.592461
293.369934, 57.913216, 64.784698, 61.993595
292.377380, 60.525551, 64.487213, 60.194424
291.548096, 60.134468, 66.469055, 62.786423
291.018097, 63.448410, 65.613518, 62.507511
290.463776, 65.912567, 68.704842, 66.310364
289.868378, 68.223709, 67.034508, 66.088928
289.773346, 72.706894, 62.968975, 64.160088
289.144012, 75.773300, 62.249630, 63.687187
286.798096, 79.974922, 64.581535, 64.356445
286.019073, 83.050583, 63.763741, 63.876171
286.251984, 85.176498, 62.438145, 64.719437
284.747192, 86.053864, 64.364479, 67.197411
284.876587, 89.187981, 63.935940, 66.387733
284.720306, 94.892685, 62.430649, 60.543400
281.422699, 89.547928, 68.144310, 67.224426
281.305359, 90.852119, 67.214676, 66.886993
281.270630, 92.106598, 67.964577, 67.056839
282.822327, 94.989265, 65.979904, 66.184631
283.145142, 100.208649, 63.932346, 60.546940
281.299744, 96.773132, 65.167053, 63.949345
279.421478, 98.753883, 65.034744, 66.402725
280.988495, 99.114639, 64.856972, 64.165520
280.771393, 100.794029, 65.602592, 63.358803
278.941254, 101.552666, 67.408516, 63.434021
276.492218, 101.891525, 70.997841, 66.572342
280.497437, 102.706345, 66.136505, 65.762985
280.516327, 103.460457, 66.590691, 65.585342
276.739349, 102.996590, 70.367088, 67.078323
280.419891, 105.233055, 67.267914, 64.248772
279.327698, 103.042450, 67.790840, 66.145485
283.265686, 110.381813, 62.811714, 58.381683
285.399536, 110.701630, 60.635117, 57.760708
285.250732, 111.040298, 60.723831, 56.612080
280.191986, 103.317680, 67.098930, 64.946602
280.328033, 103.135559, 67.671440, 65.691406
282.517303, 109.710777, 61.300186, 56.810692
282.645355, 109.654922, 61.403072, 57.145756
280.302246, 102.089943, 67.630264, 65.624680
280.211853, 102.207619, 67.733376, 65.318687
280.171387, 101.976044, 67.715858, 65.971199
282.374237, 108.875671, 64.664864, 59.574223
278.941895, 101.967545, 68.103859, 65.883171
282.648224, 108.593079, 63.906860, 59.632198
282.727509, 108.503067, 63.901600, 59.600033
277.098633, 102.709763, 70.195892, 67.887024
278.864014, 102.571228, 68.085083, 65.163612
278.910797, 103.320511, 67.289467, 64.387848
278.677582, 103.395752, 66.974152, 64.028297
279.054565, 103.587532, 66.775864, 64.058266
277.674408, 104.848381, 66.406898, 60.613480
282.088593, 110.817871, 63.653450, 57.439186
278.875092, 106.084473, 65.769020, 60.387150
278.928345, 106.222855, 65.206245, 60.022747
280.163727, 107.283005, 62.617336, 58.014336
280.044250, 107.331108, 63.277615, 58.551571
280.362823, 107.467743, 63.222233, 58.355518
280.278717, 107.384544, 64.035965, 58.347038
280.297974, 107.584564, 62.905277, 58.256962
280.478516, 107.494507, 63.739864, 58.638535
280.217926, 107.171547, 63.958652, 58.628307
279.363281, 104.889915, 65.044731, 60.173470
279.079407, 104.180748, 67.662560, 63.035450
279.396362, 103.928886, 66.974838, 62.179935
279.850800, 103.942345, 65.125534, 60.061852
280.528290, 103.448288, 65.489021, 60.377773
281.393005, 104.432022, 63.730537, 61.109329
278.843872, 101.746399, 69.032104, 67.072350
280.653046, 102.003365, 67.977371, 67.346291
281.096924, 101.612267, 66.206505, 64.427490
280.760406, 101.181725, 66.818367, 65.838448
282.096375, 100.481705, 66.656944, 64.524704
282.714691, 99.282150, 66.660782, 65.862350
284.295135, 99.537560, 65.586273, 65.222847
284.519867, 99.361366, 67.480598, 64.531555
