164.659073, 83.936821, 67.618263, 70.948547
156.991867, 215.075211, 50.495152, 53.159515
162.489883, 82.366959, 68.509132, 77.416481
159.368027, 85.741440, 68.085411, 72.954666
160.505661, 81.609909, 66.054237, 75.609108
161.376877, 79.004829, 66.213341, 76.104988
162.714233, 76.401062, 67.960640, 77.909782
163.809952, 76.440826, 61.170940, 70.067383
161.837067, 73.746933, 69.832504, 75.413803
161.034073, 72.952820, 70.837807, 73.743057
160.278702, 71.215729, 72.442238, 73.750023
161.792587, 69.419800, 72.301544, 74.888443
161.747467, 70.420456, 72.502586, 73.115128
160.602249, 68.562965, 70.969933, 71.954544
159.991608, 67.929123, 70.864723, 69.868820
158.485626, 67.756927, 72.988823, 71.281067
156.108261, 67.767303, 75.397896, 74.819893
155.292969, 69.727646, 74.019310, 73.968460
153.833984, 70.271088, 75.237984, 77.443924
152.863785, 71.238029, 74.234367, 75.994385
150.459061, 74.487999, 75.691406, 76.522461
150.375122, 75.529007, 73.359001, 74.140961
147.541428, 77.043465, 73.756241, 76.441673
146.891434, 79.863609, 73.115135, 74.724274
145.529236, 81.674980, 73.396553, 74.523415
143.635239, 82.516319, 72.042999, 72.868782
143.500137, 83.732071, 70.263031, 71.893700
144.285126, 86.860794, 67.900345, 69.176025
140.813156, 87.107010, 71.794861, 72.329437
141.343872, 85.269379, 68.003487, 69.146690
137.524216, 80.695107, 78.060722, 81.274147
139.936401, 81.149445, 72.197769, 75.377327
139.894638, 78.790352, 72.441261, 74.823120
140.066940, 77.728882, 73.689293, 77.421791
140.720917, 77.352295, 69.510902, 72.481361
140.408539, 75.854149, 69.822044, 72.944603
141.809662, 76.040977, 69.556915, 72.067291
143.993561, 76.213829, 67.574425, 70.482246
144.067551, 75.962257, 67.758957, 70.736488
143.157196, 75.641617, 70.099434, 71.083443
142.707504, 77.928642, 68.884445, 69.852951
141.708847, 79.044769, 72.449486, 71.895576
140.109802, 79.984131, 74.254967, 74.864838
139.893982, 82.437805, 73.145721, 73.210739
158.065918, 205.495956, 55.015858, 58.324192
143.505096, 84.152588, 70.768738, 71.230217
140.439880, 80.883698, 72.964172, 73.337013
140.331970, 80.251617, 69.518967, 68.870239
142.220367, 77.043610, 71.886459, 71.557312
145.855026, 75.367142, 73.265465, 72.949112
148.380844, 72.940506, 71.494774, 71.318115
149.117249, 73.618912, 70.294739, 68.992393
152.511856, 73.276741, 71.831673, 71.286537
156.056915, 71.981033, 74.683243, 76.827614
162.082764, 76.262955, 73.028999, 70.178543
164.830795, 74.978607, 74.591331, 77.212593
168.829391, 76.814438, 74.533554, 77.465805
173.668961, 77.850296, 75.024673, 77.749931
178.093521, 79.514221, 74.851044, 77.729088
182.509720, 77.461899, 75.108727, 77.440315
186.288818, 75.540077, 75.396538, 78.967796
191.451050, 74.855034, 74.053383, 77.279182
195.429047, 74.627548, 73.972244, 76.575035
199.915070, 73.066101, 73.529541, 76.447136
202.846191, 71.909248, 74.342026, 77.001320
206.253647, 70.706207, 74.761482, 78.113190
211.122223, 70.427132, 74.036842, 77.586578
214.298859, 70.275894, 72.401489, 75.958000
219.565643, 71.723923, 71.989868, 76.736481
222.746155, 72.180176, 72.051613, 76.896278
227.222137, 73.717323, 72.204216, 77.974327
232.291199, 76.698303, 70.398682, 77.682365
237.292389, 77.208649, 70.577164, 77.311256
240.869995, 76.531364, 68.277657, 75.909706
244.185883, 75.232239, 68.448425, 77.628021
246.918381, 73.479645, 68.582108, 78.646202
250.200363, 71.206230, 66.258217, 75.745728
252.866837, 71.103653, 67.323975, 78.160202
255.609100, 73.644112, 65.627197, 76.420212
257.893677, 72.787460, 67.746864, 78.124207
262.871918, 73.979614, 66.596581, 77.293777
264.119720, 74.447800, 67.685272, 79.563110
267.198853, 78.110352, 69.254829, 79.111420
267.784546, 77.833710, 71.617416, 82.037537
272.705658, 83.743324, 70.601089, 76.192986
276.143494, 81.221474, 70.711449, 78.817886
280.368469, 82.390030, 68.638565, 77.570465
281.413849, 84.668915, 70.085884, 77.314903
281.476654, 81.515327, 72.676842, 82.110512
282.862061, 80.700256, 74.454887, 84.157257
284.242584, 80.280449, 75.017319, 85.451759
286.579590, 81.216629, 73.647270, 83.230865
289.659210, 81.362076, 71.789932, 79.417107
292.090515, 81.032661, 68.347755, 76.732170
293.989044, 79.450813, 67.359558, 78.750954
290.929382, 77.730858, 70.284103, 80.768913
288.548096, 73.423248, 72.930260, 82.380669
294.043427, 75.218567, 65.783859, 77.426811
292.938202, 77.493774, 66.656693, 74.055840
292.176544, 76.860840, 66.789223, 73.136063
291.738007, 75.046684, 67.374428, 74.045166
292.181885, 73.405243, 66.014587, 75.027351
288.860352, 71.793510, 69.488770, 77.919357
289.319763, 75.312134, 69.726021, 79.389290
287.808563, 76.940857, 69.262520, 76.142502
289.450195, 82.721191, 67.767403, 70.184799
288.211121, 79.894569, 67.908066, 73.927208
286.591309, 78.001099, 69.525505, 76.853973
287.137299, 78.873085, 67.219467, 73.333923
284.852936, 76.719292, 69.491295, 74.809464
283.455658, 75.026993, 70.583199, 75.124672
282.202026, 72.821251, 71.246880, 76.302147
282.053894, 72.143005, 73.934105, 77.983086
282.624725, 71.259018, 69.547180, 74.500671
281.957520, 69.620056, 68.996033, 73.866608
282.171875, 68.153702, 68.497208, 73.484200
282.222473, 65.880661, 67.556610, 73.713036
282.696289, 64.738159, 67.267853, 73.635391
284.645721, 64.408798, 69.141640, 74.428360
285.465393, 64.358658, 68.011017, 73.598991
285.264679, 64.018967, 68.019051, 72.921196
285.349121, 65.167305, 65.811615, 70.546722
291.615845, 63.972355, 63.839005, 68.611237
293.689117, 62.746181, 67.634865, 70.825638
300.565582, 59.525406, 86.510857, 82.477730
295.631897, 61.140488, 87.505569, 87.745850
290.254089, 58.311188, 78.778244, 84.890694
292.742737, 60.071911, 71.074394, 83.102470
291.502441, 63.428459, 67.256294, 83.623093
295.735168, 73.060074, 67.780540, 74.052040
296.477966, 67.336540, 70.632500, 78.514038
302.901917, 71.745239, 65.139587, 75.498802
304.376038, 75.084892, 68.302956, 75.875664
305.508972, 76.095085, 69.647614, 77.293907
308.340881, 79.180443, 69.646072, 78.659241
309.724701, 81.283485, 69.883858, 80.948509
310.607117, 84.128708, 71.643028, 81.865509
309.367798, 85.727692, 74.285210, 82.818092
317.067078, 90.005997, 68.485268, 77.809624
321.193909, 95.202545, 65.213776, 75.199989
317.750458, 92.265709, 70.031952, 78.942078
315.898926, 92.447319, 73.132790, 80.973022
315.730927, 93.438675, 73.642265, 80.997932
316.005127, 93.495659, 72.641022, 80.737610
315.194244, 94.653320, 74.651283, 81.159782
319.285522, 94.258987, 70.786110, 79.727272
315.599548, 94.853638, 73.506386, 81.026131
319.096375, 94.249046, 71.498024, 80.005005
319.361877, 94.544617, 71.587929, 79.376961
318.308960, 95.391838, 74.567673, 80.122215
318.549866, 95.801727, 73.199135, 79.418999
318.080963, 95.887741, 73.120537, 78.181091
318.435913, 94.476578, 71.961533, 77.601906
316.524292, 93.696510, 73.136665, 79.056427
314.669006, 90.717583, 73.002174, 80.921188
312.044678, 88.497124, 77.972641, 86.011154
312.766174, 87.087357, 74.787094, 82.433983
310.231750, 85.119415, 75.233620, 82.585068
308.964539, 82.828163, 75.173759, 82.980888
311.315765, 82.459595, 70.842659, 80.182632
315.027039, 82.135948, 67.965149, 77.814285
314.394958, 79.327866, 67.316971, 78.233795
311.978180, 76.519592, 67.595993, 80.280586
312.589233, 75.193680, 65.795235, 81.264969
311.448914, 73.459633, 66.186752, 82.255371
312.203033, 73.792633, 63.367714, 79.424919
311.506409, 73.375282, 63.472366, 77.762825
308.234894, 75.250107, 67.953430, 77.102707
308.824280, 73.429909, 61.992470, 75.323524
306.784363, 76.052231, 62.529095, 73.997910
304.548889, 76.792610, 61.608635, 75.497604
298.983276, 79.535789, 64.803856, 75.073769
294.264740, 76.919472, 68.699898, 80.006592
293.400055, 80.112869, 66.923462, 79.132011
289.937592, 81.107635, 69.300003, 79.599434
287.869781, 82.356659, 70.032616, 78.908218
291.647034, 85.778564, 66.370827, 74.782623
287.925964, 86.509369, 68.502121, 75.123886
290.483215, 88.890900, 67.137207, 71.214157
286.502136, 88.723122, 68.691711, 73.833374
285.632446, 89.160294, 68.992157, 74.493568
284.377411, 89.555817, 70.858124, 74.826973
283.442627, 89.508705, 71.606743, 75.357483
284.136261, 94.641647, 69.981110, 71.421165
277.500580, 89.638199, 73.980988, 78.696182
277.664703, 90.150047, 74.335526, 79.378288
281.581726, 93.854057, 70.895172, 75.049881
281.423737, 91.860847, 69.888550, 75.829895
280.258301, 92.243057, 70.566879, 74.924973
275.477478, 90.105728, 71.961655, 76.552025
279.166321, 91.084381, 69.968918, 73.403488
278.561615, 90.177719, 70.653259, 73.286430
275.698517, 87.358841, 72.860886, 75.561943
273.644897, 84.610138, 74.040558, 77.595718
273.589081, 87.395142, 71.313599, 71.592430
271.848999, 80.653831, 72.858963, 76.820839
270.842468, 80.692024, 72.548561, 77.550789
267.381653, 77.676796, 73.046974, 76.448601
266.157959, 75.339066, 75.609360, 77.966843
262.501465, 74.423340, 75.329361, 77.133713
260.918396, 73.442047, 76.350601, 78.455177
260.172516, 74.068558, 73.999069, 79.463631
258.029907, 73.979782, 73.810333, 79.186089
255.333572, 76.015190, 73.541817, 75.882568
254.620010, 77.487656, 71.422005, 76.110085
252.215179, 78.780045, 72.046806, 73.172798
249.360336, 80.981171, 71.150337, 73.220146
246.031952, 81.800713, 73.761925, 74.920433
243.245224, 84.549263, 70.871422, 72.990952
239.477402, 86.637138, 69.873978, 72.683052
234.682510, 89.360703, 70.936432, 74.054726
228.574234, 89.645447, 74.947395, 77.834053
224.969452, 93.152328, 72.923416, 73.404289
219.609482, 94.353470, 70.623116, 74.414742
216.301422, 93.616760, 69.616409, 74.856148
209.266357, 96.271568, 70.840927, 72.606995
207.480713, 96.554092, 66.929764, 72.648293
200.803024, 96.176407, 69.718735, 74.426666
197.221252, 95.858231, 67.440857, 74.668716
192.437820, 95.395409, 69.694664, 75.732574
185.898544, 97.436340, 69.615509, 71.770004
181.682556, 97.570366, 71.669212, 75.449989
180.154541, 100.501518, 63.128746, 70.138496
176.449783, 101.941727, 63.287430, 69.095673
170.152557, 103.384926, 67.952385, 73.134552
169.040619, 102.646057, 62.873413, 71.654724
163.611969, 103.572075, 70.356232, 78.042328
160.362457, 103.660645, 68.518440, 76.350883
155.147751, 104.195915, 66.884865, 75.735275
154.889801, 103.912064, 64.369095, 72.938988
151.720551, 105.084068, 68.822525, 76.061043
146.840332, 104.959885, 72.438362, 76.092308
147.657242, 106.895180, 67.892876, 74.264725
142.899445, 106.213898, 71.776855, 74.599953
142.819733, 108.112091, 67.816261, 75.144135
141.706863, 107.329002, 69.750298, 77.789070
137.553192, 108.158447, 66.758713, 75.906487
140.520828, 108.468636, 69.372116, 79.218224
134.199783, 106.410088, 69.429817, 78.621246
136.592819, 108.426865, 69.059540, 77.239464
135.729279, 106.616516, 66.257607, 78.506660
130.496780, 106.797630, 71.880455, 82.219688
130.867661, 107.346436, 70.323738, 81.596817
131.367813, 107.971634, 70.106598, 82.547455
129.952667, 107.222382, 71.877853, 85.246574
130.548294, 107.190903, 67.577515, 82.112595
128.278915, 108.699905, 70.716629, 80.108864
129.790588, 105.430023, 73.499855, 89.933899
128.832474, 104.937508, 73.755898, 89.674942
126.486588, 109.522980, 69.601395, 78.629395
127.255547, 109.473404, 67.861206, 76.693306
129.571548, 106.083855, 71.382591, 84.759117
129.762360, 106.767288, 69.930405, 82.821983
129.194504, 106.559517, 70.086784, 82.394669
127.579567, 108.102722, 67.344818, 78.400276
127.109421, 107.987534, 73.299347, 77.299965
129.505997, 106.395653, 68.688385, 77.647011
128.735413, 107.902931, 73.571014, 78.149635
128.674042, 108.769966, 73.785614, 78.134850
131.438797, 105.735947, 68.298409, 78.622635
130.406372, 107.560204, 73.529358, 79.332054
130.331802, 108.230698, 75.176895, 80.258179
131.434387, 105.326241, 76.225723, 84.638130
132.395386, 105.271667, 76.678505, 82.022629
132.041397, 104.604774, 73.971237, 79.636971
132.810486, 102.676628, 74.402908, 79.588264
137.401001, 102.965912, 73.207596, 78.137985
138.901840, 104.473206, 69.058136, 73.856216
141.414337, 99.806343, 71.327255, 77.364922
139.422836, 100.932343, 76.585571, 80.430649
141.196487, 100.659164, 72.449173, 75.920944
143.477356, 98.735840, 74.152855, 78.598267
144.291641, 99.484261, 74.342659, 77.675209
146.308212, 99.137054, 72.487648, 76.851570
148.093369, 98.659409, 72.505714, 76.248047
151.686401, 99.407913, 68.674683, 72.494331
155.144135, 98.750519, 67.856590, 72.278732
154.289520, 95.691238, 71.419708, 74.966667
156.001160, 95.515587, 74.531364, 76.699730
160.216064, 94.862091, 73.080635, 77.202225
160.531693, 92.888184, 75.905037, 78.325462
164.133774, 91.534630, 76.746201, 80.334831
166.250824, 91.585632, 75.856300, 76.534431
170.117081, 89.335892, 75.251610, 77.634239
173.476654, 86.862534, 76.872185, 78.389687
176.250031, 86.873726, 74.778114, 75.467209
181.062271, 89.829651, 72.196358, 67.268227
183.748764, 83.028282, 73.005928, 74.929100
185.633743, 83.460495, 74.481430, 70.846291
191.269043, 85.375702, 72.007332, 67.455368
194.408096, 81.893867, 73.324516, 69.757141
196.804932, 77.153435, 73.797226, 73.386482
201.379242, 77.200569, 72.966797, 71.537247
205.993332, 78.787430, 72.358063, 70.826347
209.279495, 78.515747, 72.611755, 72.960854
213.884735, 78.574066, 73.096275, 72.349136
217.802567, 76.645836, 70.720963, 72.199303
221.588364, 78.369492, 71.375603, 71.348190
224.655624, 80.113098, 71.741257, 73.961349
227.567612, 81.494171, 72.480858, 74.575760
231.483383, 84.268417, 71.692604, 72.603615
236.800903, 87.850937, 70.194351, 72.476028
240.872147, 87.414330, 70.197617, 73.120033
245.219650, 87.669891, 68.635620, 72.237640
247.537674, 85.937134, 69.967262, 72.385178
249.430328, 81.794281, 72.161720, 76.744926
253.916046, 83.143394, 69.386322, 72.791519
255.789627, 82.720711, 69.531303, 74.252327
259.653656, 82.419991, 68.449669, 72.239723
261.875977, 81.576263, 68.335472, 71.913017
264.808105, 85.045364, 69.337585, 70.724380
268.121460, 83.199226, 69.418869, 74.269508
271.262421, 85.269157, 68.463249, 74.457550
273.450531, 85.427231, 68.454391, 74.154739
278.072754, 87.568413, 67.733093, 76.177620
278.623566, 88.144653, 69.044922, 76.368263
280.632568, 90.100006, 70.060211, 76.984962
285.320618, 92.722702, 70.276825, 76.077126
287.769958, 93.272964, 69.537476, 76.482155
289.144012, 92.386917, 70.007759, 79.128754
292.216553, 92.486969, 68.752884, 76.704079
295.305359, 92.046616, 67.798462, 77.062912
297.374298, 90.715721, 67.191650, 77.388687
299.822784, 90.315292, 66.975601, 76.790123
302.515045, 89.638977, 65.739944, 75.974098
307.204285, 89.477982, 63.422562, 71.715355
306.168060, 84.710640, 64.216698, 76.071136
315.455811, 83.157425, 59.563030, 76.190041
316.631836, 84.118965, 61.922531, 70.172592
316.839203, 81.359543, 61.240990, 74.062645
319.154388, 77.598907, 58.173733, 72.078140
317.892029, 77.670631, 59.640308, 71.264290
312.379272, 76.643852, 63.287884, 71.941177
308.599915, 77.184807, 69.085686, 75.680611
310.903381, 76.215546, 68.578644, 75.263756
313.643433, 75.010696, 63.745659, 72.668915
317.884125, 75.660400, 66.732582, 74.085869
321.691040, 76.623833, 65.479225, 73.526337
321.083069, 76.640884, 63.732807, 73.572655
323.823212, 75.263931, 63.026093, 71.987625
324.778748, 78.589096, 64.305031, 71.900108
328.232025, 82.002937, 62.245598, 70.511406
329.874176, 85.868370, 66.447632, 74.438904
334.616150, 88.427994, 66.736427, 75.100594
337.445221, 92.163330, 66.354698, 74.934380
340.259918, 96.792084, 67.856621, 80.037094
343.828735, 100.992897, 67.032715, 76.246925
351.434601, 111.156082, 61.328255, 71.588470
353.936523, 111.720291, 65.087166, 73.934242
355.113129, 115.806862, 62.283905, 74.466980
356.793701, 119.539261, 62.538956, 71.799942
357.643707, 119.714729, 63.250111, 76.724709
357.180511, 119.042145, 65.758438, 78.010544
362.627991, 120.406464, 63.790867, 77.309814
361.835846, 121.900520, 63.854031, 75.989738
364.078949, 122.024406, 63.304268, 76.023903
363.475098, 123.335266, 64.197418, 74.364319
364.940338, 122.442139, 64.471024, 76.446838
364.630798, 121.915260, 64.569626, 75.264572
364.821198, 122.470772, 64.786217, 73.821312
366.366821, 121.174271, 62.729645, 76.788551
368.294189, 123.335602, 62.601334, 76.969688
368.311707, 121.821510, 62.126831, 76.195251
370.234894, 123.244110, 61.685532, 76.937531
368.508789, 123.777840, 63.305653, 73.537621
369.338501, 124.083282, 64.369705, 74.160744
369.553406, 122.819237, 65.187851, 76.393959
369.063324, 122.376923, 66.922958, 78.282082
367.195404, 120.684372, 65.655228, 80.203209
368.828461, 120.213882, 63.837112, 78.389702
368.803894, 119.637444, 64.157631, 78.598228
368.743195, 119.379082, 64.527443, 79.342102
373.031311, 120.902596, 59.954838, 75.598625
370.631836, 118.625114, 60.146282, 73.465843
365.405487, 115.979691, 64.382942, 74.617821
366.512115, 113.578247, 59.750000, 73.816132
357.752960, 114.103867, 62.872135, 74.033272
354.677795, 113.007599, 64.556114, 74.752632
355.135010, 111.308495, 64.128899, 75.450523
355.028351, 110.263046, 63.052620, 76.584663
356.132843, 109.209801, 63.745850, 76.555977
357.048920, 113.274780, 61.660614, 73.226540
356.537964, 112.059067, 62.571217, 75.619240
358.597321, 111.990036, 61.927700, 74.286194
359.580353, 113.934875, 61.218842, 71.457283
362.599884, 112.854553, 59.807842, 72.030693
365.056610, 118.616844, 62.077274, 69.195213
365.353271, 116.445938, 61.076859, 73.694893
367.098511, 117.856140, 60.349983, 73.625275
367.242035, 118.372787, 59.510071, 73.019020
364.153839, 117.086098, 63.450283, 77.496521
370.004639, 118.532494, 57.677399, 72.656029
361.849915, 115.706650, 65.526039, 78.860023
368.168243, 120.888000, 59.514893, 69.486679
365.391815, 120.079559, 61.638405, 74.403778
364.739044, 118.204849, 64.247475, 78.589493
367.098419, 123.578751, 62.398422, 73.559357
369.728790, 120.124657, 60.738575, 75.088295
368.594452, 119.309982, 60.512604, 74.620903
370.705780, 118.434830, 61.012371, 73.791931
370.318024, 118.400063, 61.295425, 73.453560
371.374664, 119.053810, 61.708122, 74.075531
369.857056, 121.335106, 62.523109, 75.353737
370.682922, 122.425026, 61.107288, 73.635773
369.423035, 122.945702, 61.970322, 74.249947
372.867676, 119.558167, 58.732067, 74.300362
371.897705, 121.196121, 58.650127, 74.128952
370.286377, 123.934822, 62.724480, 75.991371
368.197052, 123.160988, 64.130600, 75.801239
367.324249, 120.638397, 62.378132, 75.361305
366.988800, 119.293251, 61.062996, 76.824020
362.182617, 115.802849, 63.430973, 78.766968
359.767914, 115.132240, 64.753448, 78.923820
358.548126, 117.362747, 63.781227, 77.270218
353.641937, 118.502441, 66.161522, 78.861893
354.349335, 113.127701, 63.570026, 77.633774
349.608551, 114.522461, 63.977745, 73.949142
346.486450, 116.342598, 63.814713, 70.592964
344.433380, 112.516937, 62.781784, 71.554726
339.491119, 109.477882, 64.388008, 72.028000
334.908356, 107.489029, 64.488220, 72.557014
328.021301, 109.422188, 65.186302, 67.675743
323.071625, 100.014503, 67.597473, 72.511879
314.966187, 95.503929, 71.996590, 76.410515
310.579041, 92.383614, 70.516098, 73.383270
305.884918, 89.083214, 73.298752, 73.872330
302.769562, 85.910721, 71.296684, 71.938698
297.024811, 84.048149, 73.872208, 74.236511
292.182343, 83.210716, 73.819717, 74.377487
289.502991, 79.573509, 74.996529, 75.863548
286.316895, 81.743057, 77.035263, 78.328407
283.796539, 80.016556, 74.458450, 76.736176
280.113037, 78.755814, 75.220673, 76.979050
274.805908, 77.630157, 76.936905, 77.838181
272.493835, 75.742851, 76.707153, 77.838425
266.921356, 73.840538, 76.120155, 74.640678
263.678131, 74.774849, 74.141968, 71.734772
258.787720, 74.448311, 74.082901, 73.876503
253.247299, 73.333992, 77.259109, 74.643661
248.814011, 73.894165, 74.756721, 74.260605
246.334396, 77.397369, 75.282890, 69.163429
243.216125, 75.435593, 77.431229, 76.907608
238.470779, 74.337341, 70.332542, 73.132988
234.767151, 74.479012, 75.806961, 76.323257
227.997589, 79.861275, 75.725952, 73.470177
225.293411, 82.762619, 72.127083, 72.761635
226.529251, 95.225800, 70.274467, 66.856705
217.883118, 85.997345, 74.572128, 75.597252
215.576828, 88.669060, 71.482887, 74.956200
213.011612, 89.698975, 70.364311, 75.782082
208.182251, 90.107605, 73.861275, 76.586433
201.204178, 89.063255, 81.986069, 85.627319
201.985077, 92.803154, 71.018303, 74.197990
199.191360, 96.115891, 73.225266, 74.615494
194.680756, 93.018852, 74.565971, 76.402573
193.546310, 95.661789, 73.563568, 75.233971
191.200806, 94.911728, 75.165367, 79.454468
188.143646, 95.742668, 71.061844, 71.879936
187.846069, 95.245934, 68.882256, 73.609520
184.751038, 94.290985, 71.538895, 73.174301
182.545517, 93.475052, 72.622566, 74.654739
181.738235, 93.897156, 73.066193, 73.577538
180.370209, 95.008430, 70.222656, 72.595741
179.524765, 100.456810, 70.437195, 69.637207
177.885742, 99.674187, 72.489838, 72.345291
176.612961, 101.822281, 71.705254, 72.164391
175.251450, 104.075752, 71.719681, 71.687416
175.395706, 108.383972, 71.713959, 69.989960
174.101852, 107.902733, 70.181076, 72.206581
173.789932, 111.612953, 70.349739, 68.651886
173.278534, 111.961876, 69.664467, 69.376610
171.900497, 110.770737, 72.548203, 74.353027
172.903397, 113.268578, 69.182625, 73.040421
171.162903, 113.025307, 68.995384, 69.559372
170.944031, 114.735039, 68.401970, 67.424774
170.486313, 115.039948, 68.800461, 67.082283
170.486542, 115.072563, 69.629936, 70.493622
168.172012, 115.727600, 70.586052, 69.985611
167.739136, 116.319687, 70.833305, 67.926987
167.213013, 116.593346, 71.439140, 68.303703
165.169083, 116.473816, 71.492401, 68.035957
164.529373, 116.320679, 71.709122, 68.313171
164.598938, 115.981064, 72.000717, 68.510986
162.112305, 115.766602, 72.160255, 70.703369
136.167969, 112.346161, 96.216042, 89.417877
163.668961, 113.996811, 73.709946, 68.942169
164.025070, 112.274719, 74.390038, 70.601326
165.585907, 110.290649, 74.704079, 70.957535
167.353714, 107.774773, 73.661278, 71.430122
168.438049, 100.738808, 67.390419, 66.667313
168.975174, 102.337379, 75.605156, 73.646248
171.225647, 96.100235, 68.599297, 69.846474
168.642105, 97.315468, 74.896393, 74.354431
171.707764, 99.088669, 76.305328, 72.224724
172.846893, 97.352661, 76.160698, 73.442177
173.477386, 96.137154, 75.191154, 74.121666
174.019196, 96.032776, 76.275558, 75.486595
177.037170, 96.219788, 74.448807, 77.335388
180.059357, 99.225502, 73.798599, 71.442970
181.737686, 99.769928, 71.923271, 71.497673
182.111374, 101.607895, 73.104111, 71.967072
184.224701, 104.385857, 72.077316, 69.741463
184.924194, 102.289658, 70.063484, 71.406906
185.594299, 103.418556, 70.380661, 71.008316
186.486450, 103.464142, 69.578949, 70.591820
187.214325, 103.662460, 69.240593, 70.618767
186.083405, 102.871574, 72.162376, 74.376404
188.784363, 103.827606, 70.575386, 69.817245
188.250061, 99.977753, 72.063835, 73.777718
187.749512, 98.643280, 73.024925, 73.912865
188.902115, 95.926628, 71.558586, 72.418839
189.359375, 94.542603, 71.870041, 72.993416
189.747513, 93.621574, 71.321320, 72.582100
191.178253, 94.470352, 72.260529, 69.107811
191.180511, 94.024117, 70.471390, 66.948647
189.643448, 85.378616, 72.478355, 72.431351
191.032547, 85.478867, 72.090408, 68.622704
190.130005, 83.492569, 73.017082, 67.596817
187.278030, 77.671799, 74.280785, 71.003349
187.281021, 76.717896, 74.349388, 69.752907
187.233383, 71.973770, 72.913940, 72.270752
189.565750, 69.585510, 72.853668, 71.724281
193.416275, 70.861298, 71.804108, 67.637451
193.719696, 69.016350, 79.495148, 79.183990
196.483658, 67.744843, 75.092216, 72.321617
196.708801, 67.495247, 76.144051, 74.971558
197.481522, 68.195770, 72.293968, 70.687859
197.779709, 69.514969, 73.732079, 72.393471
196.599915, 69.934540, 74.882370, 72.984787
195.840744, 70.493225, 74.780174, 74.020348
197.355209, 70.120331, 71.068176, 72.403137
196.038376, 73.848953, 76.971718, 78.463631
198.788391, 72.343834, 71.450012, 74.100555
196.489609, 75.007202, 77.181435, 80.660995
200.178101, 72.523842, 73.024483, 77.513145
201.058029, 72.988838, 72.297150, 74.809746
203.892700, 70.891449, 72.495766, 75.902176
203.037445, 68.120651, 76.365044, 78.176575
205.822678, 70.465622, 76.210602, 76.537766
208.752533, 68.366844, 74.114700, 76.583496
211.300049, 72.173439, 72.442474, 73.480583
215.355911, 71.943054, 70.875488, 75.336662
216.094772, 71.856552, 72.032745, 76.924545
216.272125, 73.709885, 73.305618, 76.661774
220.926514, 77.957863, 68.316948, 72.444519
221.264709, 75.158783, 72.009399, 76.259148
225.028915, 75.034157, 70.141014, 76.905167
229.200928, 73.930283, 67.753822, 74.553101
229.670532, 75.864861, 65.996475, 72.573517
232.566803, 77.444122, 66.618507, 70.747391
234.065430, 77.749474, 65.223671, 69.026001
235.654709, 77.496399, 66.295738, 68.639793
235.701859, 75.727867, 65.474342, 71.152695
237.304916, 76.825638, 65.208923, 72.062737
237.605957, 74.093811, 68.227257, 76.429268
238.434479, 76.238358, 68.313339, 76.387314
239.648819, 77.483154, 68.033966, 76.623749
241.469925, 74.745575, 68.911003, 78.609932
240.866333, 75.555237, 69.605080, 79.060326
242.209564, 76.438354, 68.979141, 77.466248
243.818741, 76.353600, 68.182739, 75.786430
245.407959, 75.453178, 67.745193, 75.059166
248.335571, 80.651764, 65.027748, 69.528809
248.543503, 82.156975, 65.577087, 69.645729
248.321274, 79.780510, 67.923813, 72.640907
250.106247, 81.888107, 66.641792, 71.221596
250.438934, 84.597710, 67.777794, 70.207565
249.505981, 81.636375, 69.280991, 73.548965
249.730881, 83.108994, 69.055527, 72.814117
250.988602, 83.018173, 67.537018, 71.799316
250.745407, 83.494682, 67.527176, 69.059685
250.325012, 82.143799, 67.866890, 69.333237
248.270996, 81.613609, 70.172112, 71.500038
246.114227, 82.456215, 71.802155, 74.450554
244.572830, 81.910599, 71.664215, 71.808929
242.528366, 82.677658, 72.723717, 74.041992
242.610947, 82.901489, 71.446243, 71.033508
240.547394, 84.170845, 73.571220, 72.597321
238.502045, 82.565460, 73.262917, 74.388977
237.873032, 82.615593, 72.974884, 74.135307
235.795319, 82.519211, 74.182625, 75.652710
235.541153, 82.826584, 71.986557, 74.905174
234.327728, 83.023727, 72.003113, 73.118530
232.357620, 83.810966, 74.374054, 76.002724
232.486801, 83.865334, 70.654427, 75.008835
230.756241, 84.798904, 71.682755, 72.941109
230.927231, 83.861786, 70.053787, 74.230232
231.086029, 84.639191, 73.201691, 74.460289
228.152359, 85.759834, 73.730774, 74.413841
227.950378, 83.350502, 74.276863, 76.806480
228.540543, 86.502228, 72.145226, 72.615349
228.046860, 82.908867, 72.073364, 75.514748
227.212677, 85.670891, 72.805817, 71.971214
228.968079, 83.246010, 70.135155, 74.618309
226.389008, 84.802177, 75.564262, 76.103668
228.690292, 81.405380, 72.029938, 73.195709
232.363281, 81.313049, 72.657959, 71.564209
235.667343, 79.785461, 73.870033, 70.332108
240.573990, 78.545464, 74.985298, 70.350616
244.302795, 77.295456, 76.006615, 73.282936
246.858917, 74.982727, 75.467545, 77.690956
250.211670, 78.470551, 74.984283, 76.194221
252.453369, 78.005959, 77.009903, 80.180748
255.738556, 80.322884, 76.968697, 82.891960
259.650421, 82.949532, 74.082901, 77.733551
262.595490, 83.054901, 75.161034, 79.413322
266.784760, 84.552841, 71.472000, 74.801102
267.229248, 81.404602, 72.301674, 77.803017
270.770203, 78.664474, 69.373688, 75.777603
272.567596, 77.036896, 69.215134, 75.308296
273.194031, 75.477142, 68.696846, 74.809021
273.822235, 74.792946, 68.741859, 74.619835
275.410065, 75.104317, 68.862610, 74.744850
279.753998, 80.839676, 67.683701, 69.419655
278.884094, 77.458061, 69.759605, 75.341927
284.564972, 83.269943, 66.840576, 70.407928
287.061737, 85.930054, 65.700661, 69.339745
286.997375, 82.990387, 69.099106, 74.908775
287.934479, 88.150696, 68.485641, 73.937599
292.191925, 93.729172, 68.858643, 69.345085
295.114288, 95.451797, 69.219070, 72.175789
296.373169, 98.610031, 69.114639, 74.443024
298.929047, 105.515099, 69.957413, 73.648193
298.946136, 110.332802, 69.764175, 74.006882
299.449463, 109.966705, 71.722229, 76.600601
301.224182, 111.599190, 72.522606, 78.309395
301.442871, 117.788574, 70.483650, 74.176949
299.915863, 119.057556, 71.827705, 75.924622
303.038300, 115.270432, 70.509323, 76.517433
301.053986, 115.010117, 72.445892, 75.111839
300.997589, 117.338776, 70.507271, 72.196548
298.937012, 115.783478, 71.150795, 71.196075
296.345245, 112.230431, 70.511497, 70.147163
292.950775, 110.301437, 69.570084, 69.085747
288.283875, 109.141098, 69.908302, 68.320244
283.126007, 105.381828, 72.162834, 70.476601
279.181091, 103.812065, 71.422195, 71.210976
274.990417, 100.207298, 72.050308, 73.038712
271.625153, 99.276199, 70.671440, 71.610733
267.949768, 95.886353, 71.204727, 73.986565
263.719360, 92.811256, 74.172211, 74.284668
261.403656, 91.625504, 70.422623, 72.472618
256.922882, 91.261917, 71.605728, 71.010612
253.880157, 90.852661, 71.300636, 73.297592
250.148209, 90.042061, 72.387390, 75.210037
247.102585, 87.861542, 73.595810, 76.556496
244.885956, 87.609314, 75.948174, 76.541672
243.903427, 86.782104, 75.808914, 77.388016
240.487244, 85.999886, 74.682297, 80.963264
238.097290, 89.881538, 74.935692, 77.921570
235.533966, 90.877228, 74.929474, 78.276855
233.536179, 91.007744, 74.902596, 76.714783
231.417084, 92.550552, 74.639107, 76.205246
227.608902, 92.199165, 76.827469, 77.684807
226.902420, 97.026489, 73.364922, 71.849541
221.276825, 95.535278, 75.797340, 80.079750
220.134720, 99.019012, 73.839928, 71.401764
219.118271, 98.011673, 75.897980, 75.361488
218.536682, 99.452454, 75.378456, 77.451111
215.076523, 98.390114, 77.532463, 78.149498
214.555450, 99.791367, 75.695709, 76.502861
212.260254, 100.768372, 76.549858, 78.754288
210.537140, 100.292892, 77.343491, 80.643295
208.955276, 101.257629, 78.953278, 81.390495
211.388412, 102.015564, 73.181435, 80.931343
206.377319, 100.816177, 76.824364, 84.054642
203.480286, 101.935432, 77.564484, 81.992325
201.896988, 102.899826, 76.774223, 79.769066
201.223312, 102.987167, 74.738495, 77.784828
198.485336, 104.042664, 75.502518, 78.299538
198.451492, 106.009979, 74.408798, 78.127563
197.738770, 105.181427, 73.695175, 74.684898
196.485062, 107.039017, 72.319710, 70.695602
194.942307, 106.832733, 73.203323, 69.885132
193.127548, 103.710251, 73.662849, 73.408333
190.283859, 102.464752, 75.495697, 76.391235
191.113907, 101.944359, 72.688141, 72.436646
189.729218, 99.649605, 73.526443, 73.319260
188.047363, 97.080406, 74.057129, 73.866608
188.290131, 95.820923, 72.462624, 72.237907
186.011139, 93.505402, 72.340454, 74.332680
187.843033, 96.124832, 71.276566, 66.935173
185.420441, 88.932053, 71.822304, 72.300575
184.065506, 88.573273, 72.115501, 71.573219
184.081314, 90.107780, 71.428932, 69.089554
185.528381, 92.034760, 70.926331, 66.530098
184.981964, 92.070778, 70.030190, 66.587830
183.832977, 91.065041, 70.209694, 68.049736
183.695511, 91.177063, 68.707047, 68.546227
179.133133, 91.215416, 70.674004, 71.598778
177.090042, 88.554588, 73.865120, 75.860741
176.732391, 87.254181, 70.316803, 74.711487
174.664520, 88.277176, 70.344009, 74.732796
173.160385, 93.120895, 73.032440, 78.177788
170.723160, 91.075729, 72.588554, 75.236526
170.647705, 91.299065, 73.001030, 76.044136
170.370636, 92.080811, 72.915436, 78.439781
168.647339, 93.162811, 70.469505, 75.574471
168.884155, 94.402710, 69.321632, 74.273201
167.373062, 95.961662, 69.587250, 74.295586
168.236206, 101.916336, 69.139366, 69.568932
168.026505, 104.434357, 68.494308, 67.759674
169.087387, 104.975632, 63.098724, 66.025620
167.250870, 108.079277, 67.410957, 68.879547
168.749161, 111.130531, 65.832092, 67.108292
166.213318, 114.005165, 65.708611, 68.281883
164.447952, 119.465057, 66.911774, 68.940247
165.455063, 120.199463, 62.336704, 68.404854
164.028549, 124.928680, 68.423332, 73.723434
163.760773, 130.749664, 67.233376, 69.054871
163.296417, 132.256302, 70.035904, 72.483780
161.703049, 130.371414, 65.777557, 69.522697
161.699905, 129.628479, 64.090385, 67.469368
163.896698, 130.311859, 63.243652, 67.921860
165.257996, 132.685165, 64.510750, 64.749565
166.491104, 131.805374, 62.606106, 66.278801
165.928772, 133.045563, 63.886448, 64.211769
167.606079, 133.256912, 64.434052, 67.726929
167.091248, 134.578568, 64.610062, 64.348785
166.399658, 134.500000, 65.159637, 64.426979
168.943695, 136.173599, 64.497833, 64.730759
169.202988, 135.998245, 65.998741, 64.660995
169.531982, 136.462677, 64.499390, 64.651123
167.243103, 135.882278, 64.190926, 66.303040
169.493378, 137.351532, 64.514214, 64.271225
170.374557, 138.139130, 64.337830, 64.492538
170.944565, 138.559921, 64.345879, 65.716904
170.693527, 138.855743, 64.384575, 65.241463
169.825073, 138.612839, 65.406952, 65.934105
169.839584, 139.463211, 64.137009, 65.158470
168.265213, 138.992920, 65.112679, 66.097565
167.648407, 138.928726, 65.255753, 65.896744
168.664307, 136.941040, 66.282951, 67.703552
167.699493, 137.867111, 69.524040, 71.160812
167.866348, 138.579071, 68.266731, 70.473625
167.919586, 138.646667, 68.342506, 70.520668
168.246216, 138.581177, 68.110550, 70.215187
167.547592, 140.339203, 62.365532, 63.205517
167.239182, 136.636475, 66.922752, 68.331474
169.114288, 138.589630, 65.624565, 66.749527
168.770569, 135.961548, 66.291016, 67.975540
170.387268, 134.258743, 65.494987, 67.368446
169.035278, 130.822617, 65.620247, 67.077438
171.515579, 127.149597, 64.980148, 67.686272
170.930420, 122.473061, 68.401672, 69.191277
175.425934, 117.835213, 66.518707, 70.704788
178.534027, 114.393723, 67.206108, 69.560059
181.493698, 107.661888, 68.894775, 71.582947
184.769989, 98.545975, 69.985580, 71.199417
188.643478, 90.452827, 72.123901, 70.690918
191.939240, 80.759888, 68.279533, 72.595100
190.975433, 75.504814, 68.018578, 71.536087
187.355118, 71.951797, 68.971802, 65.205605
184.096542, 69.250061, 73.691032, 67.006454
186.945404, 66.833084, 70.525330, 64.188576
187.194626, 65.064346, 70.417587, 65.283066
188.143448, 64.123810, 70.172508, 65.883514
188.492828, 63.741699, 70.668602, 66.940033
188.393784, 63.544979, 71.444641, 66.258949
188.946915, 63.920361, 71.428162, 65.792984
188.612000, 63.518635, 71.771263, 67.278870
187.926376, 63.927643, 69.664764, 68.194878
188.706161, 64.375198, 69.430176, 68.285828
188.895935, 64.250031, 69.013954, 68.509018
188.663483, 64.644440, 69.110138, 69.031525
189.456177, 66.890106, 72.567650, 67.165215
188.587296, 65.018387, 72.975716, 68.513344
188.461090, 63.269493, 71.803841, 70.129379
189.302307, 66.166817, 72.660728, 68.132767
188.438721, 61.085762, 72.385498, 69.271355
189.024643, 61.950806, 71.354622, 67.869926
189.865829, 60.413094, 72.895599, 70.977936
191.132660, 61.122807, 71.570381, 68.330101
189.220139, 58.213577, 72.257881, 68.409081
189.575653, 58.545444, 73.501144, 70.749214
192.256256, 58.706390, 70.841919, 67.306313
193.626221, 59.010429, 69.447800, 66.720161
191.900925, 58.601501, 69.843155, 66.822319
191.836426, 58.188393, 70.830139, 67.736801
189.947250, 57.605732, 72.888893, 67.304108
192.502533, 58.264275, 69.695229, 67.809235
190.912415, 57.587494, 73.745544, 73.565208
192.179565, 61.388069, 74.219765, 72.672493
191.809494, 59.929466, 73.468460, 72.351143
191.260529, 60.168304, 73.906166, 73.343422
191.383469, 62.694447, 75.239571, 74.762482
191.416138, 64.230301, 74.977654, 75.339882
189.259949, 62.624722, 76.746376, 78.594772
191.192001, 65.938057, 75.145645, 74.810753
190.151749, 65.724632, 73.103447, 74.515266
190.185349, 68.722137, 75.412712, 74.293320
189.346085, 67.812836, 73.228531, 74.278412
190.400131, 70.754807, 74.359642, 74.833130
189.628632, 72.264977, 74.076988, 73.920326
190.395309, 74.886696, 73.596474, 74.765083
190.761475, 76.252510, 71.089317, 72.982658
190.143311, 80.552811, 71.338722, 73.842690
188.580734, 82.607605, 74.305862, 77.542290
188.498856, 86.082466, 73.850281, 76.517105
188.602127, 88.399254, 72.027657, 74.477318
188.563232, 89.481812, 72.534843, 75.748627
187.419205, 89.678596, 74.639061, 81.397812
188.025238, 91.036682, 74.842445, 80.040527
189.302856, 92.210968, 70.569511, 77.388313
189.117722, 92.429565, 71.434700, 77.483910
187.088638, 91.284805, 72.859093, 77.486855
187.731476, 92.824600, 71.970131, 75.214211
186.489777, 89.865837, 72.881142, 77.640327
187.592773, 90.290817, 72.826088, 75.878059
185.971619, 88.666893, 74.606087, 74.285141
186.997040, 88.022369, 72.956657, 72.775414
188.466522, 87.150345, 72.904030, 74.986809
190.051743, 84.961288, 70.337395, 76.511391
187.442612, 82.035370, 74.294174, 76.393036
188.223724, 82.006859, 72.607330, 72.961639
188.203262, 79.880302, 73.593307, 75.064217
189.080246, 79.694328, 74.817223, 76.005722
189.592178, 78.673813, 73.793335, 77.011734
189.719864, 77.228821, 73.928200, 80.100685
190.114807, 75.035126, 73.524940, 78.102829
188.613266, 75.051186, 75.331390, 79.808006
189.570068, 77.188583, 74.490364, 78.295280
189.731430, 77.628784, 73.725540, 78.580200
187.677414, 77.885010, 76.680946, 80.012917
188.980453, 79.139465, 73.412117, 79.523499
186.711151, 81.450668, 76.471466, 79.361389
188.886215, 78.762337, 68.558449, 73.217865
186.903870, 83.176224, 75.409721, 78.638626
188.401718, 81.521408, 69.185539, 76.756378
187.631241, 82.718147, 69.871666, 78.483284
187.203339, 85.638115, 69.331573, 77.095261
187.079483, 84.441528, 71.065323, 76.505356
189.226120, 86.107895, 67.968895, 74.744553
185.974442, 87.680794, 72.609932, 74.725197
185.387161, 87.734756, 72.420769, 76.388512
185.167084, 88.834091, 72.287292, 75.129845
184.213715, 89.047127, 73.053276, 77.642227
184.879623, 91.091156, 72.535362, 76.342056
184.475311, 91.274422, 72.526085, 77.771301
183.850784, 91.488434, 74.803787, 78.023285
184.043381, 92.028801, 74.479301, 77.735260
185.570160, 92.632675, 70.537125, 75.323097
186.399994, 93.723717, 69.606140, 74.257874
185.089478, 94.835884, 72.599281, 72.031845
185.549667, 94.598190, 72.420357, 73.311066
185.496658, 94.061272, 72.878510, 74.241882
185.356461, 92.643303, 73.009079, 78.229515
185.452972, 92.282974, 74.720482, 77.360008
185.755966, 92.823593, 75.341774, 77.223732
185.851624, 90.650688, 74.995552, 78.467018
187.329376, 90.885475, 74.069397, 78.148811
187.348358, 91.076920, 74.596863, 78.281708
188.294952, 90.807396, 74.489700, 78.567162
185.674988, 87.483864, 78.582672, 84.190178
188.873032, 89.364365, 74.930336, 80.713089
186.410187, 86.989502, 78.151123, 83.582382
190.485703, 88.018173, 75.072510, 80.185013
187.696716, 85.693352, 76.815353, 84.017769
189.090942, 85.884125, 77.406830, 83.403542
191.419312, 85.826355, 76.230446, 80.559357
193.042252, 88.637909, 76.895798, 80.026375
194.736450, 89.375053, 76.601227, 81.504684
197.314331, 92.520271, 75.263329, 78.653229
198.327881, 94.348152, 75.163857, 80.587486
200.352676, 96.624069, 76.425575, 77.887276
201.145203, 97.668076, 75.395470, 75.781128
203.021683, 99.322586, 73.854309, 74.672882
202.165771, 98.064850, 77.417709, 78.871918
203.985565, 98.532135, 76.125130, 76.904373
203.710709, 98.880371, 75.326004, 75.855713
205.471909, 97.578178, 76.462563, 77.284935
206.506424, 96.678093, 76.386955, 77.207649
207.670303, 96.578201, 76.366570, 77.865555
208.052322, 96.173409, 76.806740, 78.673019
208.497131, 96.443710, 75.762779, 76.792938
209.013245, 96.135559, 76.816422, 77.913406
210.277435, 95.797119, 75.303543, 76.798218
209.049805, 95.049446, 77.971977, 78.888123
210.514511, 95.378830, 75.763649, 76.653893
211.295670, 95.647247, 74.949837, 77.200531
210.845306, 94.434441, 75.951797, 75.885918
212.900574, 95.454849, 74.226112, 73.856781
211.031921, 92.490814, 76.401230, 78.171806
209.933914, 92.883598, 76.019737, 75.778717
208.113770, 94.218933, 76.982574, 79.086441
206.084381, 95.331383, 76.129669, 77.813805
206.388428, 100.377190, 72.560013, 73.852341
205.157974, 101.416885, 72.162880, 74.663849
204.963272, 104.447456, 72.491806, 74.953346
206.623947, 108.202141, 71.503677, 73.013916
207.243164, 107.665527, 74.171425, 74.791748
210.336426, 108.241394, 72.989464, 74.170815
207.676117, 106.207672, 73.810112, 74.487549
208.377014, 107.209755, 72.077255, 71.952911
207.950119, 104.266190, 72.973717, 73.832085
204.210556, 102.570374, 75.038490, 77.762611
207.747025, 104.782181, 71.894661, 73.889847
207.471039, 104.784805, 72.527252, 73.885277
207.260101, 104.059563, 72.598602, 73.177666
207.556015, 104.248367, 72.940765, 72.856094
208.181259, 103.160751, 71.119797, 73.353584
206.980408, 104.065872, 72.691223, 73.167229
207.960709, 104.507286, 71.402863, 71.290840
207.901611, 104.108200, 70.932663, 70.884811
206.923447, 103.269333, 71.330910, 72.319839
203.128021, 100.975807, 74.535789, 75.833252
203.073196, 102.363815, 72.710739, 73.564301
203.205048, 102.064774, 72.586746, 73.800949
202.794922, 101.878387, 73.097458, 73.175430
201.466431, 100.530502, 72.712585, 72.650864
201.515686, 100.289917, 72.637009, 73.492340
200.989243, 99.837418, 72.834457, 74.509209
200.979080, 100.377144, 73.416481, 73.751892
200.937958, 99.928818, 72.684181, 75.196518
200.763931, 100.080040, 72.645988, 74.688217
200.635437, 100.044579, 72.935120, 75.051247
200.548782, 100.068359, 73.306450, 74.723648
201.010651, 99.883812, 72.417397, 74.210571
200.803009, 100.259895, 72.216820, 73.388329
200.932602, 100.098236, 72.346344, 73.945267
200.634521, 98.910568, 72.907036, 74.926331
201.579666, 98.467308, 72.608467, 73.099861
201.031052, 96.860542, 73.088608, 75.319283
200.651810, 95.305954, 72.452873, 75.626785
200.334641, 93.653152, 72.963524, 75.391083
200.230728, 91.354088, 71.942093, 73.346535
199.575394, 89.684547, 72.288124, 74.688545
201.308563, 91.576019, 71.763390, 74.579475
200.493683, 91.210327, 72.152863, 72.336136
198.065689, 89.824509, 72.985321, 73.409958
197.715042, 92.061691, 72.742798, 73.902321
200.915817, 94.324455, 68.718216, 73.148636
199.293030, 97.174576, 71.524925, 71.466194
200.785995, 98.591125, 68.734833, 73.700447
199.641586, 100.398544, 71.277832, 73.118973
200.191330, 100.996941, 70.860016, 72.998650
200.875595, 100.616974, 70.516113, 73.120224
200.159210, 100.398659, 71.975204, 75.100098
200.327469, 100.225365, 71.094437, 72.679680
200.553192, 99.774223, 71.177773, 72.363136
198.274811, 97.414597, 73.691719, 79.070595
197.377014, 96.656311, 74.517159, 79.491280
199.337280, 97.780006, 71.581490, 76.217216
199.198654, 97.513885, 71.603859, 75.835312
198.578690, 96.185493, 73.641647, 78.491730
198.659103, 96.001411, 73.266586, 77.728043
198.684219, 95.915390, 72.334923, 76.046715
198.243362, 95.857292, 73.136635, 75.402435
198.550964, 95.657265, 72.821304, 75.381844
200.195740, 97.460114, 71.985107, 72.640808
198.980759, 95.871170, 72.291214, 74.633240
198.527649, 96.100395, 73.105743, 75.209290
198.822586, 95.572762, 72.759964, 74.676514
198.915146, 95.562218, 72.658272, 74.567200
198.933990, 96.398621, 72.263870, 74.320610
198.829437, 96.069885, 72.855972, 75.125969
198.937836, 96.379013, 71.777550, 75.269287
198.837708, 96.386810, 72.299988, 74.464966
198.558075, 95.655624, 72.409393, 75.635551
199.059387, 96.321289, 71.906746, 74.862450
198.397171, 96.210716, 73.235031, 75.326698
200.142944, 97.452347, 73.275261, 74.139236
198.563293, 95.305153, 74.299530, 76.667252
198.404175, 94.543190, 74.825775, 76.918373
198.950027, 92.816399, 74.447563, 77.067810
198.444397, 88.830048, 74.210106, 77.585518
198.781830, 85.828445, 75.111122, 76.250931
198.940781, 82.584114, 74.585785, 74.794739
199.080200, 78.421768, 74.454590, 73.971275
199.681580, 75.591469, 72.371529, 75.586098
197.512558, 72.485054, 76.852890, 78.380707
198.508286, 71.936440, 74.975357, 75.533188
197.110123, 68.929428, 75.984535, 77.401428
197.754822, 68.811501, 77.874809, 79.655235
198.074112, 67.999321, 77.859055, 78.649498
197.858185, 68.635490, 76.194550, 75.348564
199.111008, 69.919815, 74.737000, 73.263901
201.241684, 72.340797, 72.069145, 70.781532
195.853363, 71.271179, 78.737823, 79.299660
197.875259, 74.620377, 74.909073, 73.408524
197.672684, 76.777679, 75.053879, 75.558563
198.536316, 79.121086, 74.697403, 75.966965
198.476303, 81.554947, 74.107895, 75.446999
199.973709, 85.252319, 72.760063, 74.139244
199.539078, 89.366966, 72.737930, 74.491631
198.796570, 90.847382, 74.575974, 77.293411
198.961136, 93.508202, 73.940613, 75.667648
199.378540, 96.520027, 73.207756, 76.067223
199.577530, 98.964630, 72.728569, 73.552956
199.550644, 100.852196, 72.261948, 72.268433
199.986145, 102.061142, 72.612923, 74.275047
201.470169, 104.662025, 71.953194, 71.730362
199.596466, 103.926552, 72.704941, 73.201874
200.423691, 104.357895, 72.781609, 73.282570
200.341934, 104.709656, 73.586311, 74.486183
200.682419, 104.627144, 73.831520, 74.323845
200.279312, 104.566719, 73.552963, 75.834885
200.120667, 105.009384, 73.438606, 75.179062
200.057983, 105.389069, 73.804947, 74.678123
200.207962, 105.664215, 73.795654, 74.885460
199.701706, 105.926849, 74.158745, 74.747070
199.759796, 106.050705, 74.183456, 74.759537
200.058167, 106.110634, 73.486603, 74.919014
200.075729, 106.133736, 73.514832, 74.951920
200.439026, 106.292000, 73.855148, 74.181549
199.820633, 105.832504, 73.650124, 73.328430
199.448822, 105.536720, 74.247978, 76.380203
199.307922, 104.735657, 74.160065, 74.276741
198.800537, 104.889267, 75.071327, 77.795212
198.435089, 104.932785, 75.728363, 78.695816
198.871613, 106.176498, 74.297089, 74.189613
199.615738, 108.249245, 73.149109, 71.334915
199.188034, 109.846504, 72.131081, 71.084305
199.951477, 110.588478, 73.064507, 73.234505
201.086960, 110.474167, 72.613693, 73.178444
200.528702, 108.134727, 73.559631, 72.997398
199.618362, 105.579056, 74.081734, 75.407188
198.990021, 104.402000, 74.715057, 75.053802
199.144714, 103.253250, 74.150223, 72.933151
198.879471, 103.027267, 74.976303, 74.991043
199.534225, 103.102066, 74.704887, 72.349899
199.912949, 103.694679, 73.990990, 71.266907
201.873428, 104.661552, 72.683052, 73.119942
200.080338, 103.558220, 74.753380, 72.295898
200.078156, 103.589172, 74.646744, 71.992439
199.929001, 103.822563, 74.315216, 72.064171
199.940094, 103.817627, 74.626045, 70.817688
199.822891, 104.124733, 74.424835, 70.456482
200.253876, 104.178101, 74.250465, 70.654259
200.325806, 103.443695, 73.221031, 73.466934
200.858887, 102.983131, 72.751503, 73.253922
200.211746, 102.265076, 72.439499, 69.617981
200.274796, 101.710968, 73.030312, 69.802025
200.431290, 101.653267, 72.973465, 69.630112
203.775864, 102.653427, 71.037270, 70.293747
204.310501, 102.952301, 70.698296, 69.055656
204.416794, 103.074867, 70.722961, 70.294960
200.595749, 102.521713, 72.613632, 70.723206
200.565048, 102.835464, 72.354660, 69.398010
200.572845, 102.918900, 72.373184, 69.369232
200.614273, 102.936264, 72.322319, 69.338364
200.928543, 102.704353, 73.169022, 73.169952
201.083954, 103.532974, 72.054688, 69.375908
200.745178, 102.380661, 73.166878, 72.731682
200.790253, 101.136421, 73.684006, 73.657181
201.655746, 101.713875, 73.268051, 72.672012
204.177231, 103.247940, 71.511650, 69.175514
201.197800, 101.704605, 72.101234, 72.776733
200.917068, 100.996033, 74.408104, 73.388840
201.437561, 102.102379, 72.195992, 72.098412
202.178665, 102.744598, 72.394241, 72.528984
201.355652, 101.745743, 72.338234, 72.368645
200.887711, 101.330719, 73.824699, 73.621819
201.234543, 101.988823, 73.206413, 69.617371
201.952942, 100.712219, 72.827431, 73.433212
201.420715, 100.043694, 73.902763, 72.895142
200.867813, 99.984962, 74.047585, 72.558914
200.735703, 100.027870, 74.022446, 72.208946
200.697937, 99.958023, 73.905693, 72.482025
200.642273, 100.371536, 73.811577, 72.304565
201.107437, 101.171242, 72.861565, 71.276283
200.869781, 100.998001, 73.867775, 71.554962
201.058151, 101.019714, 73.058113, 70.911095
201.249329, 100.918343, 71.153107, 70.159149
200.523636, 99.685287, 74.429527, 70.589081
200.728851, 98.986374, 71.362885, 70.421120
199.809555, 97.812317, 74.187569, 69.931038
198.725967, 97.489464, 73.924629, 69.081711
198.416611, 95.877365, 73.711975, 69.399406
198.343018, 94.649315, 71.267891, 70.754318
196.489380, 95.057045, 71.326675, 68.184570
194.856491, 92.677361, 73.240189, 70.221779
193.399994, 95.952637, 69.691673, 66.041115
191.252457, 92.027420, 73.193451, 70.572624
190.249664, 93.616982, 69.306557, 68.614006
190.810730, 92.720680, 71.638275, 67.313438
187.070969, 91.531067, 71.662277, 73.536942
185.203354, 91.034500, 71.100533, 69.587883
184.058228, 90.967621, 69.178352, 69.237144
183.684860, 91.679665, 70.847496, 69.802834
179.860779, 89.397491, 69.771675, 70.392189
180.397476, 88.210724, 67.070847, 69.889381
178.040436, 90.408752, 68.772278, 67.938271
176.881546, 91.581429, 69.587143, 68.362709
173.425537, 89.391418, 71.926186, 71.937927
173.382736, 91.153214, 70.423317, 70.459633
173.161179, 93.610062, 69.490974, 68.223824
172.954132, 93.913193, 69.049416, 68.520622
171.769196, 93.601494, 69.479271, 68.613960
170.912827, 93.700211, 69.604156, 68.758797
170.619171, 92.737991, 66.594627, 68.744133
170.266556, 90.551407, 66.606171, 71.118637
170.118912, 91.279320, 66.817200, 71.356102
166.846741, 94.085922, 71.659744, 71.807686
166.749893, 93.025490, 71.541084, 71.171097
169.789017, 92.692215, 68.200905, 68.237518
170.382492, 93.918198, 69.935333, 67.856659
171.318726, 93.427933, 71.212898, 68.367363
170.924362, 90.720177, 72.727814, 71.511505
172.013031, 91.748024, 73.503944, 70.576416
174.202606, 92.155899, 73.155472, 73.626129
176.427109, 92.222305, 71.527695, 70.979950
177.992630, 92.693977, 71.799728, 71.008026
179.682785, 91.939865, 72.840141, 70.815788
181.695740, 91.978096, 73.448189, 70.613770
182.467194, 92.758858, 73.093979, 69.785973
184.088928, 93.327240, 74.778763, 71.223000
185.760468, 93.457108, 74.914299, 71.150871
187.956757, 93.959236, 72.158928, 69.874306
188.613556, 93.256462, 73.596298, 71.285912
190.303085, 94.061012, 73.092735, 69.480598
191.316071, 94.853127, 72.194229, 68.915916
190.786163, 93.128815, 72.552010, 72.910957
192.019302, 94.219345, 74.339890, 73.666695
192.065979, 95.763893, 72.360176, 69.656586
192.605209, 95.565086, 72.135300, 70.039589
193.025070, 95.182167, 71.918434, 70.353539
192.217758, 95.864594, 72.306694, 70.236420
192.912491, 94.532433, 73.003860, 71.997986
193.470352, 94.627426, 72.385643, 72.427727
193.219833, 95.212357, 72.012581, 70.873489
193.590271, 95.096405, 71.882957, 70.623299
193.715607, 94.233238, 71.982162, 72.571083
192.606384, 92.666603, 72.779938, 72.315498
193.514496, 94.161377, 72.166634, 69.457306
193.126892, 91.100952, 73.587639, 71.296585
193.540436, 92.236755, 73.326569, 69.664261
192.564682, 90.080078, 73.480743, 71.349770
192.454239, 89.350868, 72.550026, 72.866264
191.650497, 89.511917, 73.430847, 72.400009
192.709595, 95.039871, 73.955513, 68.550079
191.964584, 92.441711, 73.661476, 69.657974
192.361679, 95.216217, 70.872559, 66.360611
191.686905, 96.043106, 72.080894, 67.613602
191.012604, 96.655151, 70.814781, 65.804718
191.984375, 96.253990, 71.747589, 68.328392
192.037704, 96.357162, 71.438919, 66.637856
191.353546, 94.771301, 71.798119, 67.105194
191.376999, 93.223808, 72.514824, 71.124924
190.501938, 93.247139, 70.677742, 66.077370
191.286713, 92.510941, 72.976173, 68.983208
190.854797, 91.323029, 73.162170, 69.219704
190.375687, 92.694077, 70.617836, 66.568657
191.013657, 93.199646, 72.384399, 67.876167
191.734741, 94.006798, 71.608192, 67.741852
191.945496, 94.484947, 69.919029, 69.794830
191.717529, 96.056152, 71.322578, 67.352791
192.247696, 93.933693, 71.099380, 68.733551
191.618622, 93.673241, 71.503853, 68.318993
190.766830, 91.976830, 71.644478, 68.687561
190.639633, 92.139427, 70.072609, 67.193230
190.522507, 91.978462, 70.455109, 67.270851
190.877258, 92.337875, 70.234741, 67.461479
190.405731, 92.454918, 71.142410, 67.568985
191.000626, 91.861588, 72.283051, 69.802238
191.332565, 92.821358, 72.260574, 69.229729
191.756287, 93.216042, 71.681183, 69.817024
191.828171, 93.272644, 71.514496, 69.006691
191.463181, 92.437462, 71.783508, 69.345558
193.299362, 98.380348, 69.385666, 62.494442
191.862564, 97.903351, 71.004822, 64.422150
188.614990, 92.035851, 71.490997, 69.998940
187.177231, 92.651085, 72.584724, 70.961609
185.584351, 93.521286, 72.661552, 69.682343
185.133591, 97.613831, 70.553581, 65.576469
183.378647, 93.188477, 73.007675, 69.837090
180.646622, 95.471786, 71.457413, 66.430763
179.594803, 92.519646, 71.154526, 68.227654
175.993164, 92.489502, 71.596642, 67.918335
174.839569, 92.549408, 70.613457, 67.634285
174.212067, 94.679047, 69.359581, 66.669861
172.092331, 94.944962, 69.337967, 67.013161
170.501678, 95.399101, 68.582298, 66.854042
169.461487, 95.487282, 67.722679, 66.435616
165.250504, 94.649239, 69.981735, 68.411514
164.019821, 96.021812, 68.365807, 66.382309
161.331345, 94.708458, 69.098953, 67.533867
160.621994, 93.064842, 68.487854, 68.573570
160.868332, 92.802422, 66.926643, 69.220703
160.946716, 93.319427, 64.881241, 69.423500
160.229736, 96.057983, 65.378395, 66.123566
159.301407, 96.966148, 65.684967, 65.385201
159.059128, 96.675728, 65.060844, 65.971695
157.974899, 95.963768, 65.931419, 66.376900
158.907867, 95.822517, 64.015373, 65.171265
158.872421, 94.292168, 63.210056, 66.582588
158.956619, 93.057983, 64.078552, 68.362167
158.661423, 93.828568, 64.218636, 66.813362
158.918961, 94.389992, 64.881920, 67.153633
158.494293, 95.633362, 65.937378, 66.621338
157.556717, 96.189346, 66.813263, 66.497421
157.361282, 96.677269, 68.480255, 66.283081
157.221146, 96.186615, 67.880310, 66.380699
158.528442, 95.495033, 65.797546, 67.715721
156.907990, 93.405258, 69.107864, 67.231667
157.421585, 92.538315, 68.027260, 68.280624
157.435089, 91.609077, 70.214783, 68.788109
157.900711, 91.524033, 69.664154, 68.812538
158.377274, 93.923477, 68.683914, 66.904991
157.820068, 95.808640, 69.783409, 66.587914
159.167206, 95.522148, 69.200249, 66.373528
158.698013, 95.423691, 68.935921, 66.133942
159.694153, 94.020576, 68.401642, 66.760773
159.673431, 93.675514, 68.839035, 66.681396
159.892563, 92.906532, 68.399422, 66.765709
160.330460, 92.570168, 68.400192, 67.465111
161.237488, 93.258888, 68.299507, 66.647018
161.696320, 93.609879, 68.753120, 66.908356
160.577240, 94.449684, 69.698174, 66.872093
161.781036, 94.727913, 68.990623, 66.559235
160.239670, 94.593552, 69.558014, 66.993294
161.123276, 93.934296, 68.509743, 66.734055
160.948318, 92.869133, 68.435921, 67.003944
160.943115, 92.689529, 68.155823, 67.152367
160.928925, 92.683113, 67.971619, 67.349976
160.942276, 93.429138, 68.350166, 67.041443
160.983582, 93.985870, 68.785034, 66.490738
161.593124, 94.248314, 68.815956, 66.024437
162.055923, 93.575470, 68.711037, 66.462120
161.508453, 91.627151, 69.364967, 67.303375
160.232544, 89.257599, 71.277802, 70.194366
160.681717, 87.719788, 71.142380, 71.252243
160.054810, 88.377159, 71.510437, 70.601357
161.415573, 90.454803, 70.240913, 69.129662
162.375595, 90.565804, 71.030228, 70.256058
164.961960, 91.422638, 66.450356, 69.235779
164.649643, 91.698807, 65.711540, 69.338966
163.600479, 90.421036, 70.920853, 69.889824
163.646210, 89.284439, 70.678795, 69.976379
164.267029, 88.438095, 70.264999, 69.839508
162.278229, 86.235519, 73.692146, 72.000565
164.209015, 88.563812, 71.123825, 70.882759
164.285599, 89.483154, 71.526703, 70.854866
164.467972, 89.180344, 71.930420, 71.783730
164.472015, 91.312874, 72.051064, 70.451027
162.365616, 90.900459, 74.881050, 73.836433
162.983704, 91.899109, 75.534431, 75.789291
161.461304, 91.788742, 75.612869, 76.176239
161.903122, 91.302536, 72.359276, 71.606056
163.802383, 97.392014, 68.969505, 66.193024
163.060043, 92.195831, 71.242874, 71.527626
163.211716, 90.553207, 72.859200, 72.854218
162.287643, 92.723114, 72.868622, 75.077332
161.689926, 94.298965, 74.569481, 77.095901
162.099274, 95.664764, 74.460121, 77.214020
163.033569, 100.448318, 72.505463, 72.781754
163.229599, 99.162033, 73.993523, 74.206932
162.635223, 99.914948, 72.665596, 74.405792
165.112350, 98.366272, 71.668327, 76.380714
162.670792, 102.601212, 72.032188, 73.789627
164.720428, 98.988670, 72.462593, 76.657364
162.593643, 101.618813, 72.048759, 74.570351
163.822632, 101.141602, 70.556732, 75.489067
164.350876, 97.514832, 71.920776, 77.795113
163.096939, 97.559914, 74.689194, 79.809639
162.994553, 96.453011, 75.578125, 81.191132
165.232422, 96.136383, 74.885414, 81.618164
167.366943, 97.130196, 71.371407, 77.421631
168.060501, 97.534988, 69.735603, 75.848007
169.845108, 97.007446, 71.865227, 75.411118
169.422745, 95.740616, 73.002899, 75.753876
170.005005, 95.444382, 73.107002, 74.957764
170.487167, 94.716415, 73.049164, 74.444115
170.818588, 94.089020, 73.151237, 75.419411
170.706833, 94.064072, 73.244568, 74.988403
170.979950, 93.728378, 72.820747, 74.682480
170.481277, 93.561302, 73.115402, 75.051544
170.442352, 93.303520, 72.049286, 74.894753
169.397995, 93.588051, 71.800499, 74.373962
169.649399, 93.625015, 71.120453, 74.761879
169.243469, 93.511703, 70.339973, 73.824768
169.197372, 93.347336, 70.140686, 72.677429
170.136108, 93.246361, 69.191032, 72.482208
172.712357, 99.567619, 67.881424, 65.811546
171.404037, 92.982361, 70.477425, 71.794968
171.648361, 92.416512, 69.918686, 71.938545
172.648788, 93.045776, 70.415802, 71.171051
174.405624, 92.380951, 69.927048, 69.873337
176.225220, 90.150925, 71.082443, 72.932495
179.035477, 90.144165, 70.227654, 72.418335
179.914612, 88.200790, 71.836273, 73.611244
180.852921, 86.680038, 71.350677, 72.067383
182.337662, 85.145706, 72.101784, 71.954521
183.750732, 84.497154, 72.780647, 73.112770
185.687881, 82.358688, 73.023712, 74.197304
186.142136, 80.427788, 73.768105, 76.667564
186.277069, 78.952972, 73.152687, 74.855469
184.626740, 77.394684, 75.485359, 79.444237
183.848755, 75.542854, 75.513542, 79.709457
183.120529, 74.638092, 75.479630, 79.783073
182.108856, 73.362312, 72.970787, 75.990135
181.329514, 73.097885, 72.585686, 73.156647
181.511414, 73.981842, 71.607811, 72.399681
180.433655, 76.947693, 71.423988, 66.921005
180.975403, 75.624352, 72.437767, 71.610207
179.286972, 69.925629, 70.871613, 71.505753
181.331131, 69.251587, 69.091866, 73.488228
181.922821, 71.734619, 68.418526, 66.255058
183.309174, 71.241226, 66.794151, 64.854546
183.062225, 69.365173, 70.139114, 69.441162
184.006989, 68.421844, 68.079193, 68.293564
187.931137, 70.024651, 66.941780, 71.079811
189.070267, 70.136795, 66.597008, 71.014626
188.989471, 70.050423, 67.253548, 70.867973
187.485779, 68.118134, 70.212547, 72.170555
187.003204, 68.054703, 67.227058, 67.693024
187.323853, 68.433411, 69.609177, 72.634521
185.429367, 67.966003, 71.338676, 72.387154
183.448944, 66.715828, 72.045860, 72.396011
185.767303, 69.997406, 72.901764, 74.246513
183.700897, 70.521675, 73.857506, 75.530136
182.788223, 68.689812, 71.077560, 71.809746
181.190613, 69.072922, 71.505264, 69.215324
181.523407, 71.774429, 69.297798, 65.921120
182.689865, 69.018860, 70.030602, 70.252502
181.348938, 71.561043, 69.101959, 66.114014
183.857040, 71.601273, 66.470772, 71.011505
182.353607, 70.717972, 70.713463, 68.976509
184.665726, 72.976257, 68.384552, 72.334267
183.581238, 72.078888, 71.824005, 70.215538
184.632736, 72.551376, 73.041229, 72.977203
185.113449, 73.546623, 72.033829, 74.025597
186.312225, 74.615204, 73.427727, 74.139572
187.357666, 76.509857, 73.100624, 72.702515
187.262192, 74.207069, 73.843681, 76.920074
187.031769, 74.784912, 73.812836, 75.993858
187.274033, 74.823112, 74.131287, 77.383934
186.387680, 75.815849, 74.718460, 76.648911
187.031403, 75.198303, 74.448120, 77.827560
186.417938, 75.913597, 74.358223, 77.391685
186.553192, 77.230797, 73.427254, 75.009293
186.281815, 76.728401, 74.373817, 77.252243
185.780441, 76.441833, 72.704063, 75.603630
186.136459, 78.991173, 70.854233, 72.011444
184.502075, 77.316017, 70.724174, 73.663994
182.506073, 76.827103, 73.023018, 75.718552
182.752899, 79.671860, 72.249756, 73.936234
182.216873, 78.376839, 71.078331, 73.541725
181.328995, 78.504150, 70.555855, 72.098877
181.990967, 86.505424, 70.348892, 67.599960
181.593552, 84.982002, 70.420326, 65.963837
181.077606, 83.970978, 71.093979, 68.464539
181.001907, 84.173172, 71.162651, 68.738525
180.497986, 76.093895, 70.121300, 70.938843
180.103897, 77.417549, 70.128494, 69.672310
181.876312, 84.764008, 70.760986, 66.757187
182.359390, 84.236847, 71.084274, 68.011284
181.341644, 81.927635, 73.194870, 71.533302
181.732666, 82.993561, 73.101082, 71.074547
181.910019, 78.075165, 73.052849, 74.060982
182.168610, 78.853951, 73.284744, 74.603989
182.117813, 82.422806, 73.796341, 72.410080
182.288437, 82.541145, 73.313744, 72.416595
182.140015, 81.526291, 73.208023, 73.435799
181.604248, 81.388741, 73.719444, 73.219185
182.225586, 80.003098, 72.742447, 73.933617
180.331589, 80.922272, 72.514961, 73.516327
177.528824, 81.366753, 71.397003, 71.701233
172.467743, 84.150070, 69.915863, 70.400497
168.075455, 82.667755, 67.092476, 68.843552
163.684494, 84.914101, 66.154053, 67.705200
158.996628, 85.079407, 63.559711, 66.018990
154.007614, 88.019424, 62.661694, 64.967583
147.528519, 88.141502, 60.405365, 65.368484
142.252426, 88.096405, 59.482964, 66.523590
138.901962, 90.545044, 58.167812, 62.759754
133.364410, 93.760056, 55.555119, 59.911087
