771.079, 179.696, 159.69, 155.985
771.079, 179.696, 159.69, 155.985
771.079, 179.696, 159.69, 155.985
771.079, 179.696, 159.69, 155.985
752.617, 179.696, 159.69, 155.985
752.617, 179.696, 159.69, 155.985
752.617, 179.696, 159.69, 155.985
752.617, 179.696, 159.69, 155.985
752.617, 179.696, 159.69, 155.985
752.617, 179.696, 159.69, 155.985
752.617, 179.696, 159.69, 155.985
752.617, 179.696, 159.69, 155.985
752.617, 179.696, 159.69, 155.985
752.617, 179.696, 159.69, 155.985
752.617, 179.696, 159.69, 155.985
752.617, 179.696, 159.69, 155.985
752.617, 161.234, 159.69, 155.985
752.617, 161.234, 159.69, 155.985
752.617, 161.234, 159.69, 155.985
752.617, 179.696, 159.69, 155.985
752.617, 179.696, 159.69, 155.985
752.617, 179.696, 159.69, 155.985
752.617, 179.696, 159.69, 155.985
749.289, 193.923, 191.481, 187.038
771.079, 198.158, 159.69, 155.985
771.079, 198.158, 159.69, 155.985
771.079, 198.158, 159.69, 155.985
771.079, 198.158, 159.69, 155.985
771.079, 198.158, 159.69, 155.985
771.079, 198.158, 159.69, 155.985
771.079, 198.158, 159.69, 155.985
771.079, 198.158, 159.69, 155.985
771.079, 198.158, 159.69, 155.985
771.079, 198.158, 159.69, 155.985
771.079, 198.158, 159.69, 155.985
771.079, 198.158, 159.69, 155.985
771.079, 198.158, 159.69, 155.985
771.079, 198.158, 159.69, 155.985
752.617, 198.158, 159.69, 155.985
752.617, 198.158, 159.69, 155.985
752.617, 198.158, 159.69, 155.985
752.617, 216.619, 159.69, 155.985
771.079, 216.619, 159.69, 155.985
749.289, 215.462, 191.481, 187.038
771.079, 216.619, 159.69, 155.985
771.079, 216.619, 159.69, 155.985
771.079, 216.619, 159.69, 155.985
771.079, 198.158, 159.69, 155.985
771.079, 198.158, 159.69, 155.985
771.079, 198.158, 159.69, 155.985
771.079, 198.158, 159.69, 155.985
771.079, 198.158, 159.69, 155.985
771.079, 198.158, 159.69, 155.985
771.079, 198.158, 159.69, 155.985
771.079, 198.158, 159.69, 155.985
771.079, 198.158, 159.69, 155.985
771.079, 198.158, 159.69, 155.985
771.079, 198.158, 159.69, 155.985
771.079, 198.158, 159.69, 155.985
771.079, 198.158, 159.69, 155.985
771.079, 198.158, 159.69, 155.985
771.079, 198.158, 159.69, 155.985
771.079, 198.158, 159.69, 155.985
771.079, 198.158, 159.69, 155.985
771.079, 198.158, 159.69, 155.985
771.079, 198.158, 159.69, 155.985
771.079, 198.158, 159.69, 155.985
771.079, 198.158, 159.69, 155.985
771.079, 198.158, 159.69, 155.985
771.079, 198.158, 159.69, 155.985
771.079, 198.158, 159.69, 155.985
771.079, 198.158, 159.69, 155.985
771.079, 198.158, 159.69, 155.985
771.079, 198.158, 159.69, 155.985
771.079, 198.158, 159.69, 155.985
771.079, 198.158, 159.69, 155.985
771.079, 179.696, 159.69, 155.985
771.079, 198.158, 159.69, 155.985
771.079, 198.158, 159.69, 155.985
771.079, 198.158, 159.69, 155.985
771.079, 198.158, 159.69, 155.985
771.079, 198.158, 159.69, 155.985
771.079, 198.158, 159.69, 155.985
771.079, 179.696, 159.69, 155.985
771.079, 179.696, 159.69, 155.985
771.079, 179.696, 159.69, 155.985
771.079, 179.696, 159.69, 155.985
752.617, 161.234, 159.69, 155.985
752.617, 161.234, 159.69, 155.985
771.079, 161.234, 159.69, 155.985
749.289, 149.308, 191.481, 187.038
749.289, 149.308, 191.481, 187.038
749.289, 149.308, 191.481, 187.038
752.617, 142.773, 159.69, 155.985
752.617, 142.773, 159.69, 155.985
771.079, 142.773, 159.69, 155.985
771.079, 142.773, 159.69, 155.985
771.079, 142.773, 159.69, 155.985
771.079, 142.773, 159.69, 155.985
771.079, 142.773, 159.69, 155.985
771.079, 142.773, 159.69, 155.985
771.079, 142.773, 159.69, 155.985
771.079, 161.234, 159.69, 155.985
752.617, 161.234, 159.69, 155.985
752.617, 179.696, 159.69, 155.985
752.617, 179.696, 159.69, 155.985
752.617, 179.696, 159.69, 155.985
752.617, 179.696, 159.69, 155.985
771.079, 179.696, 159.69, 155.985
771.079, 179.696, 159.69, 155.985
771.079, 179.696, 159.69, 155.985
771.079, 179.696, 159.69, 155.985
771.079, 179.696, 159.69, 155.985
771.079, 179.696, 159.69, 155.985
771.079, 179.696, 159.69, 155.985
771.079, 179.696, 159.69, 155.985
771.079, 179.696, 159.69, 155.985
752.617, 179.696, 159.69, 155.985
752.617, 179.696, 159.69, 155.985
752.617, 179.696, 159.69, 155.985
752.617, 179.696, 159.69, 155.985
752.617, 198.158, 159.69, 155.985
752.617, 198.158, 159.69, 155.985
752.617, 198.158, 159.69, 155.985
752.617, 198.158, 159.69, 155.985
752.617, 198.158, 159.69, 155.985
752.617, 198.158, 159.69, 155.985
752.617, 198.158, 159.69, 155.985
752.617, 198.158, 159.69, 155.985
752.617, 198.158, 159.69, 155.985
752.617, 179.696, 159.69, 155.985
752.617, 179.696, 159.69, 155.985
752.617, 179.696, 159.69, 155.985
752.617, 179.696, 159.69, 155.985
752.617, 179.696, 159.69, 155.985
752.617, 161.234, 159.69, 155.985
752.617, 161.234, 159.69, 155.985
752.617, 161.234, 159.69, 155.985
752.617, 161.234, 159.69, 155.985
752.617, 161.234, 159.69, 155.985
752.617, 161.234, 159.69, 155.985
752.617, 161.234, 159.69, 155.985
752.617, 161.234, 159.69, 155.985
752.617, 161.234, 159.69, 155.985
752.617, 142.773, 159.69, 155.985
752.617, 142.773, 159.69, 155.985
752.617, 161.234, 159.69, 155.985
752.617, 161.234, 159.69, 155.985
752.617, 161.234, 159.69, 155.985
752.617, 161.234, 159.69, 155.985
752.617, 161.234, 159.69, 155.985
752.617, 161.234, 159.69, 155.985
752.617, 161.234, 159.69, 155.985
752.617, 179.696, 159.69, 155.985
752.617, 179.696, 159.69, 155.985
752.617, 179.696, 159.69, 155.985
752.617, 179.696, 159.69, 155.985
771.079, 198.158, 159.69, 155.985
771.079, 198.158, 159.69, 155.985
771.079, 198.158, 159.69, 155.985
771.079, 198.158, 159.69, 155.985
771.079, 198.158, 159.69, 155.985
771.079, 198.158, 159.69, 155.985
771.079, 198.158, 159.69, 155.985
752.617, 198.158, 159.69, 155.985
752.617, 198.158, 159.69, 155.985
752.617, 198.158, 159.69, 155.985
752.617, 198.158, 159.69, 155.985
752.617, 198.158, 159.69, 155.985
752.617, 198.158, 159.69, 155.985
752.617, 179.696, 159.69, 155.985
752.617, 179.696, 159.69, 155.985
752.617, 179.696, 159.69, 155.985
752.617, 179.696, 159.69, 155.985
752.617, 179.696, 159.69, 155.985
752.617, 161.234, 159.69, 155.985
752.617, 161.234, 159.69, 155.985
752.617, 161.234, 159.69, 155.985
752.617, 161.234, 159.69, 155.985
752.617, 161.234, 159.69, 155.985
752.617, 161.234, 159.69, 155.985
752.617, 161.234, 159.69, 155.985
752.617, 161.234, 159.69, 155.985
752.617, 161.234, 159.69, 155.985
752.617, 161.234, 159.69, 155.985
752.617, 161.234, 159.69, 155.985
752.617, 179.696, 159.69, 155.985
752.617, 179.696, 159.69, 155.985
752.617, 179.696, 159.69, 155.985
752.617, 179.696, 159.69, 155.985
752.617, 179.696, 159.69, 155.985
752.617, 179.696, 159.69, 155.985
752.617, 179.696, 159.69, 155.985
752.617, 179.696, 159.69, 155.985
752.617, 179.696, 159.69, 155.985
752.617, 179.696, 159.69, 155.985
752.617, 179.696, 159.69, 155.985
752.617, 179.696, 159.69, 155.985
752.617, 179.696, 159.69, 155.985
752.617, 179.696, 159.69, 155.985
752.617, 179.696, 159.69, 155.985
752.617, 179.696, 159.69, 155.985
752.617, 179.696, 159.69, 155.985
752.617, 179.696, 159.69, 155.985
752.617, 179.696, 159.69, 155.985
752.617, 198.158, 159.69, 155.985
752.617, 198.158, 159.69, 155.985
752.617, 198.158, 159.69, 155.985
752.617, 198.158, 159.69, 155.985
752.617, 198.158, 159.69, 155.985
752.617, 179.696, 159.69, 155.985
752.617, 179.696, 159.69, 155.985
771.079, 179.696, 159.69, 155.985
771.079, 198.158, 159.69, 155.985
771.079, 198.158, 159.69, 155.985
771.079, 198.158, 159.69, 155.985
771.079, 198.158, 159.69, 155.985
771.079, 198.158, 159.69, 155.985
771.079, 198.158, 159.69, 155.985
771.079, 198.158, 159.69, 155.985
771.079, 198.158, 159.69, 155.985
771.079, 198.158, 159.69, 155.985
771.079, 198.158, 159.69, 155.985
771.079, 198.158, 159.69, 155.985
771.079, 198.158, 159.69, 155.985
749.289, 193.923, 191.481, 187.038
771.079, 198.158, 159.69, 155.985
771.079, 198.158, 159.69, 155.985
771.079, 198.158, 159.69, 155.985
771.079, 198.158, 159.69, 155.985
771.079, 198.158, 159.69, 155.985
771.079, 198.158, 159.69, 155.985
771.079, 198.158, 159.69, 155.985
771.079, 198.158, 159.69, 155.985
771.079, 198.158, 159.69, 155.985
771.079, 179.696, 159.69, 155.985
771.079, 179.696, 159.69, 155.985
771.079, 161.234, 159.69, 155.985
771.079, 161.234, 159.69, 155.985
771.079, 142.773, 159.69, 155.985
771.079, 142.773, 159.69, 155.985
771.079, 142.773, 159.69, 155.985
771.079, 142.773, 159.69, 155.985
771.079, 142.773, 159.69, 155.985
771.079, 142.773, 159.69, 155.985
771.079, 142.773, 159.69, 155.985
771.079, 124.311, 159.69, 155.985
771.079, 124.311, 159.69, 155.985
771.079, 124.311, 159.69, 155.985
771.079, 124.311, 159.69, 155.985
752.617, 124.311, 159.69, 155.985
752.617, 124.311, 159.69, 155.985
752.617, 124.311, 159.69, 155.985
752.617, 124.311, 159.69, 155.985
734.925, 124.311, 159.69, 155.985
734.925, 124.311, 159.69, 155.985
734.925, 142.773, 159.69, 155.985
734.925, 142.773, 159.69, 155.985
734.925, 142.773, 159.69, 155.985
734.925, 142.773, 159.69, 155.985
734.925, 142.773, 159.69, 155.985
734.925, 161.234, 159.69, 155.985
734.925, 161.234, 159.69, 155.985
734.925, 161.234, 159.69, 155.985
734.925, 161.234, 159.69, 155.985
734.925, 142.773, 159.69, 155.985
734.925, 142.773, 159.69, 155.985
734.925, 142.773, 159.69, 155.985
734.925, 142.773, 159.69, 155.985
734.925, 142.773, 159.69, 155.985
734.925, 142.773, 159.69, 155.985
734.925, 142.773, 159.69, 155.985
734.925, 142.773, 159.69, 155.985
734.925, 142.773, 159.69, 155.985
734.925, 142.773, 159.69, 155.985
734.925, 142.773, 159.69, 155.985
734.925, 142.773, 159.69, 155.985
734.925, 142.773, 159.69, 155.985
734.925, 142.773, 159.69, 155.985
734.925, 142.773, 159.69, 155.985
734.925, 142.773, 159.69, 155.985
734.925, 142.773, 159.69, 155.985
734.925, 142.773, 159.69, 155.985
734.925, 142.773, 159.69, 155.985
734.925, 142.773, 159.69, 155.985
734.925, 161.234, 159.69, 155.985
752.617, 161.234, 159.69, 155.985
752.617, 179.696, 159.69, 155.985
752.617, 179.696, 159.69, 155.985
752.617, 179.696, 159.69, 155.985
752.617, 179.696, 159.69, 155.985
752.617, 198.158, 159.69, 155.985
752.617, 198.158, 159.69, 155.985
752.617, 198.158, 159.69, 155.985
752.617, 198.158, 159.69, 155.985
752.617, 198.158, 159.69, 155.985
752.617, 198.158, 159.69, 155.985
752.617, 198.158, 159.69, 155.985
752.617, 198.158, 159.69, 155.985
752.617, 198.158, 159.69, 155.985
752.617, 198.158, 159.69, 155.985
752.617, 198.158, 159.69, 155.985
752.617, 198.158, 159.69, 155.985
752.617, 198.158, 159.69, 155.985
752.617, 198.158, 159.69, 155.985
752.617, 198.158, 159.69, 155.985
752.617, 198.158, 159.69, 155.985
752.617, 198.158, 159.69, 155.985
752.617, 179.696, 159.69, 155.985
752.617, 179.696, 159.69, 155.985
752.617, 179.696, 159.69, 155.985
752.617, 179.696, 159.69, 155.985
752.617, 179.696, 159.69, 155.985
752.617, 179.696, 159.69, 155.985
752.617, 179.696, 159.69, 155.985
752.617, 198.158, 159.69, 155.985
752.617, 198.158, 159.69, 155.985
752.617, 198.158, 159.69, 155.985
752.617, 198.158, 159.69, 155.985
752.617, 198.158, 159.69, 155.985
752.617, 179.696, 159.69, 155.985
752.617, 179.696, 159.69, 155.985
752.617, 179.696, 159.69, 155.985
752.617, 179.696, 159.69, 155.985
752.617, 179.696, 159.69, 155.985
752.617, 179.696, 159.69, 155.985
752.617, 179.696, 159.69, 155.985
752.617, 179.696, 159.69, 155.985
752.617, 179.696, 159.69, 155.985
752.617, 179.696, 159.69, 155.985
752.617, 179.696, 159.69, 155.985
752.617, 179.696, 159.69, 155.985
752.617, 179.696, 159.69, 155.985
752.617, 179.696, 159.69, 155.985
752.617, 179.696, 159.69, 155.985
752.617, 161.234, 159.69, 155.985
752.617, 161.234, 159.69, 155.985
752.617, 142.773, 159.69, 155.985
752.617, 142.773, 159.69, 155.985
752.617, 124.311, 159.69, 155.985
752.617, 124.311, 159.69, 155.985
752.617, 124.311, 159.69, 155.985
752.617, 124.311, 159.69, 155.985
752.617, 124.311, 159.69, 155.985
752.617, 124.311, 159.69, 155.985
752.617, 142.773, 159.69, 155.985
752.617, 142.773, 159.69, 155.985
752.617, 142.773, 159.69, 155.985
752.617, 142.773, 159.69, 155.985
752.617, 142.773, 159.69, 155.985
752.617, 124.311, 159.69, 155.985
752.617, 124.311, 159.69, 155.985
752.617, 124.311, 159.69, 155.985
752.617, 142.773, 159.69, 155.985
752.617, 161.234, 159.69, 155.985
752.617, 161.234, 159.69, 155.985
752.617, 179.696, 159.69, 155.985
752.617, 179.696, 159.69, 155.985
752.617, 179.696, 159.69, 155.985
752.617, 179.696, 159.69, 155.985
752.617, 179.696, 159.69, 155.985
752.617, 179.696, 159.69, 155.985
752.617, 179.696, 159.69, 155.985
749.289, 171.616, 191.481, 187.038
752.617, 161.234, 159.69, 155.985
752.617, 161.234, 159.69, 155.985
752.617, 142.773, 159.69, 155.985
752.617, 124.311, 159.69, 155.985
752.617, 124.311, 159.69, 155.985
752.617, 124.311, 159.69, 155.985
752.617, 105.85, 159.69, 155.985
752.617, 105.85, 159.69, 155.985
752.617, 105.85, 159.69, 155.985
752.617, 105.85, 159.69, 155.985
752.617, 105.85, 159.69, 155.985
752.617, 105.85, 159.69, 155.985
752.617, 124.311, 159.69, 155.985
752.617, 124.311, 159.69, 155.985
752.617, 124.311, 159.69, 155.985
752.617, 124.311, 159.69, 155.985
752.617, 142.773, 159.69, 155.985
752.617, 142.773, 159.69, 155.985
752.617, 142.773, 159.69, 155.985
752.617, 142.773, 159.69, 155.985
752.617, 142.773, 159.69, 155.985
752.617, 161.234, 159.69, 155.985
752.617, 161.234, 159.69, 155.985
752.617, 161.234, 159.69, 155.985
752.617, 161.234, 159.69, 155.985
752.617, 161.234, 159.69, 155.985
752.617, 161.234, 159.69, 155.985
752.617, 161.234, 159.69, 155.985
752.617, 161.234, 159.69, 155.985
752.617, 161.234, 159.69, 155.985
752.617, 161.234, 159.69, 155.985
752.617, 179.696, 159.69, 155.985
752.617, 179.696, 159.69, 155.985
752.617, 179.696, 159.69, 155.985
752.617, 179.696, 159.69, 155.985
752.617, 179.696, 159.69, 155.985
752.617, 179.696, 159.69, 155.985
752.617, 179.696, 159.69, 155.985
752.617, 179.696, 159.69, 155.985
752.617, 179.696, 159.69, 155.985
752.617, 179.696, 159.69, 155.985
752.617, 179.696, 159.69, 155.985
752.617, 179.696, 159.69, 155.985
752.617, 179.696, 159.69, 155.985
752.617, 179.696, 159.69, 155.985
752.617, 179.696, 159.69, 155.985
752.617, 179.696, 159.69, 155.985
752.617, 179.696, 159.69, 155.985
752.617, 179.696, 159.69, 155.985
752.617, 179.696, 159.69, 155.985
752.617, 179.696, 159.69, 155.985
752.617, 179.696, 159.69, 155.985
752.617, 179.696, 159.69, 155.985
752.617, 161.234, 159.69, 155.985
752.617, 161.234, 159.69, 155.985
752.617, 161.234, 159.69, 155.985
752.617, 161.234, 159.69, 155.985
752.617, 161.234, 159.69, 155.985
752.617, 161.234, 159.69, 155.985
752.617, 161.234, 159.69, 155.985
752.617, 161.234, 159.69, 155.985
752.617, 161.234, 159.69, 155.985
752.617, 161.234, 159.69, 155.985
752.617, 161.234, 159.69, 155.985
752.617, 161.234, 159.69, 155.985
752.617, 142.773, 159.69, 155.985
752.617, 142.773, 159.69, 155.985
752.617, 142.773, 159.69, 155.985
752.617, 142.773, 159.69, 155.985
752.617, 142.773, 159.69, 155.985
752.617, 161.234, 159.69, 155.985
752.617, 161.234, 159.69, 155.985
752.617, 161.234, 159.69, 155.985
752.617, 161.234, 159.69, 155.985
752.617, 161.234, 159.69, 155.985
752.617, 179.696, 159.69, 155.985
752.617, 179.696, 159.69, 155.985
752.617, 179.696, 159.69, 155.985
752.617, 179.696, 159.69, 155.985
752.617, 179.696, 159.69, 155.985
752.617, 179.696, 159.69, 155.985
752.617, 161.234, 159.69, 155.985
752.617, 161.234, 159.69, 155.985
752.617, 161.234, 159.69, 155.985
752.617, 161.234, 159.69, 155.985
752.617, 161.234, 159.69, 155.985
752.617, 179.696, 159.69, 155.985
752.617, 179.696, 159.69, 155.985
752.617, 179.696, 159.69, 155.985
752.617, 179.696, 159.69, 155.985
752.617, 179.696, 159.69, 155.985
752.617, 179.696, 159.69, 155.985
752.617, 179.696, 159.69, 155.985
752.617, 179.696, 159.69, 155.985
752.617, 161.234, 159.69, 155.985
752.617, 161.234, 159.69, 155.985
752.617, 161.234, 159.69, 155.985
752.617, 179.696, 159.69, 155.985
752.617, 179.696, 159.69, 155.985
752.617, 179.696, 159.69, 155.985
752.617, 179.696, 159.69, 155.985
752.617, 179.696, 159.69, 155.985
752.617, 179.696, 159.69, 155.985
752.617, 179.696, 159.69, 155.985
752.617, 179.696, 159.69, 155.985
752.617, 179.696, 159.69, 155.985
752.617, 179.696, 159.69, 155.985
752.617, 179.696, 159.69, 155.985
752.617, 179.696, 159.69, 155.985
752.617, 179.696, 159.69, 155.985
752.617, 179.696, 159.69, 155.985
752.617, 179.696, 159.69, 155.985
752.617, 179.696, 159.69, 155.985
752.617, 179.696, 159.69, 155.985
752.617, 179.696, 159.69, 155.985
752.617, 179.696, 159.69, 155.985
752.617, 161.234, 159.69, 155.985
752.617, 161.234, 159.69, 155.985
752.617, 142.773, 159.69, 155.985
752.617, 142.773, 159.69, 155.985
752.617, 142.773, 159.69, 155.985
752.617, 142.773, 159.69, 155.985
752.617, 142.773, 159.69, 155.985
752.617, 142.773, 159.69, 155.985
752.617, 142.773, 159.69, 155.985
752.617, 142.773, 159.69, 155.985
752.617, 142.773, 159.69, 155.985
752.617, 142.773, 159.69, 155.985
752.617, 142.773, 159.69, 155.985
752.617, 142.773, 159.69, 155.985
752.617, 161.234, 159.69, 155.985
752.617, 161.234, 159.69, 155.985
752.617, 161.234, 159.69, 155.985
752.617, 161.234, 159.69, 155.985
765.386, 165.388, 133.075, 129.988
752.617, 142.773, 159.69, 155.985
752.617, 142.773, 159.69, 155.985
752.617, 142.773, 159.69, 155.985
752.617, 161.234, 159.69, 155.985
752.617, 161.234, 159.69, 155.985
752.617, 161.234, 159.69, 155.985
752.617, 161.234, 159.69, 155.985
752.617, 161.234, 159.69, 155.985
752.617, 161.234, 159.69, 155.985
752.617, 161.234, 159.69, 155.985
752.617, 161.234, 159.69, 155.985
752.617, 161.234, 159.69, 155.985
752.617, 161.234, 159.69, 155.985
752.617, 161.234, 159.69, 155.985
765.386, 165.388, 133.075, 129.988
752.617, 142.773, 159.69, 155.985
752.617, 142.773, 159.69, 155.985
752.617, 142.773, 159.69, 155.985
752.617, 142.773, 159.69, 155.985
752.617, 142.773, 159.69, 155.985
752.617, 142.773, 159.69, 155.985
752.617, 142.773, 159.69, 155.985
752.617, 142.773, 159.69, 155.985
752.617, 142.773, 159.69, 155.985
752.617, 142.773, 159.69, 155.985
752.617, 142.773, 159.69, 155.985
752.617, 142.773, 159.69, 155.985
752.617, 142.773, 159.69, 155.985
752.617, 142.773, 159.69, 155.985
734.925, 142.773, 159.69, 155.985
734.925, 142.773, 159.69, 155.985
734.925, 124.311, 159.69, 155.985
734.925, 124.311, 159.69, 155.985
750.002, 119.234, 133.075, 129.988
734.925, 105.85, 159.69, 155.985
734.925, 105.85, 159.69, 155.985
734.925, 105.85, 159.69, 155.985
734.925, 124.311, 159.69, 155.985
734.925, 124.311, 159.69, 155.985
716.463, 105.85, 159.69, 155.985
716.463, 105.85, 159.69, 155.985
716.463, 105.85, 159.69, 155.985
716.463, 105.85, 159.69, 155.985
734.925, 124.311, 159.69, 155.985
734.925, 124.311, 159.69, 155.985
752.617, 142.773, 159.69, 155.985
752.617, 142.773, 159.69, 155.985
752.617, 142.773, 159.69, 155.985
771.079, 142.773, 159.69, 155.985
771.079, 142.773, 159.69, 155.985
771.079, 142.773, 159.69, 155.985
771.079, 142.773, 159.69, 155.985
771.079, 142.773, 159.69, 155.985
771.079, 142.773, 159.69, 155.985
752.617, 142.773, 159.69, 155.985
752.617, 142.773, 159.69, 155.985
752.617, 142.773, 159.69, 155.985
752.617, 142.773, 159.69, 155.985
752.617, 142.773, 159.69, 155.985
752.617, 142.773, 159.69, 155.985
752.617, 142.773, 159.69, 155.985
752.617, 142.773, 159.69, 155.985
752.617, 142.773, 159.69, 155.985
752.617, 142.773, 159.69, 155.985
752.617, 124.311, 159.69, 155.985
752.617, 105.85, 159.69, 155.985
752.617, 88.1575, 159.69, 155.985
752.617, 88.1575, 159.69, 155.985
752.617, 88.1575, 159.69, 155.985
752.617, 69.696, 159.69, 155.985
752.617, 69.696, 159.69, 155.985
752.617, 69.696, 159.69, 155.985
752.617, 69.696, 159.69, 155.985
752.617, 69.696, 159.69, 155.985
752.617, 88.1575, 159.69, 155.985
752.617, 88.1575, 159.69, 155.985
752.617, 105.85, 159.69, 155.985
752.617, 142.773, 159.69, 155.985
734.925, 161.234, 159.69, 155.985
734.925, 161.234, 159.69, 155.985
734.925, 142.773, 159.69, 155.985
734.925, 142.773, 159.69, 155.985
734.925, 142.773, 159.69, 155.985
734.925, 142.773, 159.69, 155.985
752.617, 142.773, 159.69, 155.985
752.617, 142.773, 159.69, 155.985
752.617, 142.773, 159.69, 155.985
752.617, 142.773, 159.69, 155.985
752.617, 142.773, 159.69, 155.985
752.617, 142.773, 159.69, 155.985
752.617, 142.773, 159.69, 155.985
752.617, 142.773, 159.69, 155.985
752.617, 142.773, 159.69, 155.985
752.617, 142.773, 159.69, 155.985
752.617, 142.773, 159.69, 155.985
752.617, 142.773, 159.69, 155.985
752.617, 142.773, 159.69, 155.985
752.617, 142.773, 159.69, 155.985
752.617, 142.773, 159.69, 155.985
752.617, 142.773, 159.69, 155.985
752.617, 142.773, 159.69, 155.985
752.617, 142.773, 159.69, 155.985
752.617, 142.773, 159.69, 155.985
752.617, 142.773, 159.69, 155.985
752.617, 142.773, 159.69, 155.985
752.617, 142.773, 159.69, 155.985
752.617, 142.773, 159.69, 155.985
752.617, 142.773, 159.69, 155.985
752.617, 142.773, 159.69, 155.985
752.617, 142.773, 159.69, 155.985
752.617, 142.773, 159.69, 155.985
752.617, 142.773, 159.69, 155.985
752.617, 142.773, 159.69, 155.985
752.617, 142.773, 159.69, 155.985
752.617, 142.773, 159.69, 155.985
752.617, 142.773, 159.69, 155.985
752.617, 142.773, 159.69, 155.985
752.617, 124.311, 159.69, 155.985
752.617, 124.311, 159.69, 155.985
752.617, 124.311, 159.69, 155.985
771.079, 124.311, 159.69, 155.985
771.079, 124.311, 159.69, 155.985
771.079, 124.311, 159.69, 155.985
771.079, 124.311, 159.69, 155.985
771.079, 124.311, 159.69, 155.985
771.079, 124.311, 159.69, 155.985
771.079, 124.311, 159.69, 155.985
771.079, 124.311, 159.69, 155.985
771.079, 124.311, 159.69, 155.985
752.617, 124.311, 159.69, 155.985
752.617, 124.311, 159.69, 155.985
752.617, 142.773, 159.69, 155.985
752.617, 142.773, 159.69, 155.985
752.617, 161.234, 159.69, 155.985
752.617, 161.234, 159.69, 155.985
752.617, 161.234, 159.69, 155.985
734.925, 161.234, 159.69, 155.985
734.925, 161.234, 159.69, 155.985
734.925, 161.234, 159.69, 155.985
734.925, 161.234, 159.69, 155.985
734.925, 161.234, 159.69, 155.985
734.925, 161.234, 159.69, 155.985
734.925, 161.234, 159.69, 155.985
734.925, 161.234, 159.69, 155.985
734.925, 142.773, 159.69, 155.985
752.617, 142.773, 159.69, 155.985
752.617, 142.773, 159.69, 155.985
752.617, 142.773, 159.69, 155.985
752.617, 142.773, 159.69, 155.985
752.617, 124.311, 159.69, 155.985
752.617, 124.311, 159.69, 155.985
752.617, 124.311, 159.69, 155.985
752.617, 124.311, 159.69, 155.985
752.617, 142.773, 159.69, 155.985
752.617, 142.773, 159.69, 155.985
752.617, 142.773, 159.69, 155.985
752.617, 161.234, 159.69, 155.985
752.617, 161.234, 159.69, 155.985
752.617, 161.234, 159.69, 155.985
752.617, 142.773, 159.69, 155.985
752.617, 142.773, 159.69, 155.985
752.617, 124.311, 159.69, 155.985
752.617, 124.311, 159.69, 155.985
752.617, 105.85, 159.69, 155.985
734.925, 124.311, 159.69, 155.985
734.925, 124.311, 159.69, 155.985
734.925, 124.311, 159.69, 155.985
734.925, 124.311, 159.69, 155.985
734.925, 124.311, 159.69, 155.985
734.925, 124.311, 159.69, 155.985
734.925, 124.311, 159.69, 155.985
716.463, 124.311, 159.69, 155.985
716.463, 124.311, 159.69, 155.985
716.463, 124.311, 159.69, 155.985
716.463, 124.311, 159.69, 155.985
716.463, 124.311, 159.69, 155.985
716.463, 124.311, 159.69, 155.985
716.463, 124.311, 159.69, 155.985
716.463, 124.311, 159.69, 155.985
716.463, 124.311, 159.69, 155.985
716.463, 124.311, 159.69, 155.985
716.463, 124.311, 159.69, 155.985
716.463, 142.773, 159.69, 155.985
716.463, 142.773, 159.69, 155.985
716.463, 142.773, 159.69, 155.985
716.463, 142.773, 159.69, 155.985
716.463, 142.773, 159.69, 155.985
716.463, 142.773, 159.69, 155.985
716.463, 142.773, 159.69, 155.985
716.463, 142.773, 159.69, 155.985
716.463, 142.773, 159.69, 155.985
734.925, 142.773, 159.69, 155.985
734.925, 142.773, 159.69, 155.985
734.925, 142.773, 159.69, 155.985
734.925, 142.773, 159.69, 155.985
734.925, 142.773, 159.69, 155.985
752.617, 142.773, 159.69, 155.985
752.617, 161.234, 159.69, 155.985
752.617, 161.234, 159.69, 155.985
752.617, 161.234, 159.69, 155.985
771.079, 161.234, 159.69, 155.985
771.079, 161.234, 159.69, 155.985
771.079, 161.234, 159.69, 155.985
789.54, 179.696, 159.69, 155.985
789.54, 179.696, 159.69, 155.985
789.54, 179.696, 159.69, 155.985
811.54, 195.486, 133.075, 130.71
808.002, 198.158, 159.69, 155.985
808.002, 198.158, 159.69, 155.985
808.002, 198.158, 159.69, 155.985
808.002, 198.158, 159.69, 155.985
808.002, 198.158, 159.69, 155.985
808.002, 198.158, 159.69, 155.985
808.002, 198.158, 159.69, 155.985
808.002, 216.619, 159.69, 155.985
808.002, 216.619, 159.69, 155.985
789.54, 198.158, 159.69, 155.985
796.155, 210.772, 133.075, 129.988
771.079, 198.158, 159.69, 155.985
752.617, 179.696, 159.69, 155.985
752.617, 179.696, 159.69, 155.985
752.617, 198.158, 159.69, 155.985
734.925, 198.158, 159.69, 155.985
734.925, 198.158, 159.69, 155.985
734.925, 198.158, 159.69, 155.985
734.925, 179.696, 159.69, 155.985
734.925, 161.234, 159.69, 155.985
734.925, 161.234, 159.69, 155.985
734.925, 161.234, 159.69, 155.985
734.925, 161.234, 159.69, 155.985
734.925, 142.773, 159.69, 155.985
734.925, 142.773, 159.69, 155.985
752.617, 142.773, 159.69, 155.985
752.617, 142.773, 159.69, 155.985
752.617, 142.773, 159.69, 155.985
752.617, 142.773, 159.69, 155.985
752.617, 142.773, 159.69, 155.985
752.617, 161.234, 159.69, 155.985
752.617, 161.234, 159.69, 155.985
752.617, 161.234, 159.69, 155.985
734.925, 161.234, 159.69, 155.985
734.925, 161.234, 159.69, 155.985
734.925, 142.773, 159.69, 155.985
752.617, 142.773, 159.69, 155.985
752.617, 142.773, 159.69, 155.985
752.617, 142.773, 159.69, 155.985
752.617, 142.773, 159.69, 155.985
752.617, 142.773, 159.69, 155.985
752.617, 142.773, 159.69, 155.985
752.617, 142.773, 159.69, 155.985
752.617, 142.773, 159.69, 155.985
752.617, 142.773, 159.69, 155.985
752.617, 142.773, 159.69, 155.985
752.617, 142.773, 159.69, 155.985
752.617, 142.773, 159.69, 155.985
752.617, 142.773, 159.69, 155.985
752.617, 142.773, 159.69, 155.985
752.617, 142.773, 159.69, 155.985
752.617, 142.773, 159.69, 155.985
752.617, 142.773, 159.69, 155.985
752.617, 142.773, 159.69, 155.985
752.617, 142.773, 159.69, 155.985
752.617, 142.773, 159.69, 155.985
752.617, 142.773, 159.69, 155.985
752.617, 142.773, 159.69, 155.985
752.617, 142.773, 159.69, 155.985
752.617, 142.773, 159.69, 155.985
752.617, 142.773, 159.69, 155.985
752.617, 142.773, 159.69, 155.985
752.617, 161.234, 159.69, 155.985
734.925, 161.234, 159.69, 155.985
734.925, 161.234, 159.69, 155.985
734.925, 161.234, 159.69, 155.985
734.925, 161.234, 159.69, 155.985
734.925, 161.234, 159.69, 155.985
734.925, 161.234, 159.69, 155.985
734.925, 161.234, 159.69, 155.985
734.925, 161.234, 159.69, 155.985
734.925, 161.234, 159.69, 155.985
734.925, 179.696, 159.69, 155.985
734.925, 179.696, 159.69, 155.985
734.925, 179.696, 159.69, 155.985
734.925, 179.696, 159.69, 155.985
734.925, 179.696, 159.69, 155.985
734.925, 179.696, 159.69, 155.985
734.925, 179.696, 159.69, 155.985
752.617, 198.158, 159.69, 155.985
752.617, 198.158, 159.69, 155.985
752.617, 198.158, 159.69, 155.985
752.617, 198.158, 159.69, 155.985
752.617, 198.158, 159.69, 155.985
752.617, 198.158, 159.69, 155.985
752.617, 198.158, 159.69, 155.985
752.617, 216.619, 159.69, 155.985
752.617, 216.619, 159.69, 155.985
752.617, 216.619, 159.69, 155.985
752.617, 216.619, 159.69, 155.985
752.617, 198.158, 159.69, 155.985
752.617, 198.158, 159.69, 155.985
752.617, 198.158, 159.69, 155.985
752.617, 198.158, 159.69, 155.985
752.617, 198.158, 159.69, 155.985
752.617, 198.158, 159.69, 155.985
752.617, 198.158, 159.69, 155.985
771.079, 198.158, 159.69, 155.985
771.079, 198.158, 159.69, 155.985
771.079, 198.158, 159.69, 155.985
771.079, 198.158, 159.69, 155.985
796.155, 195.486, 133.075, 130.71
796.155, 195.486, 133.075, 130.71
789.54, 179.696, 159.69, 155.985
789.54, 179.696, 159.69, 155.985
789.54, 179.696, 159.69, 155.985
808.002, 179.696, 159.69, 155.985
808.002, 179.696, 159.69, 155.985
808.002, 179.696, 159.69, 155.985
826.463, 161.234, 159.69, 155.985
826.463, 161.234, 159.69, 155.985
826.463, 161.234, 159.69, 155.985
826.463, 142.773, 159.69, 155.985
826.463, 142.773, 159.69, 155.985
826.463, 142.773, 159.69, 155.985
826.463, 124.311, 159.69, 155.985
826.463, 124.311, 159.69, 155.985
826.463, 124.311, 159.69, 155.985
826.463, 124.311, 159.69, 155.985
808.002, 105.85, 159.69, 155.985
826.185, 119.234, 133.815, 129.988
826.185, 119.234, 133.815, 129.988
811.54, 119.234, 133.075, 129.988
811.54, 119.234, 133.075, 129.988
789.54, 105.85, 159.69, 155.985
796.155, 119.234, 133.075, 129.988
796.155, 119.234, 133.075, 129.988
771.079, 105.85, 159.69, 155.985
780.771, 119.234, 133.075, 129.988
752.617, 88.1575, 159.69, 155.985
752.617, 105.85, 159.69, 155.985
765.386, 119.234, 133.075, 129.988
765.386, 119.234, 133.075, 129.988
750.002, 119.234, 133.075, 129.988
750.002, 119.234, 133.075, 129.988
750.002, 119.234, 133.075, 129.988
750.002, 119.234, 133.075, 129.988
734.925, 124.311, 159.69, 155.985
750.002, 134.618, 133.075, 129.988
750.002, 134.618, 133.075, 129.988
750.002, 134.618, 133.075, 129.988
750.002, 134.618, 133.075, 129.988
750.002, 134.618, 133.075, 129.988
750.002, 134.618, 133.075, 129.988
734.925, 142.773, 159.69, 155.985
734.925, 142.773, 159.69, 155.985
734.925, 142.773, 159.69, 155.985
734.925, 142.773, 159.69, 155.985
750.002, 165.388, 133.075, 129.988
734.925, 161.234, 159.69, 155.985
734.925, 161.234, 159.69, 155.985
734.925, 161.234, 159.69, 155.985
752.617, 179.696, 159.69, 155.985
752.617, 179.696, 159.69, 155.985
752.617, 179.696, 159.69, 155.985
752.617, 198.158, 159.69, 155.985
752.617, 198.158, 159.69, 155.985
752.617, 198.158, 159.69, 155.985
752.617, 198.158, 159.69, 155.985
752.617, 216.619, 159.69, 155.985
752.617, 216.619, 159.69, 155.985
752.617, 216.619, 159.69, 155.985
752.617, 216.619, 159.69, 155.985
752.617, 216.619, 159.69, 155.985
752.617, 216.619, 159.69, 155.985
752.617, 216.619, 159.69, 155.985
752.617, 216.619, 159.69, 155.985
734.925, 216.619, 159.69, 155.985
734.925, 216.619, 159.69, 155.985
734.925, 198.158, 159.69, 155.985
734.925, 198.158, 159.69, 155.985
734.925, 198.158, 159.69, 155.985
734.925, 198.158, 159.69, 155.985
734.925, 198.158, 159.69, 155.985
734.925, 198.158, 159.69, 155.985
734.925, 198.158, 159.69, 155.985
734.925, 198.158, 159.69, 155.985
734.925, 198.158, 159.69, 155.985
734.925, 198.158, 159.69, 155.985
734.925, 216.619, 159.69, 155.985
734.925, 216.619, 159.69, 155.985
734.925, 216.619, 159.69, 155.985
734.925, 216.619, 159.69, 155.985
734.925, 198.158, 159.69, 155.985
734.925, 198.158, 159.69, 155.985
734.925, 198.158, 159.69, 155.985
752.617, 198.158, 159.69, 155.985
752.617, 198.158, 159.69, 155.985
752.617, 198.158, 159.69, 155.985
752.617, 216.619, 159.69, 155.985
752.617, 216.619, 159.69, 155.985
752.617, 216.619, 159.69, 155.985
752.617, 216.619, 159.69, 155.985
752.617, 216.619, 159.69, 155.985
752.617, 216.619, 159.69, 155.985
752.617, 216.619, 159.69, 155.985
752.617, 216.619, 159.69, 155.985
752.617, 216.619, 159.69, 155.985
752.617, 216.619, 159.69, 155.985
752.617, 216.619, 159.69, 155.985
752.617, 216.619, 159.69, 155.985
752.617, 216.619, 159.69, 155.985
752.617, 216.619, 159.69, 155.985
752.617, 216.619, 159.69, 155.985
752.617, 216.619, 159.69, 155.985
752.617, 198.158, 159.69, 155.985
752.617, 198.158, 159.69, 155.985
752.617, 198.158, 159.69, 155.985
752.617, 198.158, 159.69, 155.985
752.617, 198.158, 159.69, 155.985
752.617, 198.158, 159.69, 155.985
752.617, 198.158, 159.69, 155.985
752.617, 198.158, 159.69, 155.985
752.617, 198.158, 159.69, 155.985
752.617, 198.158, 159.69, 155.985
752.617, 198.158, 159.69, 155.985
752.617, 216.619, 159.69, 155.985
752.617, 216.619, 159.69, 155.985
752.617, 216.619, 159.69, 155.985
752.617, 216.619, 159.69, 155.985
752.617, 216.619, 159.69, 155.985
752.617, 216.619, 159.69, 155.985
752.617, 216.619, 159.69, 155.985
752.617, 198.158, 159.69, 155.985
752.617, 198.158, 159.69, 155.985
752.617, 198.158, 159.69, 155.985
752.617, 198.158, 159.69, 155.985
752.617, 179.696, 159.69, 155.985
752.617, 179.696, 159.69, 155.985
734.925, 179.696, 159.69, 155.985
734.925, 179.696, 159.69, 155.985
750.002, 180.772, 133.075, 129.988
750.002, 180.772, 133.075, 129.988
734.925, 161.234, 159.69, 155.985
734.925, 161.234, 159.69, 155.985
734.925, 161.234, 159.69, 155.985
734.925, 161.234, 159.69, 155.985
734.925, 161.234, 159.69, 155.985
734.925, 161.234, 159.69, 155.985
734.925, 161.234, 159.69, 155.985
734.925, 161.234, 159.69, 155.985
734.925, 161.234, 159.69, 155.985
734.925, 161.234, 159.69, 155.985
750.002, 180.772, 133.075, 129.988
752.617, 179.696, 159.69, 155.985
752.617, 179.696, 159.69, 155.985
752.617, 179.696, 159.69, 155.985
752.617, 198.158, 159.69, 155.985
752.617, 198.158, 159.69, 155.985
752.617, 198.158, 159.69, 155.985
752.617, 179.696, 159.69, 155.985
752.617, 179.696, 159.69, 155.985
752.617, 179.696, 159.69, 155.985
752.617, 179.696, 159.69, 155.985
752.617, 179.696, 159.69, 155.985
752.617, 179.696, 159.69, 155.985
752.617, 161.234, 159.69, 155.985
765.386, 180.772, 133.075, 129.988
765.386, 180.772, 133.075, 129.988
752.617, 179.696, 159.69, 155.985
752.617, 179.696, 159.69, 155.985
752.617, 179.696, 159.69, 155.985
752.617, 179.696, 159.69, 155.985
752.617, 179.696, 159.69, 155.985
752.617, 179.696, 159.69, 155.985
752.617, 198.158, 159.69, 155.985
752.617, 198.158, 159.69, 155.985
752.617, 198.158, 159.69, 155.985
752.617, 198.158, 159.69, 155.985
752.617, 198.158, 159.69, 155.985
752.617, 198.158, 159.69, 155.985
752.617, 198.158, 159.69, 155.985
752.617, 198.158, 159.69, 155.985
752.617, 198.158, 159.69, 155.985
752.617, 198.158, 159.69, 155.985
752.617, 198.158, 159.69, 155.985
752.617, 198.158, 159.69, 155.985
752.617, 198.158, 159.69, 155.985
752.617, 198.158, 159.69, 155.985
752.617, 198.158, 159.69, 155.985
752.617, 198.158, 159.69, 155.985
752.617, 198.158, 159.69, 155.985
734.925, 198.158, 159.69, 155.985
734.925, 198.158, 159.69, 155.985
734.925, 198.158, 159.69, 155.985
752.617, 198.158, 159.69, 155.985
752.617, 198.158, 159.69, 155.985
752.617, 216.619, 159.69, 155.985
752.617, 216.619, 159.69, 155.985
752.617, 216.619, 159.69, 155.985
752.617, 235.081, 159.69, 155.985
752.617, 216.619, 159.69, 155.985
752.617, 216.619, 159.69, 155.985
752.617, 216.619, 159.69, 155.985
752.617, 216.619, 159.69, 155.985
752.617, 216.619, 159.69, 155.985
752.617, 216.619, 159.69, 155.985
752.617, 216.619, 159.69, 155.985
734.925, 216.619, 159.69, 155.985
734.925, 216.619, 159.69, 155.985
734.925, 216.619, 159.69, 155.985
734.925, 216.619, 159.69, 155.985
734.925, 216.619, 159.69, 155.985
734.925, 198.158, 159.69, 155.985
734.925, 198.158, 159.69, 155.985
734.925, 198.158, 159.69, 155.985
734.925, 198.158, 159.69, 155.985
734.925, 198.158, 159.69, 155.985
734.925, 198.158, 159.69, 155.985
734.925, 198.158, 159.69, 155.985
734.925, 198.158, 159.69, 155.985
734.925, 198.158, 159.69, 155.985
734.925, 198.158, 159.69, 155.985
734.925, 198.158, 159.69, 155.985
734.925, 198.158, 159.69, 155.985
734.925, 198.158, 159.69, 155.985
734.925, 216.619, 159.69, 155.985
734.925, 216.619, 159.69, 155.985
734.925, 216.619, 159.69, 155.985
734.925, 216.619, 159.69, 155.985
734.925, 216.619, 159.69, 155.985
734.925, 198.158, 159.69, 155.985
734.925, 198.158, 159.69, 155.985
734.925, 198.158, 159.69, 155.985
734.925, 198.158, 159.69, 155.985
734.925, 198.158, 159.69, 155.985
734.925, 198.158, 159.69, 155.985
734.925, 198.158, 159.69, 155.985
734.925, 198.158, 159.69, 155.985
734.925, 198.158, 159.69, 155.985
734.925, 198.158, 159.69, 155.985
734.925, 198.158, 159.69, 155.985
734.925, 198.158, 159.69, 155.985
734.925, 179.696, 159.69, 155.985
734.925, 179.696, 159.69, 155.985
734.925, 179.696, 159.69, 155.985
734.925, 179.696, 159.69, 155.985
734.925, 179.696, 159.69, 155.985
734.925, 179.696, 159.69, 155.985
734.925, 179.696, 159.69, 155.985
734.925, 179.696, 159.69, 155.985
734.925, 179.696, 159.69, 155.985
734.925, 179.696, 159.69, 155.985
734.925, 179.696, 159.69, 155.985
734.925, 179.696, 159.69, 155.985
734.925, 179.696, 159.69, 155.985
734.925, 198.158, 159.69, 155.985
734.925, 198.158, 159.69, 155.985
734.925, 198.158, 159.69, 155.985
734.925, 198.158, 159.69, 155.985
734.925, 198.158, 159.69, 155.985
734.925, 198.158, 159.69, 155.985
734.925, 198.158, 159.69, 155.985
734.925, 179.696, 159.69, 155.985
734.925, 179.696, 159.69, 155.985
734.925, 179.696, 159.69, 155.985
734.925, 179.696, 159.69, 155.985
734.925, 179.696, 159.69, 155.985
734.925, 179.696, 159.69, 155.985
734.925, 179.696, 159.69, 155.985
734.925, 179.696, 159.69, 155.985
734.925, 179.696, 159.69, 155.985
734.925, 179.696, 159.69, 155.985
734.925, 179.696, 159.69, 155.985
734.925, 179.696, 159.69, 155.985
734.925, 179.696, 159.69, 155.985
734.925, 179.696, 159.69, 155.985
734.925, 179.696, 159.69, 155.985
734.925, 179.696, 159.69, 155.985
734.925, 179.696, 159.69, 155.985
734.925, 179.696, 159.69, 155.985
734.925, 179.696, 159.69, 155.985
734.925, 179.696, 159.69, 155.985
734.925, 179.696, 159.69, 155.985
734.925, 179.696, 159.69, 155.985
752.617, 179.696, 159.69, 155.985
752.617, 179.696, 159.69, 155.985
752.617, 179.696, 159.69, 155.985
752.617, 179.696, 159.69, 155.985
752.617, 179.696, 159.69, 155.985
752.617, 179.696, 159.69, 155.985
752.617, 179.696, 159.69, 155.985
752.617, 179.696, 159.69, 155.985
752.617, 179.696, 159.69, 155.985
752.617, 179.696, 159.69, 155.985
734.925, 179.696, 159.69, 155.985
734.925, 179.696, 159.69, 155.985
734.925, 179.696, 159.69, 155.985
734.925, 179.696, 159.69, 155.985
716.463, 161.234, 159.69, 155.985
716.463, 161.234, 159.69, 155.985
716.463, 179.696, 159.69, 155.985
716.463, 179.696, 159.69, 155.985
716.463, 179.696, 159.69, 155.985
716.463, 179.696, 159.69, 155.985
716.463, 179.696, 159.69, 155.985
716.463, 179.696, 159.69, 155.985
716.463, 179.696, 159.69, 155.985
716.463, 198.158, 159.69, 155.985
716.463, 198.158, 159.69, 155.985
716.463, 198.158, 159.69, 155.985
716.463, 198.158, 159.69, 155.985
716.463, 198.158, 159.69, 155.985
716.463, 198.158, 159.69, 155.985
716.463, 198.158, 159.69, 155.985
734.617, 210.772, 133.075, 129.988
734.925, 198.158, 159.69, 155.985
734.925, 198.158, 159.69, 155.985
734.925, 198.158, 159.69, 155.985
734.925, 198.158, 159.69, 155.985
734.925, 198.158, 159.69, 155.985
734.925, 198.158, 159.69, 155.985
734.925, 198.158, 159.69, 155.985
734.925, 198.158, 159.69, 155.985
734.925, 179.696, 159.69, 155.985
734.925, 179.696, 159.69, 155.985
734.925, 179.696, 159.69, 155.985
734.617, 180.772, 133.075, 129.988
716.463, 161.234, 159.69, 155.985
716.463, 161.234, 159.69, 155.985
716.463, 161.234, 159.69, 155.985
716.463, 161.234, 159.69, 155.985
716.463, 142.773, 159.69, 155.985
716.463, 161.234, 159.69, 155.985
716.463, 161.234, 159.69, 155.985
716.463, 161.234, 159.69, 155.985
716.463, 161.234, 159.69, 155.985
716.463, 161.234, 159.69, 155.985
716.463, 161.234, 159.69, 155.985
716.463, 161.234, 159.69, 155.985
734.925, 161.234, 159.69, 155.985
734.925, 161.234, 159.69, 155.985
734.925, 161.234, 159.69, 155.985
734.925, 161.234, 159.69, 155.985
734.925, 179.696, 159.69, 155.985
734.925, 179.696, 159.69, 155.985
734.925, 179.696, 159.69, 155.985
734.925, 179.696, 159.69, 155.985
734.925, 179.696, 159.69, 155.985
734.925, 179.696, 159.69, 155.985
734.925, 179.696, 159.69, 155.985
734.925, 161.234, 159.69, 155.985
734.925, 161.234, 159.69, 155.985
734.925, 161.234, 159.69, 155.985
734.925, 161.234, 159.69, 155.985
734.925, 161.234, 159.69, 155.985
734.925, 161.234, 159.69, 155.985
734.925, 179.696, 159.69, 155.985
734.925, 179.696, 159.69, 155.985
734.925, 179.696, 159.69, 155.985
734.925, 179.696, 159.69, 155.985
734.925, 179.696, 159.69, 155.985
716.463, 161.234, 159.69, 155.985
716.463, 161.234, 159.69, 155.985
716.463, 161.234, 159.69, 155.985
716.463, 161.234, 159.69, 155.985
716.463, 161.234, 159.69, 155.985
716.463, 161.234, 159.69, 155.985
716.463, 161.234, 159.69, 155.985
716.463, 161.234, 159.69, 155.985
734.925, 179.696, 159.69, 155.985
734.925, 179.696, 159.69, 155.985
734.925, 179.696, 159.69, 155.985
734.925, 179.696, 159.69, 155.985
734.925, 179.696, 159.69, 155.985
734.925, 179.696, 159.69, 155.985
734.925, 179.696, 159.69, 155.985
734.925, 161.234, 159.69, 155.985
734.925, 161.234, 159.69, 155.985
734.925, 161.234, 159.69, 155.985
734.925, 161.234, 159.69, 155.985
734.925, 161.234, 159.69, 155.985
734.925, 161.234, 159.69, 155.985
734.925, 161.234, 159.69, 155.985
734.925, 161.234, 159.69, 155.985
734.925, 161.234, 159.69, 155.985
734.925, 179.696, 159.69, 155.985
734.925, 179.696, 159.69, 155.985
734.925, 179.696, 159.69, 155.985
734.925, 179.696, 159.69, 155.985
734.925, 161.234, 159.69, 155.985
734.925, 161.234, 159.69, 155.985
734.925, 161.234, 159.69, 155.985
734.925, 161.234, 159.69, 155.985
734.925, 161.234, 159.69, 155.985
734.925, 161.234, 159.69, 155.985
734.925, 161.234, 159.69, 155.985
734.925, 161.234, 159.69, 155.985
734.925, 179.696, 159.69, 155.985
734.925, 179.696, 159.69, 155.985
734.925, 179.696, 159.69, 155.985
734.925, 179.696, 159.69, 155.985
734.925, 179.696, 159.69, 155.985
734.925, 161.234, 159.69, 155.985
734.925, 161.234, 159.69, 155.985
734.925, 161.234, 159.69, 155.985
734.925, 161.234, 159.69, 155.985
734.925, 161.234, 159.69, 155.985
734.925, 161.234, 159.69, 155.985
734.925, 161.234, 159.69, 155.985
734.925, 179.696, 159.69, 155.985
734.925, 179.696, 159.69, 155.985
734.617, 180.772, 133.075, 129.988
734.617, 180.772, 133.075, 129.988
734.617, 180.772, 133.075, 129.988
716.463, 161.234, 159.69, 155.985
716.463, 161.234, 159.69, 155.985
716.463, 161.234, 159.69, 155.985
716.463, 161.234, 159.69, 155.985
716.463, 161.234, 159.69, 155.985
716.463, 161.234, 159.69, 155.985
716.463, 161.234, 159.69, 155.985
716.463, 161.234, 159.69, 155.985
716.463, 161.234, 159.69, 155.985
716.463, 161.234, 159.69, 155.985
716.463, 161.234, 159.69, 155.985
716.463, 161.234, 159.69, 155.985
716.463, 161.234, 159.69, 155.985
734.925, 161.234, 159.69, 155.985
734.925, 179.696, 159.69, 155.985
734.925, 179.696, 159.69, 155.985
752.617, 179.696, 159.69, 155.985
752.617, 179.696, 159.69, 155.985
752.617, 198.158, 159.69, 155.985
752.617, 198.158, 159.69, 155.985
780.771, 195.486, 133.075, 130.71
780.771, 195.486, 133.075, 130.71
771.079, 179.696, 159.69, 155.985
771.079, 179.696, 159.69, 155.985
771.079, 179.696, 159.69, 155.985
771.079, 179.696, 159.69, 155.985
752.617, 179.696, 159.69, 155.985
752.617, 179.696, 159.69, 155.985
752.617, 179.696, 159.69, 155.985
752.617, 179.696, 159.69, 155.985
752.617, 179.696, 159.69, 155.985
752.617, 179.696, 159.69, 155.985
752.617, 179.696, 159.69, 155.985
752.617, 179.696, 159.69, 155.985
734.925, 179.696, 159.69, 155.985
734.925, 161.234, 159.69, 155.985
734.925, 161.234, 159.69, 155.985
734.925, 161.234, 159.69, 155.985
734.925, 161.234, 159.69, 155.985
734.925, 161.234, 159.69, 155.985
734.925, 161.234, 159.69, 155.985
734.925, 161.234, 159.69, 155.985
734.925, 161.234, 159.69, 155.985
734.925, 161.234, 159.69, 155.985
734.925, 161.234, 159.69, 155.985
734.925, 161.234, 159.69, 155.985
734.925, 142.773, 159.69, 155.985
734.925, 142.773, 159.69, 155.985
734.925, 142.773, 159.69, 155.985
734.925, 142.773, 159.69, 155.985
734.925, 124.311, 159.69, 155.985
734.617, 134.618, 133.075, 129.988
734.617, 134.618, 133.075, 129.988
716.463, 124.311, 159.69, 155.985
716.463, 124.311, 159.69, 155.985
734.925, 142.773, 159.69, 155.985
734.925, 142.773, 159.69, 155.985
734.925, 142.773, 159.69, 155.985
734.925, 142.773, 159.69, 155.985
734.925, 142.773, 159.69, 155.985
734.925, 142.773, 159.69, 155.985
734.925, 142.773, 159.69, 155.985
734.925, 142.773, 159.69, 155.985
734.925, 142.773, 159.69, 155.985
734.925, 142.773, 159.69, 155.985
734.925, 142.773, 159.69, 155.985
734.925, 142.773, 159.69, 155.985
734.925, 142.773, 159.69, 155.985
734.925, 142.773, 159.69, 155.985
734.925, 142.773, 159.69, 155.985
734.925, 142.773, 159.69, 155.985
734.925, 142.773, 159.69, 155.985
734.925, 142.773, 159.69, 155.985
716.463, 142.773, 159.69, 155.985
716.463, 142.773, 159.69, 155.985
716.463, 142.773, 159.69, 155.985
716.463, 142.773, 159.69, 155.985
716.463, 142.773, 159.69, 155.985
734.617, 165.388, 133.075, 129.988
734.617, 165.388, 133.075, 129.988
734.617, 165.388, 133.075, 129.988
734.617, 165.388, 133.075, 129.988
734.925, 161.234, 159.69, 155.985
734.925, 161.234, 159.69, 155.985
734.925, 161.234, 159.69, 155.985
734.925, 161.234, 159.69, 155.985
734.925, 179.696, 159.69, 155.985
734.925, 179.696, 159.69, 155.985
734.925, 179.696, 159.69, 155.985
734.925, 179.696, 159.69, 155.985
734.925, 161.234, 159.69, 155.985
734.925, 161.234, 159.69, 155.985
716.463, 161.234, 159.69, 155.985
716.463, 161.234, 159.69, 155.985
716.463, 161.234, 159.69, 155.985
716.463, 161.234, 159.69, 155.985
716.463, 161.234, 159.69, 155.985
716.463, 161.234, 159.69, 155.985
716.463, 161.234, 159.69, 155.985
716.463, 161.234, 159.69, 155.985
716.463, 161.234, 159.69, 155.985
734.925, 161.234, 159.69, 155.985
734.925, 161.234, 159.69, 155.985
734.925, 161.234, 159.69, 155.985
734.925, 161.234, 159.69, 155.985
734.925, 161.234, 159.69, 155.985
734.925, 179.696, 159.69, 155.985
734.925, 179.696, 159.69, 155.985
752.617, 179.696, 159.69, 155.985
752.617, 179.696, 159.69, 155.985
752.617, 198.158, 159.69, 155.985
752.617, 198.158, 159.69, 155.985
752.617, 198.158, 159.69, 155.985
752.617, 198.158, 159.69, 155.985
752.617, 198.158, 159.69, 155.985
752.617, 198.158, 159.69, 155.985
752.617, 198.158, 159.69, 155.985
752.617, 179.696, 159.69, 155.985
752.617, 179.696, 159.69, 155.985
734.925, 179.696, 159.69, 155.985
734.925, 179.696, 159.69, 155.985
734.925, 179.696, 159.69, 155.985
734.925, 179.696, 159.69, 155.985
734.925, 179.696, 159.69, 155.985
734.925, 179.696, 159.69, 155.985
734.925, 179.696, 159.69, 155.985
734.925, 179.696, 159.69, 155.985
734.925, 179.696, 159.69, 155.985
734.925, 179.696, 159.69, 155.985
734.925, 179.696, 159.69, 155.985
734.925, 161.234, 159.69, 155.985
752.617, 161.234, 159.69, 155.985
752.617, 161.234, 159.69, 155.985
752.617, 179.696, 159.69, 155.985
752.617, 179.696, 159.69, 155.985
752.617, 179.696, 159.69, 155.985
752.617, 179.696, 159.69, 155.985
752.617, 179.696, 159.69, 155.985
752.617, 198.158, 159.69, 155.985
752.617, 198.158, 159.69, 155.985
752.617, 198.158, 159.69, 155.985
752.617, 198.158, 159.69, 155.985
752.617, 198.158, 159.69, 155.985
752.617, 179.696, 159.69, 155.985
752.617, 179.696, 159.69, 155.985
752.617, 179.696, 159.69, 155.985
752.617, 179.696, 159.69, 155.985
752.617, 179.696, 159.69, 155.985
734.925, 179.696, 159.69, 155.985
734.925, 179.696, 159.69, 155.985
734.925, 179.696, 159.69, 155.985
734.925, 179.696, 159.69, 155.985
734.925, 161.234, 159.69, 155.985
734.925, 161.234, 159.69, 155.985
734.925, 161.234, 159.69, 155.985
734.925, 161.234, 159.69, 155.985
734.925, 161.234, 159.69, 155.985
734.925, 161.234, 159.69, 155.985
734.925, 161.234, 159.69, 155.985
734.925, 161.234, 159.69, 155.985
734.925, 161.234, 159.69, 155.985
734.925, 161.234, 159.69, 155.985
734.925, 161.234, 159.69, 155.985
734.925, 161.234, 159.69, 155.985
734.925, 161.234, 159.69, 155.985
734.925, 161.234, 159.69, 155.985
734.925, 161.234, 159.69, 155.985
734.925, 161.234, 159.69, 155.985
734.925, 161.234, 159.69, 155.985
734.925, 161.234, 159.69, 155.985
734.925, 161.234, 159.69, 155.985
734.925, 161.234, 159.69, 155.985
734.925, 161.234, 159.69, 155.985
734.925, 161.234, 159.69, 155.985
734.925, 161.234, 159.69, 155.985
734.925, 161.234, 159.69, 155.985
734.925, 161.234, 159.69, 155.985
734.925, 161.234, 159.69, 155.985
734.925, 161.234, 159.69, 155.985
734.925, 161.234, 159.69, 155.985
734.925, 161.234, 159.69, 155.985
734.925, 161.234, 159.69, 155.985
765.386, 165.388, 133.075, 129.988
752.617, 142.773, 159.69, 155.985
752.617, 142.773, 159.69, 155.985
752.617, 142.773, 159.69, 155.985
752.617, 142.773, 159.69, 155.985
752.617, 142.773, 159.69, 155.985
780.771, 165.388, 133.075, 129.988
771.079, 161.234, 159.69, 155.985
771.079, 179.696, 159.69, 155.985
771.079, 179.696, 159.69, 155.985
771.079, 179.696, 159.69, 155.985
771.079, 198.158, 159.69, 155.985
771.079, 198.158, 159.69, 155.985
771.079, 198.158, 159.69, 155.985
771.079, 198.158, 159.69, 155.985
771.079, 198.158, 159.69, 155.985
752.617, 198.158, 159.69, 155.985
752.617, 179.696, 159.69, 155.985
752.617, 179.696, 159.69, 155.985
752.617, 179.696, 159.69, 155.985
752.617, 179.696, 159.69, 155.985
752.617, 179.696, 159.69, 155.985
752.617, 179.696, 159.69, 155.985
752.617, 179.696, 159.69, 155.985
752.617, 179.696, 159.69, 155.985
734.925, 161.234, 159.69, 155.985
734.925, 161.234, 159.69, 155.985
734.925, 161.234, 159.69, 155.985
734.925, 161.234, 159.69, 155.985
734.925, 161.234, 159.69, 155.985
734.925, 161.234, 159.69, 155.985
734.925, 161.234, 159.69, 155.985
734.925, 161.234, 159.69, 155.985
734.925, 161.234, 159.69, 155.985
734.925, 161.234, 159.69, 155.985
734.925, 161.234, 159.69, 155.985
734.925, 161.234, 159.69, 155.985
734.925, 161.234, 159.69, 155.985
734.925, 161.234, 159.69, 155.985
734.925, 161.234, 159.69, 155.985
734.925, 161.234, 159.69, 155.985
734.925, 161.234, 159.69, 155.985
734.925, 161.234, 159.69, 155.985
734.925, 161.234, 159.69, 155.985
734.925, 161.234, 159.69, 155.985
734.925, 161.234, 159.69, 155.985
734.925, 161.234, 159.69, 155.985
734.925, 161.234, 159.69, 155.985
734.925, 161.234, 159.69, 155.985
734.925, 161.234, 159.69, 155.985
734.925, 161.234, 159.69, 155.985
734.925, 161.234, 159.69, 155.985
734.925, 161.234, 159.69, 155.985
734.925, 161.234, 159.69, 155.985
734.925, 161.234, 159.69, 155.985
734.925, 161.234, 159.69, 155.985
734.925, 161.234, 159.69, 155.985
734.925, 161.234, 159.69, 155.985
734.925, 161.234, 159.69, 155.985
752.617, 161.234, 159.69, 155.985
752.617, 161.234, 159.69, 155.985
752.617, 142.773, 159.69, 155.985
752.617, 142.773, 159.69, 155.985
734.925, 124.311, 159.69, 155.985
734.925, 124.311, 159.69, 155.985
734.925, 142.773, 159.69, 155.985
734.925, 142.773, 159.69, 155.985
734.925, 142.773, 159.69, 155.985
734.925, 142.773, 159.69, 155.985
734.925, 161.234, 159.69, 155.985
734.925, 161.234, 159.69, 155.985
734.925, 161.234, 159.69, 155.985
734.925, 161.234, 159.69, 155.985
734.925, 161.234, 159.69, 155.985
734.925, 161.234, 159.69, 155.985
734.925, 161.234, 159.69, 155.985
734.925, 161.234, 159.69, 155.985
734.925, 161.234, 159.69, 155.985
734.925, 161.234, 159.69, 155.985
734.925, 161.234, 159.69, 155.985
734.925, 161.234, 159.69, 155.985
734.925, 161.234, 159.69, 155.985
