178.335, 99.3615, 110.896, 108.323
180.663, 114.596, 92.4135, 90.2692
180.663, 114.596, 92.4135, 90.2692
178.335, 99.3615, 110.896, 108.323
178.335, 99.3615, 110.896, 108.323
178.335, 99.3615, 110.896, 108.323
178.335, 99.3615, 110.896, 108.323
178.335, 99.3615, 110.896, 108.323
178.335, 99.3615, 110.896, 108.323
178.335, 99.3615, 110.896, 108.323
178.335, 99.3615, 110.896, 108.323
178.335, 99.3615, 110.896, 108.323
178.335, 99.3615, 110.896, 108.323
178.335, 99.3615, 110.896, 108.323
180.663, 103.925, 92.4135, 90.9914
180.663, 103.925, 92.4135, 90.9914
180.663, 103.925, 92.4135, 90.9914
180.663, 103.925, 92.4135, 90.9914
180.663, 103.925, 92.4135, 90.9914
180.663, 103.925, 92.4135, 90.9914
180.663, 103.925, 92.4135, 90.9914
180.663, 103.925, 92.4135, 90.9914
191.433, 103.925, 92.4135, 90.9914
180.663, 103.925, 92.4135, 90.9914
180.663, 103.925, 92.4135, 90.9914
180.663, 103.925, 92.4135, 90.9914
191.433, 103.925, 92.4135, 90.9914
191.433, 103.925, 92.4135, 90.9914
191.433, 103.925, 92.4135, 90.9914
191.433, 103.925, 92.4135, 90.9914
191.433, 103.925, 92.4135, 90.9914
191.433, 103.925, 92.4135, 90.9914
191.433, 103.925, 92.4135, 90.9914
180.663, 103.925, 92.4135, 90.9914
180.663, 103.925, 92.4135, 90.9914
180.663, 103.925, 92.4135, 90.9914
180.663, 103.925, 92.4135, 90.9914
191.433, 103.925, 92.4135, 90.9914
180.663, 103.925, 92.4135, 90.9914
191.433, 103.925, 92.4135, 90.9914
180.663, 103.925, 92.4135, 90.9914
180.663, 103.925, 92.4135, 90.9914
180.663, 103.925, 92.4135, 90.9914
180.663, 103.925, 92.4135, 90.9914
191.433, 103.925, 92.4135, 90.9914
191.433, 103.925, 92.4135, 90.9914
191.433, 103.925, 92.4135, 90.9914
191.433, 103.925, 92.4135, 90.9914
191.433, 103.925, 92.4135, 90.9914
191.433, 103.925, 92.4135, 90.9914
180.663, 93.156, 92.4135, 90.9914
180.663, 93.156, 92.4135, 90.9914
180.663, 93.156, 92.4135, 90.9914
180.663, 93.156, 92.4135, 90.9914
180.663, 93.156, 92.4135, 90.9914
180.663, 93.156, 92.4135, 90.9914
180.663, 93.156, 92.4135, 90.9914
180.663, 93.156, 92.4135, 90.9914
180.663, 93.156, 92.4135, 90.9914
180.663, 93.156, 92.4135, 90.9914
0, 0, 0, 0
191.433, 93.156, 92.4135, 90.9914
191.433, 93.156, 92.4135, 90.9914
191.433, 93.156, 92.4135, 90.9914
191.433, 93.156, 92.4135, 90.9914
191.433, 93.156, 92.4135, 90.9914
191.433, 93.156, 92.4135, 90.9914
180.663, 103.925, 92.4135, 90.9914
180.663, 103.925, 92.4135, 90.9914
180.663, 103.925, 92.4135, 90.9914
180.663, 103.925, 92.4135, 90.9914
180.663, 103.925, 92.4135, 90.9914
180.663, 103.925, 92.4135, 90.9914
180.663, 103.925, 92.4135, 90.9914
180.663, 103.925, 92.4135, 90.9914
180.663, 103.925, 92.4135, 90.9914
180.663, 103.925, 92.4135, 90.9914
178.335, 99.3615, 110.896, 108.323
178.335, 99.3615, 110.896, 108.323
178.335, 99.3615, 110.896, 108.323
178.335, 99.3615, 110.896, 108.323
180.663, 103.925, 92.4135, 90.9914
180.663, 103.925, 92.4135, 90.9914
180.663, 103.925, 92.4135, 90.9914
180.663, 103.925, 92.4135, 90.9914
180.663, 103.925, 92.4135, 90.9914
180.663, 103.925, 92.4135, 90.9914
180.663, 103.925, 92.4135, 90.9914
180.663, 103.925, 92.4135, 90.9914
180.663, 103.925, 92.4135, 90.9914
180.663, 103.925, 92.4135, 90.9914
180.663, 103.925, 92.4135, 90.9914
180.663, 103.925, 92.4135, 90.9914
180.663, 103.925, 92.4135, 90.9914
180.663, 103.925, 92.4135, 90.9914
180.663, 114.596, 92.4135, 90.2692
191.433, 114.596, 92.4135, 90.2692
180.663, 114.596, 92.4135, 90.2692
180.663, 114.596, 92.4135, 90.2692
180.663, 103.925, 92.4135, 90.9914
180.663, 103.925, 92.4135, 90.9914
191.433, 103.925, 92.4135, 90.9914
191.433, 103.925, 92.4135, 90.9914
180.663, 103.925, 92.4135, 90.9914
180.663, 103.925, 92.4135, 90.9914
180.663, 103.925, 92.4135, 90.9914
180.663, 103.925, 92.4135, 90.9914
180.663, 103.925, 92.4135, 90.9914
180.663, 103.925, 92.4135, 90.9914
180.663, 103.925, 92.4135, 90.9914
180.663, 103.925, 92.4135, 90.9914
180.663, 103.925, 92.4135, 90.9914
180.663, 103.925, 92.4135, 90.9914
180.663, 103.925, 92.4135, 90.9914
180.663, 114.596, 92.4135, 90.2692
180.663, 114.596, 92.4135, 90.2692
180.663, 114.596, 92.4135, 90.2692
180.663, 114.596, 92.4135, 90.2692
180.663, 114.596, 92.4135, 90.2692
180.663, 114.596, 92.4135, 90.2692
191.433, 114.596, 92.4135, 90.2692
180.663, 114.596, 92.4135, 90.2692
180.663, 114.596, 92.4135, 90.2692
180.663, 103.925, 92.4135, 90.9914
180.663, 114.596, 92.4135, 90.2692
0, 0, 0, 0
180.663, 114.596, 92.4135, 90.2692
180.663, 114.596, 92.4135, 90.2692
180.663, 114.596, 92.4135, 90.2692
178.335, 111.768, 110.896, 109.045
178.335, 111.768, 110.896, 109.045
178.335, 111.768, 110.896, 109.045
178.335, 111.768, 110.896, 109.045
178.335, 111.768, 110.896, 109.045
178.335, 111.768, 110.896, 109.045
178.335, 111.768, 110.896, 109.045
178.335, 111.768, 110.896, 109.045
178.335, 111.768, 110.896, 109.045
178.335, 111.768, 110.896, 109.045
178.335, 111.768, 110.896, 109.045
178.335, 124.746, 110.896, 108.323
178.335, 124.746, 110.896, 108.323
178.335, 124.746, 110.896, 108.323
178.335, 124.746, 110.896, 108.323
178.335, 124.746, 110.896, 108.323
178.335, 124.746, 110.896, 108.323
178.335, 124.746, 110.896, 108.323
178.335, 124.746, 110.896, 108.323
178.335, 124.746, 110.896, 108.323
178.335, 124.746, 110.896, 108.323
178.335, 124.746, 110.896, 108.323
178.335, 124.746, 110.896, 108.323
178.335, 124.746, 110.896, 108.323
180.663, 125.365, 92.4135, 90.2692
180.663, 125.365, 92.4135, 90.2692
180.663, 125.365, 92.4135, 90.2692
180.663, 125.365, 92.4135, 90.2692
180.663, 114.596, 92.4135, 90.2692
180.663, 114.596, 92.4135, 90.2692
180.663, 114.596, 92.4135, 90.2692
180.663, 114.596, 92.4135, 90.2692
180.663, 114.596, 92.4135, 90.2692
180.663, 114.596, 92.4135, 90.2692
180.663, 114.596, 92.4135, 90.2692
180.663, 114.596, 92.4135, 90.2692
180.663, 114.596, 92.4135, 90.2692
180.663, 114.596, 92.4135, 90.2692
180.663, 114.596, 92.4135, 90.2692
180.663, 114.596, 92.4135, 90.2692
180.663, 114.596, 92.4135, 90.2692
180.663, 114.596, 92.4135, 90.2692
180.663, 114.596, 92.4135, 90.2692
180.663, 114.596, 92.4135, 90.2692
180.663, 114.596, 92.4135, 90.2692
180.663, 114.596, 92.4135, 90.2692
180.663, 114.596, 92.4135, 90.2692
180.663, 114.596, 92.4135, 90.2692
180.663, 114.596, 92.4135, 90.2692
180.663, 114.596, 92.4135, 90.2692
180.663, 114.596, 92.4135, 90.2692
180.663, 114.596, 92.4135, 90.2692
180.663, 114.596, 92.4135, 90.2692
180.663, 114.596, 92.4135, 90.2692
180.663, 114.596, 92.4135, 90.2692
180.663, 103.925, 92.4135, 90.9914
180.663, 103.925, 92.4135, 90.9914
180.663, 103.925, 92.4135, 90.9914
180.663, 103.925, 92.4135, 90.9914
180.663, 103.925, 92.4135, 90.9914
180.663, 114.596, 92.4135, 90.2692
180.663, 114.596, 92.4135, 90.2692
180.663, 114.596, 92.4135, 90.2692
180.663, 114.596, 92.4135, 90.2692
180.663, 114.596, 92.4135, 90.2692
180.663, 114.596, 92.4135, 90.2692
180.663, 114.596, 92.4135, 90.2692
180.663, 114.596, 92.4135, 90.2692
180.663, 114.596, 92.4135, 90.2692
180.663, 114.596, 92.4135, 90.2692
180.663, 114.596, 92.4135, 90.2692
180.663, 114.596, 92.4135, 90.2692
180.663, 114.596, 92.4135, 90.2692
180.663, 114.596, 92.4135, 90.2692
180.663, 114.596, 92.4135, 90.2692
180.663, 114.596, 92.4135, 90.2692
180.663, 114.596, 92.4135, 90.2692
180.663, 114.596, 92.4135, 90.2692
180.663, 114.596, 92.4135, 90.2692
180.663, 114.596, 92.4135, 90.2692
180.663, 114.596, 92.4135, 90.2692
180.663, 114.596, 92.4135, 90.2692
180.663, 114.596, 92.4135, 90.2692
180.663, 114.596, 92.4135, 90.2692
180.663, 114.596, 92.4135, 90.2692
180.663, 114.596, 92.4135, 90.2692
180.663, 114.596, 92.4135, 90.2692
178.335, 111.768, 110.896, 109.045
178.335, 111.768, 110.896, 109.045
178.335, 111.768, 110.896, 109.045
178.335, 111.768, 110.896, 109.045
178.335, 111.768, 110.896, 109.045
178.335, 111.768, 110.896, 109.045
178.335, 111.768, 110.896, 109.045
180.663, 114.596, 92.4135, 90.2692
180.663, 114.596, 92.4135, 90.2692
180.663, 114.596, 92.4135, 90.2692
180.663, 114.596, 92.4135, 90.2692
180.663, 114.596, 92.4135, 90.2692
180.663, 114.596, 92.4135, 90.2692
180.663, 114.596, 92.4135, 90.2692
178.335, 111.768, 110.896, 109.045
178.335, 111.768, 110.896, 109.045
178.335, 111.768, 110.896, 109.045
178.335, 111.768, 110.896, 109.045
178.335, 111.768, 110.896, 109.045
178.335, 111.768, 110.896, 109.045
178.335, 111.768, 110.896, 109.045
178.335, 111.768, 110.896, 109.045
178.335, 111.768, 110.896, 109.045
178.335, 111.768, 110.896, 109.045
178.335, 111.768, 110.896, 109.045
191.433, 103.925, 92.4135, 90.9914
191.433, 103.925, 92.4135, 90.9914
191.433, 103.925, 92.4135, 90.9914
191.433, 103.925, 92.4135, 90.9914
191.433, 103.925, 92.4135, 90.9914
191.433, 103.925, 92.4135, 90.9914
191.433, 103.925, 92.4135, 90.9914
191.433, 103.925, 92.4135, 90.9914
191.433, 103.925, 92.4135, 90.9914
191.433, 103.925, 92.4135, 90.9914
191.433, 103.925, 92.4135, 90.9914
191.433, 103.925, 92.4135, 90.9914
191.433, 103.925, 92.4135, 90.9914
191.433, 103.925, 92.4135, 90.9914
191.433, 103.925, 92.4135, 90.9914
178.335, 111.768, 110.896, 109.045
191.433, 103.925, 92.4135, 90.9914
178.335, 99.3615, 110.896, 108.323
178.335, 99.3615, 110.896, 108.323
178.335, 99.3615, 110.896, 108.323
191.433, 114.596, 92.4135, 90.2692
191.433, 114.596, 92.4135, 90.2692
191.433, 114.596, 92.4135, 90.2692
191.433, 114.596, 92.4135, 90.2692
0, 0, 0, 0
178.335, 99.3615, 110.896, 108.323
191.433, 103.925, 92.4135, 90.9914
191.433, 103.925, 92.4135, 90.9914
191.433, 103.925, 92.4135, 90.9914
191.433, 103.925, 92.4135, 90.9914
191.433, 103.925, 92.4135, 90.9914
180.663, 103.925, 92.4135, 90.9914
191.433, 103.925, 92.4135, 90.9914
191.433, 103.925, 92.4135, 90.9914
180.663, 103.925, 92.4135, 90.9914
180.663, 103.925, 92.4135, 90.9914
180.663, 103.925, 92.4135, 90.9914
180.663, 103.925, 92.4135, 90.9914
180.663, 103.925, 92.4135, 90.9914
180.663, 103.925, 92.4135, 90.9914
180.663, 103.925, 92.4135, 90.9914
180.663, 103.925, 92.4135, 90.9914
178.335, 99.3615, 110.896, 108.323
178.335, 99.3615, 110.896, 108.323
178.335, 99.3615, 110.896, 108.323
178.335, 99.3615, 110.896, 108.323
178.335, 99.3615, 110.896, 108.323
178.335, 99.3615, 110.896, 108.323
191.433, 103.925, 92.4135, 90.9914
191.433, 103.925, 92.4135, 90.9914
191.433, 103.925, 92.4135, 90.9914
191.433, 103.925, 92.4135, 90.9914
178.335, 99.3615, 110.896, 108.323
178.335, 99.3615, 110.896, 108.323
178.335, 99.3615, 110.896, 108.323
180.663, 103.925, 92.4135, 90.9914
180.663, 103.925, 92.4135, 90.9914
180.663, 103.925, 92.4135, 90.9914
180.663, 103.925, 92.4135, 90.9914
191.433, 103.925, 92.4135, 90.9914
178.335, 99.3615, 110.896, 108.323
178.335, 99.3615, 110.896, 108.323
178.335, 99.3615, 110.896, 108.323
178.335, 99.3615, 110.896, 108.323
191.433, 103.925, 92.4135, 90.9914
178.335, 99.3615, 110.896, 108.323
178.335, 99.3615, 110.896, 108.323
178.335, 99.3615, 110.896, 108.323
191.433, 114.596, 92.4135, 90.2692
178.335, 99.3615, 110.896, 108.323
178.335, 99.3615, 110.896, 108.323
178.335, 99.3615, 110.896, 108.323
178.335, 99.3615, 110.896, 108.323
191.412, 99.3615, 110.896, 108.323
191.412, 99.3615, 110.896, 108.323
191.412, 99.3615, 110.896, 108.323
191.412, 99.3615, 110.896, 108.323
178.335, 99.3615, 110.896, 108.323
178.335, 99.3615, 110.896, 108.323
178.335, 99.3615, 110.896, 108.323
178.335, 99.3615, 110.896, 108.323
178.335, 99.3615, 110.896, 108.323
178.335, 99.3615, 110.896, 108.323
178.335, 99.3615, 110.896, 108.323
178.335, 99.3615, 110.896, 108.323
178.335, 99.3615, 110.896, 108.323
178.335, 99.3615, 110.896, 108.323
178.335, 99.3615, 110.896, 108.323
180.663, 103.925, 92.4135, 90.9914
178.335, 99.3615, 110.896, 108.323
178.335, 99.3615, 110.896, 108.323
178.335, 99.3615, 110.896, 108.323
178.335, 99.3615, 110.896, 108.323
178.335, 99.3615, 110.896, 108.323
178.335, 99.3615, 110.896, 108.323
178.335, 99.3615, 110.896, 108.323
178.335, 99.3615, 110.896, 108.323
178.335, 99.3615, 110.896, 108.323
178.335, 99.3615, 110.896, 108.323
178.335, 99.3615, 110.896, 108.323
178.335, 99.3615, 110.896, 108.323
178.335, 99.3615, 110.896, 108.323
178.335, 99.3615, 110.896, 108.323
178.335, 99.3615, 110.896, 108.323
178.335, 99.3615, 110.896, 108.323
178.335, 99.3615, 110.896, 108.323
178.335, 99.3615, 110.896, 108.323
178.335, 99.3615, 110.896, 108.323
178.335, 99.3615, 110.896, 108.323
178.335, 99.3615, 110.896, 108.323
178.335, 99.3615, 110.896, 108.323
178.335, 99.3615, 110.896, 108.323
178.335, 99.3615, 110.896, 108.323
191.433, 114.596, 92.4135, 90.2692
178.335, 99.3615, 110.896, 108.323
191.433, 114.596, 92.4135, 90.2692
191.433, 114.596, 92.4135, 90.2692
191.433, 114.596, 92.4135, 90.2692
191.433, 114.596, 92.4135, 90.2692
191.433, 114.596, 92.4135, 90.2692
191.433, 114.596, 92.4135, 90.2692
191.433, 114.596, 92.4135, 90.2692
191.433, 114.596, 92.4135, 90.2692
191.433, 114.596, 92.4135, 90.2692
191.433, 114.596, 92.4135, 90.2692
191.433, 114.596, 92.4135, 90.2692
191.433, 114.596, 92.4135, 90.2692
180.663, 114.596, 92.4135, 90.2692
180.663, 114.596, 92.4135, 90.2692
180.663, 114.596, 92.4135, 90.2692
180.663, 114.596, 92.4135, 90.2692
180.663, 114.596, 92.4135, 90.2692
180.663, 114.596, 92.4135, 90.2692
178.335, 99.3615, 110.896, 108.323
178.335, 99.3615, 110.896, 108.323
180.663, 114.596, 92.4135, 90.2692
180.663, 114.596, 92.4135, 90.2692
180.663, 114.596, 92.4135, 90.2692
180.663, 103.925, 92.4135, 90.9914
180.663, 103.925, 92.4135, 90.9914
180.663, 103.925, 92.4135, 90.9914
180.663, 103.925, 92.4135, 90.9914
180.663, 103.925, 92.4135, 90.9914
169.894, 103.925, 92.4135, 90.9914
169.894, 103.925, 92.4135, 90.9914
169.894, 103.925, 92.4135, 90.9914
169.894, 103.925, 92.4135, 90.9914
169.894, 103.925, 92.4135, 90.9914
169.894, 103.925, 92.4135, 90.9914
169.894, 103.925, 92.4135, 90.9914
169.894, 103.925, 92.4135, 90.9914
169.894, 103.925, 92.4135, 90.9914
169.894, 103.925, 92.4135, 90.9914
169.894, 103.925, 92.4135, 90.9914
169.894, 103.925, 92.4135, 90.9914
169.894, 103.925, 92.4135, 90.9914
169.894, 103.925, 92.4135, 90.9914
169.894, 103.925, 92.4135, 90.9914
169.894, 103.925, 92.4135, 90.9914
165.288, 99.3615, 111.635, 108.323
180.663, 103.925, 92.4135, 90.9914
180.663, 103.925, 92.4135, 90.9914
180.663, 103.925, 92.4135, 90.9914
180.663, 103.925, 92.4135, 90.9914
180.663, 103.925, 92.4135, 90.9914
180.663, 103.925, 92.4135, 90.9914
191.433, 103.925, 92.4135, 90.9914
191.433, 103.925, 92.4135, 90.9914
191.433, 103.925, 92.4135, 90.9914
191.433, 103.925, 92.4135, 90.9914
191.433, 103.925, 92.4135, 90.9914
191.433, 103.925, 92.4135, 90.9914
191.433, 103.925, 92.4135, 90.9914
191.433, 103.925, 92.4135, 90.9914
178.335, 99.3615, 110.896, 108.323
191.433, 103.925, 92.4135, 90.9914
191.433, 103.925, 92.4135, 90.9914
178.335, 99.3615, 110.896, 108.323
191.433, 103.925, 92.4135, 90.9914
191.433, 103.925, 92.4135, 90.9914
191.433, 103.925, 92.4135, 90.9914
191.433, 103.925, 92.4135, 90.9914
191.433, 103.925, 92.4135, 90.9914
191.433, 103.925, 92.4135, 90.9914
191.433, 103.925, 92.4135, 90.9914
180.663, 103.925, 92.4135, 90.9914
180.663, 103.925, 92.4135, 90.9914
180.663, 103.925, 92.4135, 90.9914
180.663, 103.925, 92.4135, 90.9914
180.663, 103.925, 92.4135, 90.9914
180.663, 103.925, 92.4135, 90.9914
180.663, 103.925, 92.4135, 90.9914
180.663, 103.925, 92.4135, 90.9914
180.663, 103.925, 92.4135, 90.9914
180.663, 103.925, 92.4135, 90.9914
180.663, 114.596, 92.4135, 90.2692
180.663, 114.596, 92.4135, 90.2692
178.335, 111.768, 110.896, 109.045
178.335, 111.768, 110.896, 109.045
178.335, 111.768, 110.896, 109.045
178.335, 111.768, 110.896, 109.045
178.335, 111.768, 110.896, 109.045
178.335, 111.768, 110.896, 109.045
191.433, 114.596, 92.4135, 90.2692
191.433, 114.596, 92.4135, 90.2692
191.433, 114.596, 92.4135, 90.2692
191.433, 114.596, 92.4135, 90.2692
191.433, 114.596, 92.4135, 90.2692
191.433, 114.596, 92.4135, 90.2692
191.433, 114.596, 92.4135, 90.2692
191.433, 114.596, 92.4135, 90.2692
191.433, 114.596, 92.4135, 90.2692
191.433, 114.596, 92.4135, 90.2692
191.433, 114.596, 92.4135, 90.2692
191.433, 114.596, 92.4135, 90.2692
191.433, 114.596, 92.4135, 90.2692
191.433, 114.596, 92.4135, 90.2692
191.433, 114.596, 92.4135, 90.2692
191.433, 114.596, 92.4135, 90.2692
191.433, 114.596, 92.4135, 90.2692
191.433, 114.596, 92.4135, 90.2692
191.433, 114.596, 92.4135, 90.2692
191.433, 114.596, 92.4135, 90.2692
178.335, 111.768, 110.896, 109.045
178.335, 99.3615, 110.896, 108.323
178.335, 99.3615, 110.896, 108.323
180.663, 103.925, 92.4135, 90.9914
180.663, 103.925, 92.4135, 90.9914
180.663, 103.925, 92.4135, 90.9914
180.663, 103.925, 92.4135, 90.9914
180.663, 103.925, 92.4135, 90.9914
180.663, 103.925, 92.4135, 90.9914
180.663, 103.925, 92.4135, 90.9914
180.663, 103.925, 92.4135, 90.9914
180.663, 103.925, 92.4135, 90.9914
180.663, 103.925, 92.4135, 90.9914
180.663, 103.925, 92.4135, 90.9914
180.663, 103.925, 92.4135, 90.9914
180.663, 114.596, 92.4135, 90.2692
180.663, 114.596, 92.4135, 90.2692
180.663, 114.596, 92.4135, 90.2692
180.663, 114.596, 92.4135, 90.2692
178.335, 99.3615, 110.896, 108.323
180.663, 114.596, 92.4135, 90.2692
180.663, 114.596, 92.4135, 90.2692
180.663, 114.596, 92.4135, 90.2692
180.663, 114.596, 92.4135, 90.2692
180.663, 114.596, 92.4135, 90.2692
180.663, 103.925, 92.4135, 90.9914
180.663, 103.925, 92.4135, 90.9914
180.663, 103.925, 92.4135, 90.9914
180.663, 103.925, 92.4135, 90.9914
180.663, 103.925, 92.4135, 90.9914
180.663, 103.925, 92.4135, 90.9914
180.663, 103.925, 92.4135, 90.9914
180.663, 103.925, 92.4135, 90.9914
180.663, 103.925, 92.4135, 90.9914
180.663, 103.925, 92.4135, 90.9914
180.663, 103.925, 92.4135, 90.9914
180.663, 103.925, 92.4135, 90.9914
180.663, 103.925, 92.4135, 90.9914
180.663, 103.925, 92.4135, 90.9914
180.663, 103.925, 92.4135, 90.9914
0, 0, 0, 0
180.663, 103.925, 92.4135, 90.9914
180.663, 103.925, 92.4135, 90.9914
180.663, 103.925, 92.4135, 90.9914
180.663, 103.925, 92.4135, 90.9914
180.663, 103.925, 92.4135, 90.9914
180.663, 103.925, 92.4135, 90.9914
180.663, 103.925, 92.4135, 90.9914
180.663, 103.925, 92.4135, 90.9914
180.663, 103.925, 92.4135, 90.9914
180.663, 103.925, 92.4135, 90.9914
180.663, 103.925, 92.4135, 90.9914
180.663, 103.925, 92.4135, 90.9914
180.663, 103.925, 92.4135, 90.9914
178.335, 86.3829, 110.896, 109.045
180.663, 103.925, 92.4135, 90.9914
180.663, 103.925, 92.4135, 90.9914
180.663, 103.925, 92.4135, 90.9914
180.663, 103.925, 92.4135, 90.9914
180.663, 103.925, 92.4135, 90.9914
180.663, 103.925, 92.4135, 90.9914
180.663, 103.925, 92.4135, 90.9914
180.663, 103.925, 92.4135, 90.9914
180.663, 103.925, 92.4135, 90.9914
180.663, 103.925, 92.4135, 90.9914
180.663, 103.925, 92.4135, 90.9914
180.663, 103.925, 92.4135, 90.9914
180.663, 103.925, 92.4135, 90.9914
180.663, 114.596, 92.4135, 90.2692
180.663, 114.596, 92.4135, 90.2692
180.663, 114.596, 92.4135, 90.2692
180.663, 114.596, 92.4135, 90.2692
180.663, 114.596, 92.4135, 90.2692
180.663, 114.596, 92.4135, 90.2692
180.663, 114.596, 92.4135, 90.2692
180.663, 114.596, 92.4135, 90.2692
180.663, 114.596, 92.4135, 90.2692
180.663, 114.596, 92.4135, 90.2692
178.335, 111.768, 110.896, 109.045
178.335, 111.768, 110.896, 109.045
178.335, 111.768, 110.896, 109.045
178.335, 111.768, 110.896, 109.045
178.335, 111.768, 110.896, 109.045
178.335, 111.768, 110.896, 109.045
180.663, 103.925, 92.4135, 90.9914
180.663, 103.925, 92.4135, 90.9914
180.663, 103.925, 92.4135, 90.9914
180.663, 103.925, 92.4135, 90.9914
180.663, 103.925, 92.4135, 90.9914
180.663, 103.925, 92.4135, 90.9914
180.663, 103.925, 92.4135, 90.9914
180.663, 103.925, 92.4135, 90.9914
180.663, 103.925, 92.4135, 90.9914
180.663, 103.925, 92.4135, 90.9914
180.663, 103.925, 92.4135, 90.9914
180.663, 103.925, 92.4135, 90.9914
180.663, 103.925, 92.4135, 90.9914
180.663, 103.925, 92.4135, 90.9914
180.663, 103.925, 92.4135, 90.9914
180.663, 103.925, 92.4135, 90.9914
180.663, 114.596, 92.4135, 90.2692
180.663, 114.596, 92.4135, 90.2692
180.663, 114.596, 92.4135, 90.2692
180.663, 114.596, 92.4135, 90.2692
180.663, 114.596, 92.4135, 90.2692
180.663, 114.596, 92.4135, 90.2692
180.663, 114.596, 92.4135, 90.2692
178.335, 111.768, 110.896, 109.045
178.335, 111.768, 110.896, 109.045
178.335, 111.768, 110.896, 109.045
0, 0, 0, 0
178.335, 111.768, 110.896, 109.045
178.335, 111.768, 110.896, 109.045
178.335, 111.768, 110.896, 109.045
180.663, 114.596, 92.4135, 90.2692
178.335, 111.768, 110.896, 109.045
178.335, 111.768, 110.896, 109.045
178.335, 111.768, 110.896, 109.045
180.663, 114.596, 92.4135, 90.2692
180.663, 114.596, 92.4135, 90.2692
178.335, 111.768, 110.896, 109.045
178.335, 111.768, 110.896, 109.045
178.335, 111.768, 110.896, 109.045
178.335, 111.768, 110.896, 109.045
178.335, 111.768, 110.896, 109.045
191.433, 114.596, 92.4135, 90.2692
191.433, 114.596, 92.4135, 90.2692
191.433, 114.596, 92.4135, 90.2692
191.433, 114.596, 92.4135, 90.2692
191.433, 114.596, 92.4135, 90.2692
191.433, 114.596, 92.4135, 90.2692
191.433, 114.596, 92.4135, 90.2692
191.433, 114.596, 92.4135, 90.2692
191.433, 114.596, 92.4135, 90.2692
191.433, 114.596, 92.4135, 90.2692
191.433, 114.596, 92.4135, 90.2692
191.433, 114.596, 92.4135, 90.2692
191.433, 114.596, 92.4135, 90.2692
191.433, 114.596, 92.4135, 90.2692
191.433, 103.925, 92.4135, 90.9914
191.433, 103.925, 92.4135, 90.9914
191.433, 103.925, 92.4135, 90.9914
191.433, 103.925, 92.4135, 90.9914
191.433, 103.925, 92.4135, 90.9914
191.433, 103.925, 92.4135, 90.9914
191.433, 103.925, 92.4135, 90.9914
191.433, 103.925, 92.4135, 90.9914
191.433, 103.925, 92.4135, 90.9914
191.433, 103.925, 92.4135, 90.9914
191.433, 103.925, 92.4135, 90.9914
191.433, 103.925, 92.4135, 90.9914
191.433, 103.925, 92.4135, 90.9914
191.433, 103.925, 92.4135, 90.9914
191.433, 103.925, 92.4135, 90.9914
191.433, 103.925, 92.4135, 90.9914
191.433, 103.925, 92.4135, 90.9914
191.433, 103.925, 92.4135, 90.9914
191.433, 103.925, 92.4135, 90.9914
191.433, 103.925, 92.4135, 90.9914
191.433, 103.925, 92.4135, 90.9914
191.433, 103.925, 92.4135, 90.9914
191.433, 103.925, 92.4135, 90.9914
191.433, 103.925, 92.4135, 90.9914
191.433, 103.925, 92.4135, 90.9914
191.433, 103.925, 92.4135, 90.9914
191.433, 103.925, 92.4135, 90.9914
191.433, 103.925, 92.4135, 90.9914
191.433, 103.925, 92.4135, 90.9914
191.433, 103.925, 92.4135, 90.9914
191.433, 103.925, 92.4135, 90.9914
191.433, 103.925, 92.4135, 90.9914
191.433, 103.925, 92.4135, 90.9914
191.433, 103.925, 92.4135, 90.9914
191.433, 103.925, 92.4135, 90.9914
191.433, 103.925, 92.4135, 90.9914
191.433, 103.925, 92.4135, 90.9914
178.335, 99.3615, 110.896, 108.323
191.433, 103.925, 92.4135, 90.9914
178.335, 99.3615, 110.896, 108.323
178.335, 99.3615, 110.896, 108.323
178.335, 99.3615, 110.896, 108.323
178.335, 99.3615, 110.896, 108.323
178.335, 99.3615, 110.896, 108.323
191.433, 103.925, 92.4135, 90.9914
180.663, 103.925, 92.4135, 90.9914
191.433, 103.925, 92.4135, 90.9914
180.663, 103.925, 92.4135, 90.9914
180.663, 103.925, 92.4135, 90.9914
180.663, 103.925, 92.4135, 90.9914
180.663, 103.925, 92.4135, 90.9914
178.335, 99.3615, 110.896, 108.323
178.335, 99.3615, 110.896, 108.323
178.335, 99.3615, 110.896, 108.323
178.335, 99.3615, 110.896, 108.323
178.335, 111.768, 110.896, 109.045
178.335, 111.768, 110.896, 109.045
178.335, 111.768, 110.896, 109.045
178.335, 111.768, 110.896, 109.045
178.335, 111.768, 110.896, 109.045
178.335, 111.768, 110.896, 109.045
178.335, 111.768, 110.896, 109.045
191.433, 103.925, 92.4135, 90.9914
191.433, 103.925, 92.4135, 90.9914
191.433, 103.925, 92.4135, 90.9914
191.433, 103.925, 92.4135, 90.9914
191.433, 103.925, 92.4135, 90.9914
191.433, 103.925, 92.4135, 90.9914
191.433, 103.925, 92.4135, 90.9914
191.433, 103.925, 92.4135, 90.9914
191.433, 103.925, 92.4135, 90.9914
191.433, 103.925, 92.4135, 90.9914
191.433, 103.925, 92.4135, 90.9914
191.433, 103.925, 92.4135, 90.9914
191.433, 103.925, 92.4135, 90.9914
191.433, 103.925, 92.4135, 90.9914
191.433, 103.925, 92.4135, 90.9914
191.433, 103.925, 92.4135, 90.9914
191.433, 103.925, 92.4135, 90.9914
191.433, 103.925, 92.4135, 90.9914
191.433, 103.925, 92.4135, 90.9914
191.433, 103.925, 92.4135, 90.9914
191.433, 103.925, 92.4135, 90.9914
191.433, 103.925, 92.4135, 90.9914
191.433, 103.925, 92.4135, 90.9914
191.433, 103.925, 92.4135, 90.9914
191.433, 103.925, 92.4135, 90.9914
191.433, 103.925, 92.4135, 90.9914
191.433, 103.925, 92.4135, 90.9914
191.433, 103.925, 92.4135, 90.9914
191.433, 103.925, 92.4135, 90.9914
191.433, 114.596, 92.4135, 90.2692
191.433, 114.596, 92.4135, 90.2692
191.433, 114.596, 92.4135, 90.2692
191.433, 114.596, 92.4135, 90.2692
191.433, 114.596, 92.4135, 90.2692
191.433, 114.596, 92.4135, 90.2692
191.433, 114.596, 92.4135, 90.2692
191.433, 114.596, 92.4135, 90.2692
191.433, 114.596, 92.4135, 90.2692
191.433, 114.596, 92.4135, 90.2692
191.433, 114.596, 92.4135, 90.2692
191.433, 114.596, 92.4135, 90.2692
191.433, 114.596, 92.4135, 90.2692
191.433, 114.596, 92.4135, 90.2692
191.433, 114.596, 92.4135, 90.2692
191.433, 114.596, 92.4135, 90.2692
191.433, 114.596, 92.4135, 90.2692
191.433, 114.596, 92.4135, 90.2692
191.433, 114.596, 92.4135, 90.2692
191.433, 114.596, 92.4135, 90.2692
191.433, 114.596, 92.4135, 90.2692
191.433, 114.596, 92.4135, 90.2692
191.433, 114.596, 92.4135, 90.2692
191.433, 114.596, 92.4135, 90.2692
191.433, 114.596, 92.4135, 90.2692
191.433, 114.596, 92.4135, 90.2692
191.433, 114.596, 92.4135, 90.2692
191.433, 114.596, 92.4135, 90.2692
191.433, 114.596, 92.4135, 90.2692
191.433, 114.596, 92.4135, 90.2692
191.433, 114.596, 92.4135, 90.2692
191.433, 103.925, 92.4135, 90.9914
191.433, 103.925, 92.4135, 90.9914
191.433, 103.925, 92.4135, 90.9914
191.433, 103.925, 92.4135, 90.9914
191.433, 103.925, 92.4135, 90.9914
191.433, 103.925, 92.4135, 90.9914
191.433, 103.925, 92.4135, 90.9914
191.433, 103.925, 92.4135, 90.9914
191.433, 103.925, 92.4135, 90.9914
191.433, 103.925, 92.4135, 90.9914
191.433, 114.596, 92.4135, 90.2692
191.433, 114.596, 92.4135, 90.2692
191.433, 114.596, 92.4135, 90.2692
191.433, 114.596, 92.4135, 90.2692
191.433, 114.596, 92.4135, 90.2692
191.433, 114.596, 92.4135, 90.2692
191.433, 114.596, 92.4135, 90.2692
191.433, 114.596, 92.4135, 90.2692
191.433, 114.596, 92.4135, 90.2692
191.433, 114.596, 92.4135, 90.2692
191.433, 114.596, 92.4135, 90.2692
191.433, 114.596, 92.4135, 90.2692
191.433, 114.596, 92.4135, 90.2692
191.433, 114.596, 92.4135, 90.2692
191.433, 114.596, 92.4135, 90.2692
191.433, 114.596, 92.4135, 90.2692
191.433, 114.596, 92.4135, 90.2692
191.433, 114.596, 92.4135, 90.2692
191.433, 103.925, 92.4135, 90.9914
191.433, 103.925, 92.4135, 90.9914
191.433, 103.925, 92.4135, 90.9914
191.433, 103.925, 92.4135, 90.9914
191.433, 114.596, 92.4135, 90.2692
191.433, 114.596, 92.4135, 90.2692
191.433, 103.925, 92.4135, 90.9914
191.433, 103.925, 92.4135, 90.9914
191.433, 103.925, 92.4135, 90.9914
191.433, 103.925, 92.4135, 90.9914
191.433, 103.925, 92.4135, 90.9914
191.433, 103.925, 92.4135, 90.9914
191.433, 103.925, 92.4135, 90.9914
191.433, 103.925, 92.4135, 90.9914
191.433, 103.925, 92.4135, 90.9914
191.433, 103.925, 92.4135, 90.9914
191.433, 103.925, 92.4135, 90.9914
191.433, 103.925, 92.4135, 90.9914
191.433, 103.925, 92.4135, 90.9914
191.433, 103.925, 92.4135, 90.9914
191.433, 103.925, 92.4135, 90.9914
191.433, 103.925, 92.4135, 90.9914
191.433, 103.925, 92.4135, 90.9914
191.433, 103.925, 92.4135, 90.9914
191.433, 103.925, 92.4135, 90.9914
191.433, 103.925, 92.4135, 90.9914
191.433, 103.925, 92.4135, 90.9914
191.433, 103.925, 92.4135, 90.9914
191.433, 103.925, 92.4135, 90.9914
191.433, 103.925, 92.4135, 90.9914
178.335, 99.3615, 110.896, 108.323
191.433, 103.925, 92.4135, 90.9914
191.433, 103.925, 92.4135, 90.9914
191.433, 103.925, 92.4135, 90.9914
191.433, 103.925, 92.4135, 90.9914
191.433, 103.925, 92.4135, 90.9914
191.433, 103.925, 92.4135, 90.9914
191.433, 103.925, 92.4135, 90.9914
191.433, 103.925, 92.4135, 90.9914
191.433, 103.925, 92.4135, 90.9914
191.433, 103.925, 92.4135, 90.9914
191.433, 103.925, 92.4135, 90.9914
180.663, 103.925, 92.4135, 90.9914
180.663, 103.925, 92.4135, 90.9914
191.433, 103.925, 92.4135, 90.9914
191.433, 103.925, 92.4135, 90.9914
191.433, 103.925, 92.4135, 90.9914
191.433, 103.925, 92.4135, 90.9914
191.433, 114.596, 92.4135, 90.2692
191.433, 114.596, 92.4135, 90.2692
178.335, 111.768, 110.896, 109.045
178.335, 111.768, 110.896, 109.045
178.335, 111.768, 110.896, 109.045
191.433, 114.596, 92.4135, 90.2692
178.335, 111.768, 110.896, 109.045
178.335, 111.768, 110.896, 109.045
178.335, 111.768, 110.896, 109.045
178.335, 111.768, 110.896, 109.045
178.335, 111.768, 110.896, 109.045
178.335, 111.768, 110.896, 109.045
178.335, 111.768, 110.896, 109.045
178.335, 111.768, 110.896, 109.045
178.335, 111.768, 110.896, 109.045
178.335, 111.768, 110.896, 109.045
178.335, 111.768, 110.896, 109.045
178.335, 111.768, 110.896, 109.045
178.335, 111.768, 110.896, 109.045
191.433, 114.596, 92.4135, 90.2692
191.433, 114.596, 92.4135, 90.2692
191.433, 114.596, 92.4135, 90.2692
191.433, 103.925, 92.4135, 90.9914
191.433, 103.925, 92.4135, 90.9914
191.433, 103.925, 92.4135, 90.9914
191.433, 103.925, 92.4135, 90.9914
191.433, 103.925, 92.4135, 90.9914
191.433, 103.925, 92.4135, 90.9914
191.433, 103.925, 92.4135, 90.9914
191.433, 103.925, 92.4135, 90.9914
191.433, 103.925, 92.4135, 90.9914
191.433, 103.925, 92.4135, 90.9914
191.433, 103.925, 92.4135, 90.9914
191.433, 103.925, 92.4135, 90.9914
191.433, 103.925, 92.4135, 90.9914
191.433, 103.925, 92.4135, 90.9914
191.433, 103.925, 92.4135, 90.9914
191.433, 103.925, 92.4135, 90.9914
191.433, 103.925, 92.4135, 90.9914
191.433, 103.925, 92.4135, 90.9914
191.433, 103.925, 92.4135, 90.9914
0, 0, 0, 0
0, 0, 0, 0
0, 0, 0, 0
0, 0, 0, 0
191.433, 103.925, 92.4135, 90.9914
191.433, 103.925, 92.4135, 90.9914
180.663, 103.925, 92.4135, 90.9914
180.663, 103.925, 92.4135, 90.9914
191.433, 103.925, 92.4135, 90.9914
191.433, 103.925, 92.4135, 90.9914
191.433, 103.925, 92.4135, 90.9914
191.433, 103.925, 92.4135, 90.9914
191.433, 103.925, 92.4135, 90.9914
191.433, 103.925, 92.4135, 90.9914
191.433, 103.925, 92.4135, 90.9914
191.433, 103.925, 92.4135, 90.9914
191.433, 103.925, 92.4135, 90.9914
191.433, 103.925, 92.4135, 90.9914
191.433, 103.925, 92.4135, 90.9914
191.433, 103.925, 92.4135, 90.9914
191.433, 103.925, 92.4135, 90.9914
191.433, 103.925, 92.4135, 90.9914
191.433, 103.925, 92.4135, 90.9914
191.433, 103.925, 92.4135, 90.9914
191.433, 103.925, 92.4135, 90.9914
191.433, 103.925, 92.4135, 90.9914
191.433, 103.925, 92.4135, 90.9914
191.433, 103.925, 92.4135, 90.9914
191.433, 103.925, 92.4135, 90.9914
191.433, 103.925, 92.4135, 90.9914
191.433, 103.925, 92.4135, 90.9914
191.433, 103.925, 92.4135, 90.9914
191.433, 103.925, 92.4135, 90.9914
191.433, 114.596, 92.4135, 90.2692
191.433, 114.596, 92.4135, 90.2692
191.433, 114.596, 92.4135, 90.2692
191.433, 114.596, 92.4135, 90.2692
191.433, 114.596, 92.4135, 90.2692
191.433, 114.596, 92.4135, 90.2692
191.433, 114.596, 92.4135, 90.2692
191.433, 114.596, 92.4135, 90.2692
191.433, 114.596, 92.4135, 90.2692
191.433, 114.596, 92.4135, 90.2692
191.433, 114.596, 92.4135, 90.2692
191.433, 114.596, 92.4135, 90.2692
191.433, 114.596, 92.4135, 90.2692
191.433, 114.596, 92.4135, 90.2692
191.433, 114.596, 92.4135, 90.2692
191.433, 114.596, 92.4135, 90.2692
191.412, 99.3615, 110.896, 108.323
191.433, 114.596, 92.4135, 90.2692
191.433, 114.596, 92.4135, 90.2692
191.412, 111.768, 110.896, 109.045
201.463, 114.596, 93.1528, 90.2692
201.463, 114.596, 93.1528, 90.2692
201.463, 114.596, 93.1528, 90.2692
201.463, 114.596, 93.1528, 90.2692
201.463, 114.596, 93.1528, 90.2692
201.463, 114.596, 93.1528, 90.2692
201.463, 114.596, 93.1528, 90.2692
201.463, 114.596, 93.1528, 90.2692
201.463, 114.596, 93.1528, 90.2692
201.463, 114.596, 93.1528, 90.2692
201.463, 114.596, 93.1528, 90.2692
201.463, 114.596, 93.1528, 90.2692
201.463, 114.596, 93.1528, 90.2692
201.463, 114.596, 93.1528, 90.2692
201.463, 114.596, 93.1528, 90.2692
201.463, 114.596, 93.1528, 90.2692
201.463, 114.596, 93.1528, 90.2692
212.232, 114.596, 93.1528, 90.2692
201.463, 114.596, 93.1528, 90.2692
212.232, 103.925, 93.1528, 90.9914
201.463, 114.596, 93.1528, 90.2692
212.232, 103.925, 93.1528, 90.9914
201.463, 103.925, 93.1528, 90.9914
212.232, 103.925, 93.1528, 90.9914
212.232, 103.925, 93.1528, 90.9914
212.232, 103.925, 93.1528, 90.9914
212.232, 103.925, 93.1528, 90.9914
212.232, 103.925, 93.1528, 90.9914
212.232, 103.925, 93.1528, 90.9914
212.232, 103.925, 93.1528, 90.9914
201.463, 103.925, 93.1528, 90.9914
201.463, 103.925, 93.1528, 90.9914
212.232, 103.925, 93.1528, 90.9914
212.232, 103.925, 93.1528, 90.9914
212.232, 93.156, 93.1528, 90.9914
212.232, 93.156, 93.1528, 90.9914
212.232, 93.156, 93.1528, 90.9914
212.232, 93.156, 93.1528, 90.9914
212.232, 93.156, 93.1528, 90.9914
212.232, 93.156, 93.1528, 90.9914
212.232, 93.156, 93.1528, 90.9914
201.463, 103.925, 93.1528, 90.9914
201.463, 103.925, 93.1528, 90.9914
201.463, 103.925, 93.1528, 90.9914
201.463, 103.925, 93.1528, 90.9914
201.463, 103.925, 93.1528, 90.9914
201.463, 103.925, 93.1528, 90.9914
201.463, 103.925, 93.1528, 90.9914
201.463, 103.925, 93.1528, 90.9914
201.463, 103.925, 93.1528, 90.9914
201.463, 103.925, 93.1528, 90.9914
201.463, 103.925, 93.1528, 90.9914
201.463, 103.925, 93.1528, 90.9914
201.463, 103.925, 93.1528, 90.9914
201.463, 103.925, 93.1528, 90.9914
201.463, 103.925, 93.1528, 90.9914
201.463, 103.925, 93.1528, 90.9914
201.463, 103.925, 93.1528, 90.9914
0, 0, 0, 0
201.463, 103.925, 93.1528, 90.9914
201.463, 103.925, 93.1528, 90.9914
201.463, 103.925, 93.1528, 90.9914
0, 0, 0, 0
0, 0, 0, 0
0, 0, 0, 0
0, 0, 0, 0
0, 0, 0, 0
201.463, 103.925, 93.1528, 90.9914
201.463, 103.925, 93.1528, 90.9914
201.463, 103.925, 93.1528, 90.9914
201.463, 103.925, 93.1528, 90.9914
201.463, 103.925, 93.1528, 90.9914
201.463, 103.925, 93.1528, 90.9914
201.463, 103.925, 93.1528, 90.9914
201.463, 103.925, 93.1528, 90.9914
201.463, 103.925, 93.1528, 90.9914
201.463, 103.925, 93.1528, 90.9914
201.463, 103.925, 93.1528, 90.9914
201.463, 103.925, 93.1528, 90.9914
201.463, 103.925, 93.1528, 90.9914
201.463, 103.925, 93.1528, 90.9914
201.463, 103.925, 93.1528, 90.9914
201.463, 103.925, 93.1528, 90.9914
201.463, 103.925, 93.1528, 90.9914
201.463, 103.925, 93.1528, 90.9914
201.463, 103.925, 93.1528, 90.9914
201.463, 103.925, 93.1528, 90.9914
201.463, 103.925, 93.1528, 90.9914
201.463, 103.925, 93.1528, 90.9914
201.463, 114.596, 93.1528, 90.2692
201.463, 114.596, 93.1528, 90.2692
201.463, 114.596, 93.1528, 90.2692
201.463, 114.596, 93.1528, 90.2692
201.463, 114.596, 93.1528, 90.2692
201.463, 114.596, 93.1528, 90.2692
201.463, 114.596, 93.1528, 90.2692
201.463, 114.596, 93.1528, 90.2692
201.463, 114.596, 93.1528, 90.2692
201.463, 114.596, 93.1528, 90.2692
201.463, 114.596, 93.1528, 90.2692
201.463, 114.596, 93.1528, 90.2692
201.463, 114.596, 93.1528, 90.2692
201.463, 114.596, 93.1528, 90.2692
201.463, 114.596, 93.1528, 90.2692
201.463, 114.596, 93.1528, 90.2692
201.463, 114.596, 93.1528, 90.2692
201.463, 114.596, 93.1528, 90.2692
201.463, 114.596, 93.1528, 90.2692
201.463, 114.596, 93.1528, 90.2692
201.463, 114.596, 93.1528, 90.2692
201.463, 114.596, 93.1528, 90.2692
201.463, 114.596, 93.1528, 90.2692
191.412, 111.768, 110.896, 109.045
191.412, 111.768, 110.896, 109.045
191.412, 99.3615, 110.896, 108.323
191.412, 99.3615, 110.896, 108.323
191.433, 114.596, 92.4135, 90.2692
191.433, 114.596, 92.4135, 90.2692
191.433, 114.596, 92.4135, 90.2692
191.433, 114.596, 92.4135, 90.2692
191.433, 114.596, 92.4135, 90.2692
191.433, 114.596, 92.4135, 90.2692
191.433, 114.596, 92.4135, 90.2692
191.433, 114.596, 92.4135, 90.2692
191.433, 114.596, 92.4135, 90.2692
191.433, 114.596, 92.4135, 90.2692
191.433, 103.925, 92.4135, 90.9914
191.433, 103.925, 92.4135, 90.9914
191.433, 103.925, 92.4135, 90.9914
191.433, 103.925, 92.4135, 90.9914
191.433, 103.925, 92.4135, 90.9914
191.433, 103.925, 92.4135, 90.9914
191.433, 103.925, 92.4135, 90.9914
191.433, 103.925, 92.4135, 90.9914
191.433, 103.925, 92.4135, 90.9914
191.433, 93.156, 92.4135, 90.9914
191.433, 93.156, 92.4135, 90.9914
191.433, 93.156, 92.4135, 90.9914
191.433, 93.156, 92.4135, 90.9914
191.433, 93.156, 92.4135, 90.9914
191.433, 93.156, 92.4135, 90.9914
191.433, 93.156, 92.4135, 90.9914
191.433, 93.156, 92.4135, 90.9914
191.433, 103.925, 92.4135, 90.9914
191.412, 86.3829, 110.896, 109.045
201.463, 93.156, 93.1528, 90.9914
191.412, 86.3829, 110.896, 109.045
191.412, 86.3829, 110.896, 109.045
191.412, 86.3829, 110.896, 109.045
191.412, 86.3829, 110.896, 109.045
191.433, 93.156, 92.4135, 90.9914
191.433, 103.925, 92.4135, 90.9914
191.433, 103.925, 92.4135, 90.9914
191.433, 103.925, 92.4135, 90.9914
191.433, 103.925, 92.4135, 90.9914
191.433, 103.925, 92.4135, 90.9914
191.433, 103.925, 92.4135, 90.9914
191.433, 103.925, 92.4135, 90.9914
191.433, 103.925, 92.4135, 90.9914
191.433, 103.925, 92.4135, 90.9914
191.433, 103.925, 92.4135, 90.9914
191.433, 103.925, 92.4135, 90.9914
191.433, 103.925, 92.4135, 90.9914
191.433, 103.925, 92.4135, 90.9914
191.433, 103.925, 92.4135, 90.9914
191.433, 103.925, 92.4135, 90.9914
0, 0, 0, 0
0, 0, 0, 0
0, 0, 0, 0
0, 0, 0, 0
191.433, 103.925, 92.4135, 90.9914
191.433, 103.925, 92.4135, 90.9914
191.433, 103.925, 92.4135, 90.9914
201.463, 93.156, 93.1528, 90.9914
191.433, 103.925, 92.4135, 90.9914
0, 0, 0, 0
0, 0, 0, 0
180.663, 103.925, 92.4135, 90.9914
191.433, 103.925, 92.4135, 90.9914
191.433, 103.925, 92.4135, 90.9914
191.433, 103.925, 92.4135, 90.9914
191.433, 103.925, 92.4135, 90.9914
191.433, 103.925, 92.4135, 90.9914
191.433, 103.925, 92.4135, 90.9914
191.433, 103.925, 92.4135, 90.9914
191.433, 103.925, 92.4135, 90.9914
191.433, 103.925, 92.4135, 90.9914
191.433, 103.925, 92.4135, 90.9914
191.433, 103.925, 92.4135, 90.9914
191.433, 103.925, 92.4135, 90.9914
191.433, 103.925, 92.4135, 90.9914
191.433, 103.925, 92.4135, 90.9914
191.433, 103.925, 92.4135, 90.9914
191.433, 103.925, 92.4135, 90.9914
191.433, 103.925, 92.4135, 90.9914
191.433, 103.925, 92.4135, 90.9914
191.433, 103.925, 92.4135, 90.9914
191.433, 103.925, 92.4135, 90.9914
191.433, 103.925, 92.4135, 90.9914
191.433, 103.925, 92.4135, 90.9914
191.433, 103.925, 92.4135, 90.9914
191.433, 103.925, 92.4135, 90.9914
191.433, 103.925, 92.4135, 90.9914
191.433, 103.925, 92.4135, 90.9914
191.433, 103.925, 92.4135, 90.9914
191.433, 114.596, 92.4135, 90.2692
191.433, 114.596, 92.4135, 90.2692
191.433, 114.596, 92.4135, 90.2692
191.433, 114.596, 92.4135, 90.2692
191.433, 114.596, 92.4135, 90.2692
191.433, 114.596, 92.4135, 90.2692
191.433, 114.596, 92.4135, 90.2692
191.433, 114.596, 92.4135, 90.2692
191.433, 114.596, 92.4135, 90.2692
191.433, 114.596, 92.4135, 90.2692
191.433, 114.596, 92.4135, 90.2692
191.433, 114.596, 92.4135, 90.2692
191.433, 114.596, 92.4135, 90.2692
191.433, 114.596, 92.4135, 90.2692
191.433, 114.596, 92.4135, 90.2692
191.433, 114.596, 92.4135, 90.2692
191.433, 114.596, 92.4135, 90.2692
191.433, 114.596, 92.4135, 90.2692
191.433, 114.596, 92.4135, 90.2692
191.433, 114.596, 92.4135, 90.2692
191.433, 114.596, 92.4135, 90.2692
191.433, 114.596, 92.4135, 90.2692
191.433, 114.596, 92.4135, 90.2692
191.433, 114.596, 92.4135, 90.2692
191.433, 114.596, 92.4135, 90.2692
191.433, 114.596, 92.4135, 90.2692
191.433, 114.596, 92.4135, 90.2692
191.433, 114.596, 92.4135, 90.2692
191.433, 114.596, 92.4135, 90.2692
191.433, 114.596, 92.4135, 90.2692
191.433, 114.596, 92.4135, 90.2692
191.433, 114.596, 92.4135, 90.2692
191.433, 114.596, 92.4135, 90.2692
191.433, 114.596, 92.4135, 90.2692
191.433, 103.925, 92.4135, 90.9914
191.433, 103.925, 92.4135, 90.9914
191.433, 103.925, 92.4135, 90.9914
191.433, 103.925, 92.4135, 90.9914
191.433, 103.925, 92.4135, 90.9914
191.433, 103.925, 92.4135, 90.9914
191.433, 103.925, 92.4135, 90.9914
191.433, 103.925, 92.4135, 90.9914
191.433, 103.925, 92.4135, 90.9914
191.433, 103.925, 92.4135, 90.9914
178.335, 99.3615, 110.896, 108.323
178.335, 99.3615, 110.896, 108.323
178.335, 99.3615, 110.896, 108.323
191.433, 103.925, 92.4135, 90.9914
191.433, 103.925, 92.4135, 90.9914
201.463, 93.156, 93.1528, 90.9914
201.463, 93.156, 93.1528, 90.9914
201.463, 93.156, 93.1528, 90.9914
201.463, 93.156, 93.1528, 90.9914
201.463, 93.156, 93.1528, 90.9914
191.433, 103.925, 92.4135, 90.9914
191.433, 103.925, 92.4135, 90.9914
178.335, 99.3615, 110.896, 108.323
191.433, 103.925, 92.4135, 90.9914
191.433, 114.596, 92.4135, 90.2692
191.433, 114.596, 92.4135, 90.2692
191.433, 114.596, 92.4135, 90.2692
191.433, 114.596, 92.4135, 90.2692
191.433, 114.596, 92.4135, 90.2692
191.433, 114.596, 92.4135, 90.2692
191.433, 114.596, 92.4135, 90.2692
191.433, 114.596, 92.4135, 90.2692
191.433, 114.596, 92.4135, 90.2692
191.433, 114.596, 92.4135, 90.2692
191.433, 114.596, 92.4135, 90.2692
191.433, 114.596, 92.4135, 90.2692
191.433, 114.596, 92.4135, 90.2692
191.433, 103.925, 92.4135, 90.9914
0, 0, 0, 0
0, 0, 0, 0
191.433, 103.925, 92.4135, 90.9914
0, 0, 0, 0
178.335, 99.3615, 110.896, 108.323
0, 0, 0, 0
0, 0, 0, 0
191.433, 103.925, 92.4135, 90.9914
191.433, 103.925, 92.4135, 90.9914
191.433, 103.925, 92.4135, 90.9914
191.433, 103.925, 92.4135, 90.9914
191.433, 103.925, 92.4135, 90.9914
191.433, 103.925, 92.4135, 90.9914
191.433, 103.925, 92.4135, 90.9914
191.433, 103.925, 92.4135, 90.9914
191.433, 103.925, 92.4135, 90.9914
191.433, 103.925, 92.4135, 90.9914
191.433, 103.925, 92.4135, 90.9914
191.433, 103.925, 92.4135, 90.9914
191.433, 103.925, 92.4135, 90.9914
191.433, 103.925, 92.4135, 90.9914
191.433, 103.925, 92.4135, 90.9914
191.433, 103.925, 92.4135, 90.9914
191.433, 103.925, 92.4135, 90.9914
191.433, 103.925, 92.4135, 90.9914
191.433, 103.925, 92.4135, 90.9914
191.433, 103.925, 92.4135, 90.9914
