624.156, 142.773, 159.69, 155.985
624.156, 142.773, 159.69, 155.985
594.673, 127.769, 191.481, 187.038
594.673, 127.769, 191.481, 187.038
594.673, 127.769, 191.481, 187.038
594.673, 127.769, 191.481, 187.038
594.673, 127.769, 191.481, 187.038
594.673, 127.769, 191.481, 187.038
594.673, 127.769, 191.481, 187.038
605.694, 161.234, 159.69, 155.985
594.673, 149.308, 191.481, 187.038
627.694, 195.486, 133.075, 130.71
418.338, 23.3303, 53.9695, 52.7172
627.694, 210.772, 133.075, 129.988
627.694, 226.157, 133.075, 129.988
627.694, 226.157, 133.075, 129.988
627.694, 226.157, 133.075, 129.988
418.338, 23.3303, 53.9695, 52.7172
625.258, 239.46, 110.896, 109.045
625.258, 239.46, 110.896, 109.045
612.309, 241.542, 133.075, 129.988
418.338, 23.3303, 53.9695, 52.7172
418.338, 23.3303, 53.9695, 52.7172
418.338, 23.3303, 53.9695, 52.7172
596.925, 241.542, 133.075, 129.988
596.925, 241.542, 133.075, 129.988
596.925, 241.542, 133.075, 129.988
418.338, 23.3303, 53.9695, 52.7172
418.338, 23.3303, 53.9695, 52.7172
418.338, 23.3303, 53.9695, 52.7172
418.338, 23.3303, 53.9695, 52.7172
418.338, 23.3303, 53.9695, 52.7172
418.338, 23.3303, 53.9695, 52.7172
418.338, 23.3303, 53.9695, 52.7172
418.338, 23.3303, 53.9695, 52.7172
418.338, 23.3303, 53.9695, 52.7172
418.338, 23.3303, 53.9695, 52.7172
418.338, 23.3303, 53.9695, 52.7172
418.338, 23.3303, 53.9695, 52.7172
418.338, 23.3303, 53.9695, 52.7172
418.338, 23.3303, 53.9695, 52.7172
418.338, 23.3303, 53.9695, 52.7172
418.338, 23.3303, 53.9695, 52.7172
418.338, 23.3303, 53.9695, 52.7172
418.338, 23.3303, 53.9695, 52.7172
418.338, 23.3303, 53.9695, 52.7172
418.338, 23.3303, 53.9695, 52.7172
418.338, 23.3303, 53.9695, 52.7172
418.338, 23.3303, 53.9695, 52.7172
418.338, 23.3303, 53.9695, 52.7172
418.338, 23.3303, 53.9695, 52.7172
418.338, 23.3303, 53.9695, 52.7172
418.338, 23.3303, 53.9695, 52.7172
418.338, 23.3303, 53.9695, 52.7172
418.338, 23.3303, 53.9695, 52.7172
418.338, 23.3303, 53.9695, 52.7172
418.338, 23.3303, 53.9695, 52.7172
418.338, 23.3303, 53.9695, 52.7172
418.338, 23.3303, 53.9695, 52.7172
418.338, 23.3303, 53.9695, 52.7172
418.338, 23.3303, 53.9695, 52.7172
418.338, 23.3303, 53.9695, 52.7172
418.338, 23.3303, 53.9695, 52.7172
418.338, 23.3303, 53.9695, 52.7172
418.338, 23.3303, 53.9695, 52.7172
418.338, 23.3303, 53.9695, 52.7172
418.338, 23.3303, 53.9695, 52.7172
418.338, 23.3303, 53.9695, 52.7172
418.338, 23.3303, 53.9695, 52.7172
418.338, 23.3303, 53.9695, 52.7172
418.338, 23.3303, 53.9695, 52.7172
418.338, 23.3303, 53.9695, 52.7172
418.338, 23.3303, 53.9695, 52.7172
418.338, 23.3303, 53.9695, 52.7172
418.338, 23.3303, 53.9695, 52.7172
418.338, 23.3303, 53.9695, 52.7172
418.338, 23.3303, 53.9695, 52.7172
418.338, 23.3303, 53.9695, 52.7172
418.338, 23.3303, 53.9695, 52.7172
418.338, 23.3303, 53.9695, 52.7172
418.338, 23.3303, 53.9695, 52.7172
418.338, 23.3303, 53.9695, 52.7172
418.338, 23.3303, 53.9695, 52.7172
418.338, 23.3303, 53.9695, 52.7172
418.338, 23.3303, 53.9695, 52.7172
418.338, 23.3303, 53.9695, 52.7172
418.338, 23.3303, 53.9695, 52.7172
418.338, 23.3303, 53.9695, 52.7172
418.338, 23.3303, 53.9695, 52.7172
418.338, 23.3303, 53.9695, 52.7172
418.338, 23.3303, 53.9695, 52.7172
418.338, 23.3303, 53.9695, 52.7172
418.338, 23.3303, 53.9695, 52.7172
418.338, 23.3303, 53.9695, 52.7172
418.338, 23.3303, 53.9695, 52.7172
418.338, 23.3303, 53.9695, 52.7172
418.338, 23.3303, 53.9695, 52.7172
418.338, 23.3303, 53.9695, 52.7172
418.338, 23.3303, 53.9695, 52.7172
418.338, 23.3303, 53.9695, 52.7172
418.338, 23.3303, 53.9695, 52.7172
418.338, 23.3303, 53.9695, 52.7172
418.338, 23.3303, 53.9695, 52.7172
418.338, 23.3303, 53.9695, 52.7172
418.338, 23.3303, 53.9695, 52.7172
418.338, 23.3303, 53.9695, 52.7172
418.338, 23.3303, 53.9695, 52.7172
418.338, 23.3303, 53.9695, 52.7172
418.338, 23.3303, 53.9695, 52.7172
418.338, 23.3303, 53.9695, 52.7172
418.338, 23.3303, 53.9695, 52.7172
418.338, 23.3303, 53.9695, 52.7172
418.338, 23.3303, 53.9695, 52.7172
418.338, 23.3303, 53.9695, 52.7172
418.338, 23.3303, 53.9695, 52.7172
418.338, 23.3303, 53.9695, 52.7172
418.338, 23.3303, 53.9695, 52.7172
418.338, 23.3303, 53.9695, 52.7172
418.338, 23.3303, 53.9695, 52.7172
418.338, 23.3303, 53.9695, 52.7172
418.338, 23.3303, 53.9695, 52.7172
418.338, 23.3303, 53.9695, 52.7172
418.338, 23.3303, 53.9695, 52.7172
418.338, 23.3303, 53.9695, 52.7172
418.338, 23.3303, 53.9695, 52.7172
418.338, 23.3303, 53.9695, 52.7172
418.338, 23.3303, 53.9695, 52.7172
418.338, 23.3303, 53.9695, 52.7172
418.338, 23.3303, 53.9695, 52.7172
418.338, 23.3303, 53.9695, 52.7172
418.338, 23.3303, 53.9695, 52.7172
418.338, 23.3303, 53.9695, 52.7172
418.338, 23.3303, 53.9695, 52.7172
418.338, 23.3303, 53.9695, 52.7172
418.338, 23.3303, 53.9695, 52.7172
418.338, 23.3303, 53.9695, 52.7172
418.338, 23.3303, 53.9695, 52.7172
418.338, 23.3303, 53.9695, 52.7172
418.338, 23.3303, 53.9695, 52.7172
418.338, 23.3303, 53.9695, 52.7172
418.338, 23.3303, 53.9695, 52.7172
418.338, 23.3303, 53.9695, 52.7172
418.338, 23.3303, 53.9695, 52.7172
418.338, 23.3303, 53.9695, 52.7172
418.338, 23.3303, 53.9695, 52.7172
418.338, 23.3303, 53.9695, 52.7172
418.338, 23.3303, 53.9695, 52.7172
418.338, 23.3303, 53.9695, 52.7172
418.338, 23.3303, 53.9695, 52.7172
418.338, 23.3303, 53.9695, 52.7172
418.338, 23.3303, 53.9695, 52.7172
418.338, 23.3303, 53.9695, 52.7172
418.338, 23.3303, 53.9695, 52.7172
418.338, 23.3303, 53.9695, 52.7172
418.338, 23.3303, 53.9695, 52.7172
418.338, 23.3303, 53.9695, 52.7172
418.338, 23.3303, 53.9695, 52.7172
418.338, 23.3303, 53.9695, 52.7172
418.338, 23.3303, 53.9695, 52.7172
418.338, 23.3303, 53.9695, 52.7172
418.338, 23.3303, 53.9695, 52.7172
418.338, 23.3303, 53.9695, 52.7172
418.338, 23.3303, 53.9695, 52.7172
418.338, 23.3303, 53.9695, 52.7172
418.338, 23.3303, 53.9695, 52.7172
418.338, 23.3303, 53.9695, 52.7172
418.338, 23.3303, 53.9695, 52.7172
418.338, 23.3303, 53.9695, 52.7172
418.338, 23.3303, 53.9695, 52.7172
418.338, 23.3303, 53.9695, 52.7172
418.338, 23.3303, 53.9695, 52.7172
418.338, 23.3303, 53.9695, 52.7172
625.258, 252.438, 110.896, 108.323
625.258, 252.438, 110.896, 108.323
625.258, 252.438, 110.896, 108.323
625.258, 252.438, 110.896, 108.323
625.258, 252.438, 110.896, 108.323
625.258, 252.438, 110.896, 108.323
418.338, 23.3303, 53.9695, 52.7172
625.258, 239.46, 110.896, 109.045
418.338, 23.3303, 53.9695, 52.7172
587.233, 179.696, 159.69, 155.985
612.309, 195.486, 133.075, 130.71
612.309, 195.486, 133.075, 130.71
612.309, 180.772, 133.075, 129.988
605.694, 161.234, 159.69, 155.985
605.694, 161.234, 159.69, 155.985
605.694, 161.234, 159.69, 155.985
605.694, 161.234, 159.69, 155.985
605.694, 161.234, 159.69, 155.985
418.338, 23.3303, 53.9695, 52.7172
650.642, 213.977, 110.896, 108.323
650.642, 227.054, 110.896, 108.323
650.642, 227.054, 110.896, 108.323
650.642, 227.054, 110.896, 108.323
418.338, 23.3303, 53.9695, 52.7172
418.338, 23.3303, 53.9695, 52.7172
418.338, 23.3303, 53.9695, 52.7172
418.338, 23.3303, 53.9695, 52.7172
418.338, 23.3303, 53.9695, 52.7172
418.338, 23.3303, 53.9695, 52.7172
418.338, 23.3303, 53.9695, 52.7172
418.338, 23.3303, 53.9695, 52.7172
662.98, 252.438, 111.635, 108.323
418.338, 23.3303, 53.9695, 52.7172
662.98, 252.438, 111.635, 108.323
418.338, 23.3303, 53.9695, 52.7172
418.338, 23.3303, 53.9695, 52.7172
418.338, 23.3303, 53.9695, 52.7172
418.338, 23.3303, 53.9695, 52.7172
418.338, 23.3303, 53.9695, 52.7172
418.338, 23.3303, 53.9695, 52.7172
662.98, 265.515, 111.635, 108.323
662.98, 265.515, 111.635, 108.323
861.415, 35.638, 53.9695, 52.7172
861.415, 35.638, 53.9695, 52.7172
662.98, 239.46, 111.635, 109.045
643.078, 226.157, 133.075, 129.988
643.078, 210.772, 133.075, 129.988
643.078, 195.486, 133.075, 130.71
624.156, 179.696, 159.69, 155.985
624.156, 179.696, 159.69, 155.985
627.694, 180.772, 133.075, 129.988
605.694, 179.696, 159.69, 155.985
612.309, 195.486, 133.075, 130.71
861.415, 35.638, 53.9695, 52.7172
596.925, 226.157, 133.075, 129.988
861.415, 35.638, 53.9695, 52.7172
599.134, 252.438, 111.635, 108.323
861.415, 35.638, 53.9695, 52.7172
861.415, 35.638, 53.9695, 52.7172
861.415, 35.638, 53.9695, 52.7172
861.415, 35.638, 53.9695, 52.7172
861.415, 35.638, 53.9695, 52.7172
861.415, 35.638, 53.9695, 52.7172
573.749, 265.515, 111.635, 108.323
573.749, 265.515, 111.635, 108.323
861.415, 35.638, 53.9695, 52.7172
861.415, 35.638, 53.9695, 52.7172
861.415, 35.638, 53.9695, 52.7172
418.338, 23.3303, 53.9695, 52.7172
418.338, 23.3303, 53.9695, 52.7172
418.338, 23.3303, 53.9695, 52.7172
418.338, 23.3303, 53.9695, 52.7172
418.338, 23.3303, 53.9695, 52.7172
861.415, 35.638, 53.9695, 52.7172
861.415, 35.638, 53.9695, 52.7172
861.415, 35.638, 53.9695, 52.7172
418.338, 23.3303, 53.9695, 52.7172
418.338, 23.3303, 53.9695, 52.7172
418.338, 23.3303, 53.9695, 52.7172
418.338, 23.3303, 53.9695, 52.7172
861.415, 35.638, 53.9695, 52.7172
861.415, 35.638, 53.9695, 52.7172
418.338, 23.3303, 53.9695, 52.7172
418.338, 23.3303, 53.9695, 52.7172
418.338, 23.3303, 53.9695, 52.7172
418.338, 23.3303, 53.9695, 52.7172
418.338, 23.3303, 53.9695, 52.7172
566.155, 256.926, 133.075, 129.988
566.155, 256.926, 133.075, 129.988
861.415, 35.638, 53.9695, 52.7172
861.415, 35.638, 53.9695, 52.7172
418.338, 23.3303, 53.9695, 52.7172
418.338, 23.3303, 53.9695, 52.7172
418.338, 23.3303, 53.9695, 52.7172
418.338, 23.3303, 53.9695, 52.7172
418.338, 23.3303, 53.9695, 52.7172
418.338, 23.3303, 53.9695, 52.7172
418.338, 23.3303, 53.9695, 52.7172
418.338, 23.3303, 53.9695, 52.7172
418.338, 23.3303, 53.9695, 52.7172
418.338, 23.3303, 53.9695, 52.7172
418.338, 23.3303, 53.9695, 52.7172
418.338, 23.3303, 53.9695, 52.7172
418.338, 23.3303, 53.9695, 52.7172
418.338, 23.3303, 53.9695, 52.7172
418.338, 23.3303, 53.9695, 52.7172
418.338, 23.3303, 53.9695, 52.7172
418.338, 23.3303, 53.9695, 52.7172
418.338, 23.3303, 53.9695, 52.7172
418.338, 23.3303, 53.9695, 52.7172
418.338, 23.3303, 53.9695, 52.7172
418.338, 23.3303, 53.9695, 52.7172
418.338, 23.3303, 53.9695, 52.7172
418.338, 23.3303, 53.9695, 52.7172
418.338, 23.3303, 53.9695, 52.7172
418.338, 23.3303, 53.9695, 52.7172
418.338, 23.3303, 53.9695, 52.7172
418.338, 23.3303, 53.9695, 52.7172
418.338, 23.3303, 53.9695, 52.7172
418.338, 23.3303, 53.9695, 52.7172
418.338, 23.3303, 53.9695, 52.7172
418.338, 23.3303, 53.9695, 52.7172
418.338, 23.3303, 53.9695, 52.7172
418.338, 23.3303, 53.9695, 52.7172
418.338, 23.3303, 53.9695, 52.7172
418.338, 23.3303, 53.9695, 52.7172
418.338, 23.3303, 53.9695, 52.7172
418.338, 23.3303, 53.9695, 52.7172
418.338, 23.3303, 53.9695, 52.7172
418.338, 23.3303, 53.9695, 52.7172
418.338, 23.3303, 53.9695, 52.7172
418.338, 23.3303, 53.9695, 52.7172
418.338, 23.3303, 53.9695, 52.7172
418.338, 23.3303, 53.9695, 52.7172
418.338, 23.3303, 53.9695, 52.7172
418.338, 23.3303, 53.9695, 52.7172
418.338, 23.3303, 53.9695, 52.7172
418.338, 23.3303, 53.9695, 52.7172
418.338, 23.3303, 53.9695, 52.7172
418.338, 23.3303, 53.9695, 52.7172
418.338, 23.3303, 53.9695, 52.7172
418.338, 23.3303, 53.9695, 52.7172
418.338, 23.3303, 53.9695, 52.7172
418.338, 23.3303, 53.9695, 52.7172
599.134, 252.438, 111.635, 108.323
599.134, 252.438, 111.635, 108.323
599.134, 239.46, 111.635, 109.045
418.338, 23.3303, 53.9695, 52.7172
581.54, 210.772, 133.075, 129.988
581.54, 195.486, 133.075, 130.71
550.827, 149.308, 191.481, 187.038
550.827, 149.308, 191.481, 187.038
550.827, 149.308, 191.481, 187.038
550.827, 149.308, 191.481, 187.038
551.079, 142.773, 159.69, 155.985
550.827, 149.308, 191.481, 187.038
550.827, 149.308, 191.481, 187.038
581.54, 195.486, 133.075, 130.71
599.134, 213.977, 111.635, 108.323
596.925, 210.772, 133.075, 129.988
612.181, 227.054, 110.896, 108.323
596.925, 226.157, 133.075, 129.988
612.181, 239.46, 110.896, 109.045
418.338, 23.3303, 53.9695, 52.7172
418.338, 23.3303, 53.9695, 52.7172
418.338, 23.3303, 53.9695, 52.7172
418.338, 23.3303, 53.9695, 52.7172
418.338, 23.3303, 53.9695, 52.7172
418.338, 23.3303, 53.9695, 52.7172
418.338, 23.3303, 53.9695, 52.7172
418.338, 23.3303, 53.9695, 52.7172
418.338, 23.3303, 53.9695, 52.7172
418.338, 23.3303, 53.9695, 52.7172
418.338, 23.3303, 53.9695, 52.7172
418.338, 23.3303, 53.9695, 52.7172
418.338, 23.3303, 53.9695, 52.7172
418.338, 23.3303, 53.9695, 52.7172
418.338, 23.3303, 53.9695, 52.7172
418.338, 23.3303, 53.9695, 52.7172
418.338, 23.3303, 53.9695, 52.7172
418.338, 23.3303, 53.9695, 52.7172
418.338, 23.3303, 53.9695, 52.7172
418.338, 23.3303, 53.9695, 52.7172
418.338, 23.3303, 53.9695, 52.7172
418.338, 23.3303, 53.9695, 52.7172
418.338, 23.3303, 53.9695, 52.7172
418.338, 23.3303, 53.9695, 52.7172
418.338, 23.3303, 53.9695, 52.7172
418.338, 23.3303, 53.9695, 52.7172
418.338, 23.3303, 53.9695, 52.7172
418.338, 23.3303, 53.9695, 52.7172
418.338, 23.3303, 53.9695, 52.7172
418.338, 23.3303, 53.9695, 52.7172
418.338, 23.3303, 53.9695, 52.7172
418.338, 23.3303, 53.9695, 52.7172
418.338, 23.3303, 53.9695, 52.7172
418.338, 23.3303, 53.9695, 52.7172
418.338, 23.3303, 53.9695, 52.7172
418.338, 23.3303, 53.9695, 52.7172
418.338, 23.3303, 53.9695, 52.7172
418.338, 23.3303, 53.9695, 52.7172
418.338, 23.3303, 53.9695, 52.7172
418.338, 23.3303, 53.9695, 52.7172
418.338, 23.3303, 53.9695, 52.7172
418.338, 23.3303, 53.9695, 52.7172
599.134, 265.515, 111.635, 108.323
599.134, 252.438, 111.635, 108.323
581.54, 226.157, 133.075, 129.988
581.54, 210.772, 133.075, 129.988
581.54, 195.486, 133.075, 130.71
550.827, 149.308, 191.481, 187.038
550.827, 149.308, 191.481, 187.038
569.54, 161.234, 159.69, 155.985
550.827, 127.769, 191.481, 187.038
550.827, 127.769, 191.481, 187.038
550.827, 127.769, 191.481, 187.038
550.827, 127.769, 191.481, 187.038
596.925, 180.772, 133.075, 129.988
596.925, 195.486, 133.075, 130.71
596.925, 195.486, 133.075, 130.71
596.925, 210.772, 133.075, 129.988
418.338, 23.3303, 53.9695, 52.7172
612.181, 239.46, 110.896, 109.045
612.181, 252.438, 110.896, 108.323
418.338, 23.3303, 53.9695, 52.7172
418.338, 23.3303, 53.9695, 52.7172
596.925, 241.542, 133.075, 129.988
596.925, 241.542, 133.075, 129.988
418.338, 23.3303, 53.9695, 52.7172
418.338, 23.3303, 53.9695, 52.7172
418.338, 23.3303, 53.9695, 52.7172
418.338, 23.3303, 53.9695, 52.7172
418.338, 23.3303, 53.9695, 52.7172
418.338, 23.3303, 53.9695, 52.7172
418.338, 23.3303, 53.9695, 52.7172
418.338, 23.3303, 53.9695, 52.7172
612.181, 252.438, 110.896, 108.323
596.925, 241.542, 133.075, 129.988
612.181, 252.438, 110.896, 108.323
612.181, 252.438, 110.896, 108.323
612.181, 252.438, 110.896, 108.323
612.181, 252.438, 110.896, 108.323
418.338, 23.3303, 53.9695, 52.7172
418.338, 23.3303, 53.9695, 52.7172
612.181, 252.438, 110.896, 108.323
612.181, 252.438, 110.896, 108.323
612.181, 239.46, 110.896, 109.045
625.258, 239.46, 110.896, 109.045
625.258, 239.46, 110.896, 109.045
625.258, 239.46, 110.896, 109.045
625.258, 239.46, 110.896, 109.045
625.258, 239.46, 110.896, 109.045
625.258, 239.46, 110.896, 109.045
625.258, 239.46, 110.896, 109.045
625.258, 239.46, 110.896, 109.045
637.616, 253.058, 93.1528, 90.2692
418.338, 23.3303, 53.9695, 52.7172
637.616, 263.827, 93.1528, 90.2692
637.616, 263.827, 93.1528, 90.2692
637.595, 252.438, 111.635, 108.323
637.595, 252.438, 111.635, 108.323
637.595, 252.438, 111.635, 108.323
637.595, 252.438, 111.635, 108.323
637.595, 252.438, 111.635, 108.323
637.595, 252.438, 111.635, 108.323
627.694, 241.542, 133.075, 129.988
627.694, 241.542, 133.075, 129.988
637.595, 239.46, 111.635, 109.045
627.694, 241.542, 133.075, 129.988
637.595, 252.438, 111.635, 108.323
637.595, 252.438, 111.635, 108.323
637.595, 252.438, 111.635, 108.323
637.595, 252.438, 111.635, 108.323
418.338, 23.3303, 53.9695, 52.7172
418.338, 23.3303, 53.9695, 52.7172
418.338, 23.3303, 53.9695, 52.7172
418.338, 23.3303, 53.9695, 52.7172
650.642, 252.438, 110.896, 108.323
650.642, 252.438, 110.896, 108.323
861.415, 35.638, 53.9695, 52.7172
627.694, 210.772, 133.075, 129.988
627.694, 195.486, 133.075, 130.71
627.694, 195.486, 133.075, 130.71
594.673, 149.308, 191.481, 187.038
594.673, 127.769, 191.481, 187.038
594.673, 127.769, 191.481, 187.038
624.156, 161.234, 159.69, 155.985
624.156, 161.234, 159.69, 155.985
624.156, 161.234, 159.69, 155.985
643.078, 180.772, 133.075, 129.988
643.078, 195.486, 133.075, 130.71
418.338, 23.3303, 53.9695, 52.7172
662.98, 213.977, 111.635, 108.323
418.338, 23.3303, 53.9695, 52.7172
418.338, 23.3303, 53.9695, 52.7172
662.98, 239.46, 111.635, 109.045
418.338, 23.3303, 53.9695, 52.7172
418.338, 23.3303, 53.9695, 52.7172
418.338, 23.3303, 53.9695, 52.7172
660.827, 149.308, 191.481, 187.038
660.827, 149.308, 191.481, 187.038
676.027, 265.515, 110.896, 108.323
676.027, 265.515, 110.896, 108.323
676.027, 252.438, 110.896, 108.323
676.027, 252.438, 110.896, 108.323
676.027, 252.438, 110.896, 108.323
676.027, 252.438, 110.896, 108.323
676.027, 252.438, 110.896, 108.323
676.027, 252.438, 110.896, 108.323
676.027, 252.438, 110.896, 108.323
676.027, 252.438, 110.896, 108.323
418.338, 23.3303, 53.9695, 52.7172
676.027, 265.515, 110.896, 108.323
680.663, 263.827, 92.4135, 90.2692
680.663, 263.827, 92.4135, 90.2692
680.663, 263.827, 92.4135, 90.2692
676.027, 265.515, 110.896, 108.323
680.663, 263.827, 92.4135, 90.2692
680.663, 263.827, 92.4135, 90.2692
660.827, 149.308, 191.481, 187.038
660.827, 127.769, 191.481, 187.038
676.027, 252.438, 110.896, 108.323
660.827, 127.769, 191.481, 187.038
660.827, 127.769, 191.481, 187.038
660.827, 127.769, 191.481, 187.038
660.827, 127.769, 191.481, 187.038
660.827, 127.769, 191.481, 187.038
660.827, 127.769, 191.481, 187.038
660.827, 127.769, 191.481, 187.038
861.415, 29.4842, 53.9695, 52.7172
861.415, 35.638, 53.9695, 52.7172
861.415, 29.4842, 53.9695, 52.7172
624.156, 161.234, 159.69, 155.985
624.156, 161.234, 159.69, 155.985
418.338, 23.3303, 53.9695, 52.7172
594.673, 127.769, 191.481, 187.038
594.673, 127.769, 191.481, 187.038
594.673, 127.769, 191.481, 187.038
594.673, 127.769, 191.481, 187.038
594.673, 127.769, 191.481, 187.038
861.415, 29.4842, 53.9695, 52.7172
418.338, 23.3303, 53.9695, 52.7172
418.338, 23.3303, 53.9695, 52.7172
418.338, 23.3303, 53.9695, 52.7172
418.338, 23.3303, 53.9695, 52.7172
418.338, 23.3303, 53.9695, 52.7172
418.338, 23.3303, 53.9695, 52.7172
418.338, 23.3303, 53.9695, 52.7172
669.894, 263.827, 92.4135, 90.2692
669.894, 263.827, 92.4135, 90.2692
418.338, 23.3303, 53.9695, 52.7172
662.98, 265.515, 111.635, 108.323
418.338, 23.3303, 53.9695, 52.7172
418.338, 23.3303, 53.9695, 52.7172
418.338, 23.3303, 53.9695, 52.7172
418.338, 23.3303, 53.9695, 52.7172
418.338, 23.3303, 53.9695, 52.7172
418.338, 23.3303, 53.9695, 52.7172
418.338, 23.3303, 53.9695, 52.7172
418.338, 23.3303, 53.9695, 52.7172
418.338, 23.3303, 53.9695, 52.7172
418.338, 23.3303, 53.9695, 52.7172
418.338, 23.3303, 53.9695, 52.7172
418.338, 23.3303, 53.9695, 52.7172
418.338, 23.3303, 53.9695, 52.7172
418.338, 23.3303, 53.9695, 52.7172
418.338, 23.3303, 53.9695, 52.7172
418.338, 23.3303, 53.9695, 52.7172
418.338, 23.3303, 53.9695, 52.7172
418.338, 23.3303, 53.9695, 52.7172
418.338, 23.3303, 53.9695, 52.7172
418.338, 23.3303, 53.9695, 52.7172
418.338, 23.3303, 53.9695, 52.7172
418.338, 23.3303, 53.9695, 52.7172
418.338, 23.3303, 53.9695, 52.7172
418.338, 23.3303, 53.9695, 52.7172
418.338, 23.3303, 53.9695, 52.7172
418.338, 23.3303, 53.9695, 52.7172
418.338, 23.3303, 53.9695, 52.7172
418.338, 23.3303, 53.9695, 52.7172
418.338, 23.3303, 53.9695, 52.7172
659.125, 263.827, 92.4135, 90.2692
418.338, 23.3303, 53.9695, 52.7172
418.338, 23.3303, 53.9695, 52.7172
418.338, 23.3303, 53.9695, 52.7172
418.338, 23.3303, 53.9695, 52.7172
418.338, 23.3303, 53.9695, 52.7172
418.338, 23.3303, 53.9695, 52.7172
418.338, 23.3303, 53.9695, 52.7172
418.338, 23.3303, 53.9695, 52.7172
418.338, 23.3303, 53.9695, 52.7172
418.338, 23.3303, 53.9695, 52.7172
418.338, 23.3303, 53.9695, 52.7172
418.338, 23.3303, 53.9695, 52.7172
418.338, 23.3303, 53.9695, 52.7172
418.338, 23.3303, 53.9695, 52.7172
418.338, 23.3303, 53.9695, 52.7172
418.338, 23.3303, 53.9695, 52.7172
418.338, 23.3303, 53.9695, 52.7172
418.338, 23.3303, 53.9695, 52.7172
418.338, 23.3303, 53.9695, 52.7172
418.338, 23.3303, 53.9695, 52.7172
418.338, 23.3303, 53.9695, 52.7172
418.338, 23.3303, 53.9695, 52.7172
418.338, 23.3303, 53.9695, 52.7172
418.338, 23.3303, 53.9695, 52.7172
418.338, 23.3303, 53.9695, 52.7172
418.338, 23.3303, 53.9695, 52.7172
418.338, 23.3303, 53.9695, 52.7172
418.338, 23.3303, 53.9695, 52.7172
418.338, 23.3303, 53.9695, 52.7172
418.338, 23.3303, 53.9695, 52.7172
418.338, 23.3303, 53.9695, 52.7172
418.338, 23.3303, 53.9695, 52.7172
418.338, 23.3303, 53.9695, 52.7172
418.338, 23.3303, 53.9695, 52.7172
418.338, 23.3303, 53.9695, 52.7172
418.338, 23.3303, 53.9695, 52.7172
418.338, 23.3303, 53.9695, 52.7172
418.338, 23.3303, 53.9695, 52.7172
418.338, 23.3303, 53.9695, 52.7172
418.338, 23.3303, 53.9695, 52.7172
418.338, 23.3303, 53.9695, 52.7172
418.338, 23.3303, 53.9695, 52.7172
418.338, 23.3303, 53.9695, 52.7172
418.338, 23.3303, 53.9695, 52.7172
418.338, 23.3303, 53.9695, 52.7172
418.338, 23.3303, 53.9695, 52.7172
855.261, 29.4842, 53.9695, 52.7172
855.261, 29.4842, 53.9695, 52.7172
855.261, 29.4842, 53.9695, 52.7172
855.261, 29.4842, 53.9695, 52.7172
861.415, 29.4842, 53.9695, 52.7172
861.415, 29.4842, 53.9695, 52.7172
861.415, 29.4842, 53.9695, 52.7172
861.415, 29.4842, 53.9695, 52.7172
861.415, 29.4842, 53.9695, 52.7172
861.415, 29.4842, 53.9695, 52.7172
861.415, 29.4842, 53.9695, 52.7172
861.415, 29.4842, 53.9695, 52.7172
418.338, 23.3303, 53.9695, 52.7172
418.338, 23.3303, 53.9695, 52.7172
418.338, 23.3303, 53.9695, 52.7172
418.338, 23.3303, 53.9695, 52.7172
418.338, 23.3303, 53.9695, 52.7172
418.338, 23.3303, 53.9695, 52.7172
418.338, 23.3303, 53.9695, 52.7172
418.338, 23.3303, 53.9695, 52.7172
418.338, 23.3303, 53.9695, 52.7172
418.338, 23.3303, 53.9695, 52.7172
418.338, 23.3303, 53.9695, 52.7172
418.338, 23.3303, 53.9695, 52.7172
418.338, 23.3303, 53.9695, 52.7172
418.338, 23.3303, 53.9695, 52.7172
418.338, 23.3303, 53.9695, 52.7172
418.338, 23.3303, 53.9695, 52.7172
418.338, 23.3303, 53.9695, 52.7172
599.134, 265.515, 111.635, 108.323
581.54, 241.542, 133.075, 129.988
581.54, 226.157, 133.075, 129.988
581.54, 210.772, 133.075, 129.988
581.54, 210.772, 133.075, 129.988
581.54, 210.772, 133.075, 129.988
581.54, 210.772, 133.075, 129.988
569.54, 198.158, 159.69, 155.985
599.134, 239.46, 111.635, 109.045
599.134, 252.438, 111.635, 108.323
599.134, 265.515, 111.635, 108.323
418.338, 23.3303, 53.9695, 52.7172
418.338, 23.3303, 53.9695, 52.7172
418.338, 23.3303, 53.9695, 52.7172
418.338, 23.3303, 53.9695, 52.7172
418.338, 23.3303, 53.9695, 52.7172
418.338, 23.3303, 53.9695, 52.7172
418.338, 23.3303, 53.9695, 52.7172
418.338, 23.3303, 53.9695, 52.7172
418.338, 23.3303, 53.9695, 52.7172
418.338, 23.3303, 53.9695, 52.7172
418.338, 23.3303, 53.9695, 52.7172
418.338, 23.3303, 53.9695, 52.7172
418.338, 23.3303, 53.9695, 52.7172
418.338, 23.3303, 53.9695, 52.7172
418.338, 23.3303, 53.9695, 52.7172
418.338, 23.3303, 53.9695, 52.7172
418.338, 23.3303, 53.9695, 52.7172
418.338, 23.3303, 53.9695, 52.7172
418.338, 23.3303, 53.9695, 52.7172
418.338, 23.3303, 53.9695, 52.7172
418.338, 23.3303, 53.9695, 52.7172
418.338, 23.3303, 53.9695, 52.7172
418.338, 23.3303, 53.9695, 52.7172
418.338, 23.3303, 53.9695, 52.7172
418.338, 23.3303, 53.9695, 52.7172
418.338, 23.3303, 53.9695, 52.7172
418.338, 23.3303, 53.9695, 52.7172
418.338, 23.3303, 53.9695, 52.7172
418.338, 23.3303, 53.9695, 52.7172
418.338, 23.3303, 53.9695, 52.7172
418.338, 23.3303, 53.9695, 52.7172
418.338, 23.3303, 53.9695, 52.7172
418.338, 23.3303, 53.9695, 52.7172
612.181, 265.515, 110.896, 108.323
612.181, 265.515, 110.896, 108.323
612.181, 252.438, 110.896, 108.323
596.925, 226.157, 133.075, 129.988
587.233, 198.158, 159.69, 155.985
596.925, 210.772, 133.075, 129.988
573.135, 171.616, 191.481, 187.038
573.135, 171.616, 191.481, 187.038
596.925, 195.486, 133.075, 130.71
550.827, 149.308, 191.481, 187.038
569.54, 179.696, 159.69, 155.985
569.54, 179.696, 159.69, 155.985
581.54, 226.157, 133.075, 129.988
418.338, 23.3303, 53.9695, 52.7172
599.134, 252.438, 111.635, 108.323
418.338, 23.3303, 53.9695, 52.7172
861.415, 29.4842, 53.9695, 52.7172
418.338, 23.3303, 53.9695, 52.7172
418.338, 23.3303, 53.9695, 52.7172
418.338, 23.3303, 53.9695, 52.7172
418.338, 23.3303, 53.9695, 52.7172
861.415, 29.4842, 53.9695, 52.7172
861.415, 29.4842, 53.9695, 52.7172
861.415, 29.4842, 53.9695, 52.7172
861.415, 29.4842, 53.9695, 52.7172
861.415, 29.4842, 53.9695, 52.7172
418.338, 23.3303, 53.9695, 52.7172
418.338, 23.3303, 53.9695, 52.7172
418.338, 23.3303, 53.9695, 52.7172
418.338, 23.3303, 53.9695, 52.7172
418.338, 23.3303, 53.9695, 52.7172
418.338, 23.3303, 53.9695, 52.7172
418.338, 23.3303, 53.9695, 52.7172
418.338, 23.3303, 53.9695, 52.7172
418.338, 23.3303, 53.9695, 52.7172
418.338, 23.3303, 53.9695, 52.7172
418.338, 23.3303, 53.9695, 52.7172
418.338, 23.3303, 53.9695, 52.7172
418.338, 23.3303, 53.9695, 52.7172
418.338, 23.3303, 53.9695, 52.7172
418.338, 23.3303, 53.9695, 52.7172
418.338, 23.3303, 53.9695, 52.7172
418.338, 23.3303, 53.9695, 52.7172
418.338, 23.3303, 53.9695, 52.7172
418.338, 23.3303, 53.9695, 52.7172
418.338, 23.3303, 53.9695, 52.7172
418.338, 23.3303, 53.9695, 52.7172
418.338, 23.3303, 53.9695, 52.7172
418.338, 23.3303, 53.9695, 52.7172
418.338, 23.3303, 53.9695, 52.7172
612.181, 252.438, 110.896, 108.323
596.925, 226.157, 133.075, 129.988
596.925, 210.772, 133.075, 129.988
587.233, 198.158, 159.69, 155.985
587.233, 198.158, 159.69, 155.985
587.233, 179.696, 159.69, 155.985
587.233, 179.696, 159.69, 155.985
587.233, 179.696, 159.69, 155.985
587.233, 198.158, 159.69, 155.985
596.925, 210.772, 133.075, 129.988
418.338, 23.3303, 53.9695, 52.7172
418.338, 23.3303, 53.9695, 52.7172
612.181, 265.515, 110.896, 108.323
418.338, 23.3303, 53.9695, 52.7172
418.338, 23.3303, 53.9695, 52.7172
418.338, 23.3303, 53.9695, 52.7172
418.338, 23.3303, 53.9695, 52.7172
418.338, 23.3303, 53.9695, 52.7172
418.338, 23.3303, 53.9695, 52.7172
418.338, 23.3303, 53.9695, 52.7172
418.338, 23.3303, 53.9695, 52.7172
418.338, 23.3303, 53.9695, 52.7172
418.338, 23.3303, 53.9695, 52.7172
418.338, 23.3303, 53.9695, 52.7172
418.338, 23.3303, 53.9695, 52.7172
418.338, 23.3303, 53.9695, 52.7172
418.338, 23.3303, 53.9695, 52.7172
418.338, 23.3303, 53.9695, 52.7172
418.338, 23.3303, 53.9695, 52.7172
418.338, 23.3303, 53.9695, 52.7172
418.338, 23.3303, 53.9695, 52.7172
418.338, 23.3303, 53.9695, 52.7172
418.338, 23.3303, 53.9695, 52.7172
418.338, 23.3303, 53.9695, 52.7172
418.338, 23.3303, 53.9695, 52.7172
418.338, 23.3303, 53.9695, 52.7172
418.338, 23.3303, 53.9695, 52.7172
418.338, 23.3303, 53.9695, 52.7172
418.338, 23.3303, 53.9695, 52.7172
418.338, 23.3303, 53.9695, 52.7172
418.338, 23.3303, 53.9695, 52.7172
418.338, 23.3303, 53.9695, 52.7172
418.338, 23.3303, 53.9695, 52.7172
418.338, 23.3303, 53.9695, 52.7172
418.338, 23.3303, 53.9695, 52.7172
637.595, 252.438, 111.635, 108.323
637.595, 252.438, 111.635, 108.323
418.338, 23.3303, 53.9695, 52.7172
418.338, 23.3303, 53.9695, 52.7172
418.338, 23.3303, 53.9695, 52.7172
418.338, 23.3303, 53.9695, 52.7172
625.258, 252.438, 110.896, 108.323
625.258, 252.438, 110.896, 108.323
625.258, 252.438, 110.896, 108.323
418.338, 23.3303, 53.9695, 52.7172
418.338, 23.3303, 53.9695, 52.7172
418.338, 23.3303, 53.9695, 52.7172
418.338, 23.3303, 53.9695, 52.7172
612.181, 252.438, 110.896, 108.323
612.181, 252.438, 110.896, 108.323
612.181, 252.438, 110.896, 108.323
596.925, 241.542, 133.075, 129.988
612.181, 239.46, 110.896, 109.045
596.925, 226.157, 133.075, 129.988
596.925, 210.772, 133.075, 129.988
596.925, 195.486, 133.075, 130.71
587.233, 179.696, 159.69, 155.985
596.925, 180.772, 133.075, 129.988
596.925, 180.772, 133.075, 129.988
596.925, 180.772, 133.075, 129.988
596.925, 180.772, 133.075, 129.988
569.54, 161.234, 159.69, 155.985
569.54, 161.234, 159.69, 155.985
569.54, 161.234, 159.69, 155.985
569.54, 161.234, 159.69, 155.985
581.54, 180.772, 133.075, 129.988
581.54, 180.772, 133.075, 129.988
569.54, 179.696, 159.69, 155.985
569.54, 179.696, 159.69, 155.985
581.54, 195.486, 133.075, 130.71
581.54, 210.772, 133.075, 129.988
581.54, 226.157, 133.075, 129.988
418.338, 23.3303, 53.9695, 52.7172
418.338, 23.3303, 53.9695, 52.7172
418.338, 23.3303, 53.9695, 52.7172
418.338, 23.3303, 53.9695, 52.7172
418.338, 23.3303, 53.9695, 52.7172
418.338, 23.3303, 53.9695, 52.7172
418.338, 23.3303, 53.9695, 52.7172
418.338, 23.3303, 53.9695, 52.7172
418.338, 23.3303, 53.9695, 52.7172
418.338, 23.3303, 53.9695, 52.7172
418.338, 23.3303, 53.9695, 52.7172
418.338, 23.3303, 53.9695, 52.7172
418.338, 23.3303, 53.9695, 52.7172
418.338, 23.3303, 53.9695, 52.7172
418.338, 23.3303, 53.9695, 52.7172
418.338, 23.3303, 53.9695, 52.7172
418.338, 23.3303, 53.9695, 52.7172
418.338, 23.3303, 53.9695, 52.7172
418.338, 23.3303, 53.9695, 52.7172
418.338, 23.3303, 53.9695, 52.7172
418.338, 23.3303, 53.9695, 52.7172
418.338, 23.3303, 53.9695, 52.7172
418.338, 23.3303, 53.9695, 52.7172
418.338, 23.3303, 53.9695, 52.7172
418.338, 23.3303, 53.9695, 52.7172
418.338, 23.3303, 53.9695, 52.7172
418.338, 23.3303, 53.9695, 52.7172
418.338, 23.3303, 53.9695, 52.7172
418.338, 23.3303, 53.9695, 52.7172
418.338, 23.3303, 53.9695, 52.7172
418.338, 23.3303, 53.9695, 52.7172
418.338, 23.3303, 53.9695, 52.7172
418.338, 23.3303, 53.9695, 52.7172
418.338, 23.3303, 53.9695, 52.7172
418.338, 23.3303, 53.9695, 52.7172
418.338, 23.3303, 53.9695, 52.7172
418.338, 23.3303, 53.9695, 52.7172
418.338, 23.3303, 53.9695, 52.7172
418.338, 23.3303, 53.9695, 52.7172
418.338, 23.3303, 53.9695, 52.7172
418.338, 23.3303, 53.9695, 52.7172
418.338, 23.3303, 53.9695, 52.7172
418.338, 23.3303, 53.9695, 52.7172
418.338, 23.3303, 53.9695, 52.7172
418.338, 23.3303, 53.9695, 52.7172
418.338, 23.3303, 53.9695, 52.7172
418.338, 23.3303, 53.9695, 52.7172
418.338, 23.3303, 53.9695, 52.7172
418.338, 23.3303, 53.9695, 52.7172
418.338, 23.3303, 53.9695, 52.7172
418.338, 23.3303, 53.9695, 52.7172
418.338, 23.3303, 53.9695, 52.7172
418.338, 23.3303, 53.9695, 52.7172
418.338, 23.3303, 53.9695, 52.7172
418.338, 23.3303, 53.9695, 52.7172
418.338, 23.3303, 53.9695, 52.7172
861.415, 35.638, 53.9695, 52.7172
418.338, 23.3303, 53.9695, 52.7172
418.338, 23.3303, 53.9695, 52.7172
861.415, 35.638, 53.9695, 52.7172
861.415, 35.638, 53.9695, 52.7172
418.338, 23.3303, 53.9695, 52.7172
418.338, 23.3303, 53.9695, 52.7172
861.415, 35.638, 53.9695, 52.7172
418.338, 23.3303, 53.9695, 52.7172
418.338, 23.3303, 53.9695, 52.7172
418.338, 23.3303, 53.9695, 52.7172
418.338, 23.3303, 53.9695, 52.7172
418.338, 23.3303, 53.9695, 52.7172
660.827, 149.308, 191.481, 187.038
660.827, 149.308, 191.481, 187.038
660.827, 149.308, 191.481, 187.038
418.338, 23.3303, 53.9695, 52.7172
418.338, 23.3303, 53.9695, 52.7172
418.338, 23.3303, 53.9695, 52.7172
418.338, 23.3303, 53.9695, 52.7172
418.338, 23.3303, 53.9695, 52.7172
418.338, 23.3303, 53.9695, 52.7172
418.338, 23.3303, 53.9695, 52.7172
418.338, 23.3303, 53.9695, 52.7172
418.338, 23.3303, 53.9695, 52.7172
418.338, 23.3303, 53.9695, 52.7172
418.338, 23.3303, 53.9695, 52.7172
418.338, 23.3303, 53.9695, 52.7172
418.338, 23.3303, 53.9695, 52.7172
418.338, 23.3303, 53.9695, 52.7172
418.338, 23.3303, 53.9695, 52.7172
418.338, 23.3303, 53.9695, 52.7172
418.338, 23.3303, 53.9695, 52.7172
418.338, 23.3303, 53.9695, 52.7172
418.338, 23.3303, 53.9695, 52.7172
418.338, 23.3303, 53.9695, 52.7172
418.338, 23.3303, 53.9695, 52.7172
418.338, 23.3303, 53.9695, 52.7172
418.338, 23.3303, 53.9695, 52.7172
418.338, 23.3303, 53.9695, 52.7172
418.338, 23.3303, 53.9695, 52.7172
418.338, 23.3303, 53.9695, 52.7172
418.338, 23.3303, 53.9695, 52.7172
418.338, 23.3303, 53.9695, 52.7172
418.338, 23.3303, 53.9695, 52.7172
418.338, 23.3303, 53.9695, 52.7172
418.338, 23.3303, 53.9695, 52.7172
418.338, 23.3303, 53.9695, 52.7172
418.338, 23.3303, 53.9695, 52.7172
418.338, 23.3303, 53.9695, 52.7172
586.796, 252.438, 110.896, 108.323
418.338, 23.3303, 53.9695, 52.7172
581.54, 226.157, 133.075, 129.988
581.54, 210.772, 133.075, 129.988
569.54, 198.158, 159.69, 155.985
569.54, 198.158, 159.69, 155.985
566.155, 210.772, 133.075, 129.988
566.155, 210.772, 133.075, 129.988
551.079, 216.619, 159.69, 155.985
566.155, 226.157, 133.075, 129.988
566.155, 226.157, 133.075, 129.988
551.079, 216.619, 159.69, 155.985
418.338, 23.3303, 53.9695, 52.7172
551.079, 216.619, 159.69, 155.985
551.079, 216.619, 159.69, 155.985
550.771, 226.157, 133.075, 129.988
550.771, 226.157, 133.075, 129.988
550.771, 226.157, 133.075, 129.988
550.771, 210.772, 133.075, 129.988
550.771, 210.772, 133.075, 129.988
550.771, 210.772, 133.075, 129.988
551.079, 198.158, 159.69, 155.985
551.079, 198.158, 159.69, 155.985
551.079, 198.158, 159.69, 155.985
551.079, 198.158, 159.69, 155.985
551.079, 198.158, 159.69, 155.985
551.079, 198.158, 159.69, 155.985
566.155, 195.486, 133.075, 130.71
551.079, 179.696, 159.69, 155.985
551.079, 179.696, 159.69, 155.985
551.079, 179.696, 159.69, 155.985
551.079, 179.696, 159.69, 155.985
566.155, 180.772, 133.075, 129.988
566.155, 180.772, 133.075, 129.988
566.155, 180.772, 133.075, 129.988
581.54, 180.772, 133.075, 129.988
581.54, 180.772, 133.075, 129.988
581.54, 180.772, 133.075, 129.988
551.079, 179.696, 159.69, 155.985
551.079, 179.696, 159.69, 155.985
551.079, 179.696, 159.69, 155.985
551.079, 179.696, 159.69, 155.985
551.079, 179.696, 159.69, 155.985
551.079, 179.696, 159.69, 155.985
551.079, 179.696, 159.69, 155.985
569.54, 179.696, 159.69, 155.985
569.54, 179.696, 159.69, 155.985
569.54, 179.696, 159.69, 155.985
569.54, 179.696, 159.69, 155.985
569.54, 179.696, 159.69, 155.985
569.54, 179.696, 159.69, 155.985
569.54, 179.696, 159.69, 155.985
569.54, 179.696, 159.69, 155.985
569.54, 179.696, 159.69, 155.985
566.155, 210.772, 133.075, 129.988
566.155, 210.772, 133.075, 129.988
418.338, 23.3303, 53.9695, 52.7172
418.338, 23.3303, 53.9695, 52.7172
418.338, 23.3303, 53.9695, 52.7172
418.338, 23.3303, 53.9695, 52.7172
418.338, 23.3303, 53.9695, 52.7172
418.338, 23.3303, 53.9695, 52.7172
418.338, 23.3303, 53.9695, 52.7172
418.338, 23.3303, 53.9695, 52.7172
418.338, 23.3303, 53.9695, 52.7172
418.338, 23.3303, 53.9695, 52.7172
418.338, 23.3303, 53.9695, 52.7172
418.338, 23.3303, 53.9695, 52.7172
418.338, 23.3303, 53.9695, 52.7172
418.338, 23.3303, 53.9695, 52.7172
418.338, 23.3303, 53.9695, 52.7172
418.338, 23.3303, 53.9695, 52.7172
418.338, 23.3303, 53.9695, 52.7172
418.338, 23.3303, 53.9695, 52.7172
418.338, 23.3303, 53.9695, 52.7172
418.338, 23.3303, 53.9695, 52.7172
418.338, 23.3303, 53.9695, 52.7172
418.338, 23.3303, 53.9695, 52.7172
418.338, 23.3303, 53.9695, 52.7172
418.338, 23.3303, 53.9695, 52.7172
418.338, 23.3303, 53.9695, 52.7172
418.338, 23.3303, 53.9695, 52.7172
418.338, 23.3303, 53.9695, 52.7172
418.338, 23.3303, 53.9695, 52.7172
418.338, 23.3303, 53.9695, 52.7172
418.338, 23.3303, 53.9695, 52.7172
418.338, 23.3303, 53.9695, 52.7172
418.338, 23.3303, 53.9695, 52.7172
418.338, 23.3303, 53.9695, 52.7172
418.338, 23.3303, 53.9695, 52.7172
418.338, 23.3303, 53.9695, 52.7172
418.338, 23.3303, 53.9695, 52.7172
418.338, 23.3303, 53.9695, 52.7172
418.338, 23.3303, 53.9695, 52.7172
418.338, 23.3303, 53.9695, 52.7172
418.338, 23.3303, 53.9695, 52.7172
418.338, 23.3303, 53.9695, 52.7172
418.338, 23.3303, 53.9695, 52.7172
418.338, 23.3303, 53.9695, 52.7172
418.338, 23.3303, 53.9695, 52.7172
418.338, 23.3303, 53.9695, 52.7172
418.338, 23.3303, 53.9695, 52.7172
418.338, 23.3303, 53.9695, 52.7172
418.338, 23.3303, 53.9695, 52.7172
418.338, 23.3303, 53.9695, 52.7172
418.338, 23.3303, 53.9695, 52.7172
625.258, 252.438, 110.896, 108.323
625.258, 252.438, 110.896, 108.323
418.338, 23.3303, 53.9695, 52.7172
861.415, 35.638, 53.9695, 52.7172
418.338, 23.3303, 53.9695, 52.7172
418.338, 23.3303, 53.9695, 52.7172
418.338, 23.3303, 53.9695, 52.7172
418.338, 23.3303, 53.9695, 52.7172
418.338, 23.3303, 53.9695, 52.7172
418.338, 23.3303, 53.9695, 52.7172
418.338, 23.3303, 53.9695, 52.7172
418.338, 23.3303, 53.9695, 52.7172
418.338, 23.3303, 53.9695, 52.7172
418.338, 23.3303, 53.9695, 52.7172
418.338, 23.3303, 53.9695, 52.7172
418.338, 23.3303, 53.9695, 52.7172
418.338, 23.3303, 53.9695, 52.7172
612.181, 252.438, 110.896, 108.323
596.925, 226.157, 133.075, 129.988
596.925, 210.772, 133.075, 129.988
596.925, 195.486, 133.075, 130.71
581.54, 195.486, 133.075, 130.71
581.54, 195.486, 133.075, 130.71
418.338, 23.3303, 53.9695, 52.7172
418.338, 23.3303, 53.9695, 52.7172
418.338, 23.3303, 53.9695, 52.7172
418.338, 23.3303, 53.9695, 52.7172
418.338, 23.3303, 53.9695, 52.7172
418.338, 23.3303, 53.9695, 52.7172
418.338, 23.3303, 53.9695, 52.7172
418.338, 23.3303, 53.9695, 52.7172
418.338, 23.3303, 53.9695, 52.7172
418.338, 23.3303, 53.9695, 52.7172
418.338, 23.3303, 53.9695, 52.7172
418.338, 23.3303, 53.9695, 52.7172
418.338, 23.3303, 53.9695, 52.7172
418.338, 23.3303, 53.9695, 52.7172
418.338, 23.3303, 53.9695, 52.7172
418.338, 23.3303, 53.9695, 52.7172
418.338, 23.3303, 53.9695, 52.7172
418.338, 23.3303, 53.9695, 52.7172
418.338, 23.3303, 53.9695, 52.7172
418.338, 23.3303, 53.9695, 52.7172
418.338, 23.3303, 53.9695, 52.7172
418.338, 23.3303, 53.9695, 52.7172
418.338, 23.3303, 53.9695, 52.7172
418.338, 23.3303, 53.9695, 52.7172
418.338, 23.3303, 53.9695, 52.7172
418.338, 23.3303, 53.9695, 52.7172
418.338, 23.3303, 53.9695, 52.7172
418.338, 23.3303, 53.9695, 52.7172
418.338, 23.3303, 53.9695, 52.7172
418.338, 23.3303, 53.9695, 52.7172
418.338, 23.3303, 53.9695, 52.7172
418.338, 23.3303, 53.9695, 52.7172
418.338, 23.3303, 53.9695, 52.7172
418.338, 23.3303, 53.9695, 52.7172
418.338, 23.3303, 53.9695, 52.7172
418.338, 23.3303, 53.9695, 52.7172
418.338, 23.3303, 53.9695, 52.7172
418.338, 23.3303, 53.9695, 52.7172
418.338, 23.3303, 53.9695, 52.7172
418.338, 23.3303, 53.9695, 52.7172
418.338, 23.3303, 53.9695, 52.7172
418.338, 23.3303, 53.9695, 52.7172
418.338, 23.3303, 53.9695, 52.7172
418.338, 23.3303, 53.9695, 52.7172
418.338, 23.3303, 53.9695, 52.7172
418.338, 23.3303, 53.9695, 52.7172
418.338, 23.3303, 53.9695, 52.7172
418.338, 23.3303, 53.9695, 52.7172
418.338, 23.3303, 53.9695, 52.7172
418.338, 23.3303, 53.9695, 52.7172
418.338, 23.3303, 53.9695, 52.7172
418.338, 23.3303, 53.9695, 52.7172
418.338, 23.3303, 53.9695, 52.7172
418.338, 23.3303, 53.9695, 52.7172
418.338, 23.3303, 53.9695, 52.7172
418.338, 23.3303, 53.9695, 52.7172
418.338, 23.3303, 53.9695, 52.7172
418.338, 23.3303, 53.9695, 52.7172
418.338, 23.3303, 53.9695, 52.7172
418.338, 23.3303, 53.9695, 52.7172
418.338, 23.3303, 53.9695, 52.7172
418.338, 23.3303, 53.9695, 52.7172
418.338, 23.3303, 53.9695, 52.7172
418.338, 23.3303, 53.9695, 52.7172
418.338, 23.3303, 53.9695, 52.7172
418.338, 23.3303, 53.9695, 52.7172
418.338, 23.3303, 53.9695, 52.7172
418.338, 23.3303, 53.9695, 52.7172
418.338, 23.3303, 53.9695, 52.7172
418.338, 23.3303, 53.9695, 52.7172
418.338, 23.3303, 53.9695, 52.7172
418.338, 23.3303, 53.9695, 52.7172
418.338, 23.3303, 53.9695, 52.7172
418.338, 23.3303, 53.9695, 52.7172
418.338, 23.3303, 53.9695, 52.7172
418.338, 23.3303, 53.9695, 52.7172
418.338, 23.3303, 53.9695, 52.7172
418.338, 23.3303, 53.9695, 52.7172
418.338, 23.3303, 53.9695, 52.7172
418.338, 23.3303, 53.9695, 52.7172
418.338, 23.3303, 53.9695, 52.7172
418.338, 23.3303, 53.9695, 52.7172
418.338, 23.3303, 53.9695, 52.7172
418.338, 23.3303, 53.9695, 52.7172
418.338, 23.3303, 53.9695, 52.7172
418.338, 23.3303, 53.9695, 52.7172
418.338, 23.3303, 53.9695, 52.7172
418.338, 23.3303, 53.9695, 52.7172
418.338, 23.3303, 53.9695, 52.7172
418.338, 23.3303, 53.9695, 52.7172
418.338, 23.3303, 53.9695, 52.7172
418.338, 23.3303, 53.9695, 52.7172
418.338, 23.3303, 53.9695, 52.7172
418.338, 23.3303, 53.9695, 52.7172
418.338, 23.3303, 53.9695, 52.7172
418.338, 23.3303, 53.9695, 52.7172
418.338, 23.3303, 53.9695, 52.7172
418.338, 23.3303, 53.9695, 52.7172
418.338, 23.3303, 53.9695, 52.7172
418.338, 23.3303, 53.9695, 52.7172
418.338, 23.3303, 53.9695, 52.7172
418.338, 23.3303, 53.9695, 52.7172
418.338, 23.3303, 53.9695, 52.7172
418.338, 23.3303, 53.9695, 52.7172
418.338, 23.3303, 53.9695, 52.7172
418.338, 23.3303, 53.9695, 52.7172
605.694, 161.234, 159.69, 155.985
612.309, 165.388, 133.075, 129.988
587.233, 142.773, 159.69, 155.985
587.233, 124.311, 159.69, 155.985
587.233, 124.311, 159.69, 155.985
587.233, 124.311, 159.69, 155.985
587.233, 124.311, 159.69, 155.985
573.135, 105.462, 191.481, 187.038
587.233, 105.85, 159.69, 155.985
587.233, 105.85, 159.69, 155.985
587.233, 105.85, 159.69, 155.985
587.233, 124.311, 159.69, 155.985
587.233, 124.311, 159.69, 155.985
612.309, 165.388, 133.075, 129.988
612.309, 180.772, 133.075, 129.988
418.338, 23.3303, 53.9695, 52.7172
418.338, 23.3303, 53.9695, 52.7172
637.595, 239.46, 111.635, 109.045
637.595, 252.438, 111.635, 108.323
418.338, 23.3303, 53.9695, 52.7172
418.338, 23.3303, 53.9695, 52.7172
418.338, 23.3303, 53.9695, 52.7172
861.415, 29.4842, 53.9695, 52.7172
861.415, 29.4842, 53.9695, 52.7172
418.338, 23.3303, 53.9695, 52.7172
418.338, 23.3303, 53.9695, 52.7172
418.338, 23.3303, 53.9695, 52.7172
418.338, 23.3303, 53.9695, 52.7172
418.338, 23.3303, 53.9695, 52.7172
861.415, 29.4842, 53.9695, 52.7172
861.415, 29.4842, 53.9695, 52.7172
861.415, 29.4842, 53.9695, 52.7172
861.415, 35.638, 53.9695, 52.7172
861.415, 29.4842, 53.9695, 52.7172
861.415, 29.4842, 53.9695, 52.7172
637.595, 265.515, 111.635, 108.323
418.338, 23.3303, 53.9695, 52.7172
418.338, 23.3303, 53.9695, 52.7172
861.415, 29.4842, 53.9695, 52.7172
861.415, 29.4842, 53.9695, 52.7172
637.595, 265.515, 111.635, 108.323
861.415, 29.4842, 53.9695, 52.7172
418.338, 23.3303, 53.9695, 52.7172
418.338, 23.3303, 53.9695, 52.7172
418.338, 23.3303, 53.9695, 52.7172
418.338, 23.3303, 53.9695, 52.7172
861.415, 29.4842, 53.9695, 52.7172
861.415, 29.4842, 53.9695, 52.7172
418.338, 23.3303, 53.9695, 52.7172
418.338, 23.3303, 53.9695, 52.7172
418.338, 23.3303, 53.9695, 52.7172
418.338, 23.3303, 53.9695, 52.7172
418.338, 23.3303, 53.9695, 52.7172
418.338, 23.3303, 53.9695, 52.7172
418.338, 23.3303, 53.9695, 52.7172
418.338, 23.3303, 53.9695, 52.7172
418.338, 23.3303, 53.9695, 52.7172
418.338, 23.3303, 53.9695, 52.7172
637.595, 252.438, 111.635, 108.323
418.338, 23.3303, 53.9695, 52.7172
418.338, 23.3303, 53.9695, 52.7172
418.338, 23.3303, 53.9695, 52.7172
418.338, 23.3303, 53.9695, 52.7172
418.338, 23.3303, 53.9695, 52.7172
418.338, 23.3303, 53.9695, 52.7172
418.338, 23.3303, 53.9695, 52.7172
418.338, 23.3303, 53.9695, 52.7172
418.338, 23.3303, 53.9695, 52.7172
418.338, 23.3303, 53.9695, 52.7172
418.338, 23.3303, 53.9695, 52.7172
418.338, 23.3303, 53.9695, 52.7172
418.338, 23.3303, 53.9695, 52.7172
418.338, 23.3303, 53.9695, 52.7172
418.338, 23.3303, 53.9695, 52.7172
418.338, 23.3303, 53.9695, 52.7172
418.338, 23.3303, 53.9695, 52.7172
418.338, 23.3303, 53.9695, 52.7172
418.338, 23.3303, 53.9695, 52.7172
418.338, 23.3303, 53.9695, 52.7172
418.338, 23.3303, 53.9695, 52.7172
418.338, 23.3303, 53.9695, 52.7172
418.338, 23.3303, 53.9695, 52.7172
418.338, 23.3303, 53.9695, 52.7172
418.338, 23.3303, 53.9695, 52.7172
418.338, 23.3303, 53.9695, 52.7172
418.338, 23.3303, 53.9695, 52.7172
637.595, 239.46, 111.635, 109.045
627.694, 210.772, 133.075, 129.988
627.694, 195.486, 133.075, 130.71
605.694, 161.234, 159.69, 155.985
612.309, 180.772, 133.075, 129.988
605.694, 161.234, 159.69, 155.985
612.309, 165.388, 133.075, 129.988
612.309, 165.388, 133.075, 129.988
612.309, 165.388, 133.075, 129.988
594.673, 127.769, 191.481, 187.038
612.309, 165.388, 133.075, 129.988
594.673, 127.769, 191.481, 187.038
594.673, 127.769, 191.481, 187.038
594.673, 127.769, 191.481, 187.038
594.673, 127.769, 191.481, 187.038
627.694, 165.388, 133.075, 129.988
624.156, 142.773, 159.69, 155.985
624.156, 142.773, 159.69, 155.985
643.078, 165.388, 133.075, 129.988
643.078, 165.388, 133.075, 129.988
643.078, 165.388, 133.075, 129.988
643.078, 165.388, 133.075, 129.988
642.617, 142.773, 159.69, 155.985
643.078, 165.388, 133.075, 129.988
643.078, 165.388, 133.075, 129.988
624.156, 161.234, 159.69, 155.985
643.078, 180.772, 133.075, 129.988
643.078, 195.486, 133.075, 130.71
418.338, 23.3303, 53.9695, 52.7172
627.694, 226.157, 133.075, 129.988
637.595, 239.46, 111.635, 109.045
637.595, 252.438, 111.635, 108.323
637.595, 252.438, 111.635, 108.323
637.595, 252.438, 111.635, 108.323
637.595, 265.515, 111.635, 108.323
637.595, 265.515, 111.635, 108.323
637.595, 265.515, 111.635, 108.323
861.415, 35.638, 53.9695, 52.7172
861.415, 35.638, 53.9695, 52.7172
861.415, 35.638, 53.9695, 52.7172
861.415, 35.638, 53.9695, 52.7172
418.338, 23.3303, 53.9695, 52.7172
418.338, 23.3303, 53.9695, 52.7172
418.338, 23.3303, 53.9695, 52.7172
418.338, 23.3303, 53.9695, 52.7172
418.338, 23.3303, 53.9695, 52.7172
418.338, 23.3303, 53.9695, 52.7172
418.338, 23.3303, 53.9695, 52.7172
418.338, 23.3303, 53.9695, 52.7172
418.338, 23.3303, 53.9695, 52.7172
418.338, 23.3303, 53.9695, 52.7172
418.338, 23.3303, 53.9695, 52.7172
418.338, 23.3303, 53.9695, 52.7172
418.338, 23.3303, 53.9695, 52.7172
418.338, 23.3303, 53.9695, 52.7172
418.338, 23.3303, 53.9695, 52.7172
418.338, 23.3303, 53.9695, 52.7172
418.338, 23.3303, 53.9695, 52.7172
418.338, 23.3303, 53.9695, 52.7172
418.338, 23.3303, 53.9695, 52.7172
418.338, 23.3303, 53.9695, 52.7172
418.338, 23.3303, 53.9695, 52.7172
418.338, 23.3303, 53.9695, 52.7172
418.338, 23.3303, 53.9695, 52.7172
637.595, 265.515, 111.635, 108.323
418.338, 23.3303, 53.9695, 52.7172
637.595, 252.438, 111.635, 108.323
418.338, 23.3303, 53.9695, 52.7172
418.338, 23.3303, 53.9695, 52.7172
418.338, 23.3303, 53.9695, 52.7172
418.338, 23.3303, 53.9695, 52.7172
418.338, 23.3303, 53.9695, 52.7172
627.694, 241.542, 133.075, 129.988
627.694, 241.542, 133.075, 129.988
627.694, 241.542, 133.075, 129.988
637.595, 252.438, 111.635, 108.323
637.595, 252.438, 111.635, 108.323
625.258, 252.438, 110.896, 108.323
612.309, 241.542, 133.075, 129.988
612.309, 241.542, 133.075, 129.988
612.309, 241.542, 133.075, 129.988
612.309, 241.542, 133.075, 129.988
612.309, 241.542, 133.075, 129.988
612.309, 241.542, 133.075, 129.988
612.181, 252.438, 110.896, 108.323
418.338, 29.4842, 53.9695, 52.7172
418.338, 29.4842, 53.9695, 52.7172
418.338, 29.4842, 53.9695, 52.7172
418.338, 29.4842, 53.9695, 52.7172
418.338, 29.4842, 53.9695, 52.7172
418.338, 29.4842, 53.9695, 52.7172
418.338, 29.4842, 53.9695, 52.7172
418.338, 29.4842, 53.9695, 52.7172
418.338, 29.4842, 53.9695, 52.7172
418.338, 29.4842, 53.9695, 52.7172
418.338, 29.4842, 53.9695, 52.7172
418.338, 29.4842, 53.9695, 52.7172
418.338, 29.4842, 53.9695, 52.7172
418.338, 29.4842, 53.9695, 52.7172
418.338, 29.4842, 53.9695, 52.7172
418.338, 29.4842, 53.9695, 52.7172
418.338, 29.4842, 53.9695, 52.7172
418.338, 29.4842, 53.9695, 52.7172
418.338, 29.4842, 53.9695, 52.7172
418.338, 29.4842, 53.9695, 52.7172
418.338, 29.4842, 53.9695, 52.7172
418.338, 29.4842, 53.9695, 52.7172
418.338, 29.4842, 53.9695, 52.7172
418.338, 29.4842, 53.9695, 52.7172
418.338, 29.4842, 53.9695, 52.7172
418.338, 29.4842, 53.9695, 52.7172
418.338, 29.4842, 53.9695, 52.7172
418.338, 29.4842, 53.9695, 52.7172
418.338, 29.4842, 53.9695, 52.7172
418.338, 29.4842, 53.9695, 52.7172
418.338, 29.4842, 53.9695, 52.7172
418.338, 29.4842, 53.9695, 52.7172
418.338, 29.4842, 53.9695, 52.7172
418.338, 29.4842, 53.9695, 52.7172
418.338, 29.4842, 53.9695, 52.7172
418.338, 29.4842, 53.9695, 52.7172
418.338, 29.4842, 53.9695, 52.7172
418.338, 29.4842, 53.9695, 52.7172
418.338, 29.4842, 53.9695, 52.7172
418.338, 29.4842, 53.9695, 52.7172
418.338, 29.4842, 53.9695, 52.7172
418.338, 29.4842, 53.9695, 52.7172
418.338, 29.4842, 53.9695, 52.7172
418.338, 29.4842, 53.9695, 52.7172
418.338, 29.4842, 53.9695, 52.7172
418.338, 29.4842, 53.9695, 52.7172
418.338, 29.4842, 53.9695, 52.7172
418.338, 29.4842, 53.9695, 52.7172
586.796, 265.515, 110.896, 108.323
586.796, 265.515, 110.896, 108.323
418.338, 23.3303, 53.9695, 52.7172
599.134, 265.515, 111.635, 108.323
418.338, 23.3303, 53.9695, 52.7172
418.338, 23.3303, 53.9695, 52.7172
418.338, 23.3303, 53.9695, 52.7172
599.134, 252.438, 111.635, 108.323
599.134, 252.438, 111.635, 108.323
599.134, 252.438, 111.635, 108.323
418.338, 23.3303, 53.9695, 52.7172
418.338, 23.3303, 53.9695, 52.7172
418.338, 23.3303, 53.9695, 52.7172
418.338, 23.3303, 53.9695, 52.7172
418.338, 23.3303, 53.9695, 52.7172
418.338, 23.3303, 53.9695, 52.7172
418.338, 23.3303, 53.9695, 52.7172
605.694, 179.696, 159.69, 155.985
612.309, 180.772, 133.075, 129.988
605.694, 161.234, 159.69, 155.985
605.694, 161.234, 159.69, 155.985
605.694, 161.234, 159.69, 155.985
605.694, 161.234, 159.69, 155.985
627.694, 180.772, 133.075, 129.988
627.694, 180.772, 133.075, 129.988
605.694, 179.696, 159.69, 155.985
605.694, 198.158, 159.69, 155.985
612.309, 210.772, 133.075, 129.988
612.309, 210.772, 133.075, 129.988
625.258, 227.054, 110.896, 108.323
612.309, 226.157, 133.075, 129.988
625.258, 239.46, 110.896, 109.045
625.258, 239.46, 110.896, 109.045
625.258, 239.46, 110.896, 109.045
861.415, 35.638, 53.9695, 52.7172
861.415, 35.638, 53.9695, 52.7172
625.258, 252.438, 110.896, 108.323
625.258, 252.438, 110.896, 108.323
861.415, 35.638, 53.9695, 52.7172
612.309, 256.926, 133.075, 129.988
612.309, 256.926, 133.075, 129.988
418.338, 23.3303, 53.9695, 52.7172
418.338, 23.3303, 53.9695, 52.7172
418.338, 23.3303, 53.9695, 52.7172
612.181, 265.515, 110.896, 108.323
418.338, 23.3303, 53.9695, 52.7172
596.925, 256.926, 133.075, 129.988
418.338, 23.3303, 53.9695, 52.7172
418.338, 23.3303, 53.9695, 52.7172
418.338, 23.3303, 53.9695, 52.7172
418.338, 23.3303, 53.9695, 52.7172
418.338, 23.3303, 53.9695, 52.7172
418.338, 23.3303, 53.9695, 52.7172
418.338, 23.3303, 53.9695, 52.7172
418.338, 23.3303, 53.9695, 52.7172
418.338, 23.3303, 53.9695, 52.7172
418.338, 23.3303, 53.9695, 52.7172
418.338, 23.3303, 53.9695, 52.7172
418.338, 23.3303, 53.9695, 52.7172
581.54, 241.542, 133.075, 129.988
581.54, 226.157, 133.075, 129.988
569.54, 216.619, 159.69, 155.985
569.54, 216.619, 159.69, 155.985
569.54, 198.158, 159.69, 155.985
569.54, 198.158, 159.69, 155.985
569.54, 198.158, 159.69, 155.985
569.54, 198.158, 159.69, 155.985
581.54, 210.772, 133.075, 129.988
569.54, 216.619, 159.69, 155.985
569.54, 216.619, 159.69, 155.985
569.54, 216.619, 159.69, 155.985
569.54, 216.619, 159.69, 155.985
569.54, 216.619, 159.69, 155.985
569.54, 216.619, 159.69, 155.985
569.54, 216.619, 159.69, 155.985
569.54, 216.619, 159.69, 155.985
569.54, 216.619, 159.69, 155.985
569.54, 216.619, 159.69, 155.985
566.155, 226.157, 133.075, 129.988
551.079, 198.158, 159.69, 155.985
551.079, 198.158, 159.69, 155.985
551.079, 198.158, 159.69, 155.985
551.079, 198.158, 159.69, 155.985
566.155, 226.157, 133.075, 129.988
566.155, 226.157, 133.075, 129.988
551.079, 216.619, 159.69, 155.985
418.338, 23.3303, 53.9695, 52.7172
418.338, 23.3303, 53.9695, 52.7172
418.338, 23.3303, 53.9695, 52.7172
418.338, 23.3303, 53.9695, 52.7172
418.338, 23.3303, 53.9695, 52.7172
586.796, 277.823, 110.896, 108.323
418.338, 23.3303, 53.9695, 52.7172
418.338, 23.3303, 53.9695, 52.7172
418.338, 23.3303, 53.9695, 52.7172
418.338, 23.3303, 53.9695, 52.7172
418.338, 23.3303, 53.9695, 52.7172
418.338, 23.3303, 53.9695, 52.7172
418.338, 23.3303, 53.9695, 52.7172
418.338, 23.3303, 53.9695, 52.7172
418.338, 23.3303, 53.9695, 52.7172
418.338, 23.3303, 53.9695, 52.7172
418.338, 23.3303, 53.9695, 52.7172
418.338, 23.3303, 53.9695, 52.7172
418.338, 23.3303, 53.9695, 52.7172
861.415, 35.638, 53.9695, 52.7172
861.415, 35.638, 53.9695, 52.7172
861.415, 35.638, 53.9695, 52.7172
861.415, 35.638, 53.9695, 52.7172
418.338, 23.3303, 53.9695, 52.7172
418.338, 23.3303, 53.9695, 52.7172
418.338, 23.3303, 53.9695, 52.7172
418.338, 23.3303, 53.9695, 52.7172
418.338, 23.3303, 53.9695, 52.7172
418.338, 23.3303, 53.9695, 52.7172
418.338, 23.3303, 53.9695, 52.7172
418.338, 23.3303, 53.9695, 52.7172
418.338, 23.3303, 53.9695, 52.7172
861.415, 29.4842, 53.9695, 52.7172
861.415, 29.4842, 53.9695, 52.7172
861.415, 29.4842, 53.9695, 52.7172
418.338, 23.3303, 53.9695, 52.7172
418.338, 23.3303, 53.9695, 52.7172
418.338, 23.3303, 53.9695, 52.7172
418.338, 23.3303, 53.9695, 52.7172
418.338, 23.3303, 53.9695, 52.7172
418.338, 23.3303, 53.9695, 52.7172
418.338, 23.3303, 53.9695, 52.7172
418.338, 23.3303, 53.9695, 52.7172
418.338, 23.3303, 53.9695, 52.7172
418.338, 23.3303, 53.9695, 52.7172
418.338, 23.3303, 53.9695, 52.7172
418.338, 23.3303, 53.9695, 52.7172
418.338, 23.3303, 53.9695, 52.7172
596.925, 272.311, 133.075, 129.988
599.134, 265.515, 111.635, 108.323
581.54, 241.542, 133.075, 129.988
581.54, 241.542, 133.075, 129.988
551.079, 216.619, 159.69, 155.985
551.079, 216.619, 159.69, 155.985
551.079, 216.619, 159.69, 155.985
551.079, 216.619, 159.69, 155.985
551.079, 216.619, 159.69, 155.985
566.155, 241.542, 133.075, 129.988
586.796, 265.515, 110.896, 108.323
586.796, 265.515, 110.896, 108.323
586.796, 277.823, 110.896, 108.323
599.134, 277.823, 111.635, 108.323
599.134, 277.823, 111.635, 108.323
599.134, 277.823, 111.635, 108.323
599.134, 277.823, 111.635, 108.323
599.134, 277.823, 111.635, 108.323
418.338, 23.3303, 53.9695, 52.7172
599.134, 290.9, 111.635, 108.323
596.925, 287.695, 133.075, 129.988
596.925, 287.695, 133.075, 129.988
596.925, 287.695, 133.075, 129.988
599.134, 290.9, 111.635, 108.323
596.925, 287.695, 133.075, 129.988
418.338, 23.3303, 53.9695, 52.7172
418.338, 23.3303, 53.9695, 52.7172
418.338, 23.3303, 53.9695, 52.7172
418.338, 23.3303, 53.9695, 52.7172
418.338, 23.3303, 53.9695, 52.7172
418.338, 23.3303, 53.9695, 52.7172
418.338, 23.3303, 53.9695, 52.7172
418.338, 23.3303, 53.9695, 52.7172
418.338, 23.3303, 53.9695, 52.7172
418.338, 23.3303, 53.9695, 52.7172
596.925, 287.695, 133.075, 129.988
418.338, 23.3303, 53.9695, 52.7172
596.925, 272.311, 133.075, 129.988
861.415, 35.638, 53.9695, 52.7172
612.181, 290.9, 110.896, 108.323
418.338, 23.3303, 53.9695, 52.7172
418.338, 23.3303, 53.9695, 52.7172
418.338, 23.3303, 53.9695, 52.7172
612.181, 290.9, 110.896, 108.323
861.415, 35.638, 53.9695, 52.7172
612.181, 277.823, 110.896, 108.323
612.181, 277.823, 110.896, 108.323
861.415, 35.638, 53.9695, 52.7172
596.925, 272.311, 133.075, 129.988
861.415, 35.638, 53.9695, 52.7172
861.415, 29.4842, 53.9695, 52.7172
861.415, 35.638, 53.9695, 52.7172
861.415, 35.638, 53.9695, 52.7172
861.415, 35.638, 53.9695, 52.7172
861.415, 35.638, 53.9695, 52.7172
861.415, 29.4842, 53.9695, 52.7172
861.415, 29.4842, 53.9695, 52.7172
861.415, 29.4842, 53.9695, 52.7172
861.415, 29.4842, 53.9695, 52.7172
861.415, 29.4842, 53.9695, 52.7172
418.338, 23.3303, 53.9695, 52.7172
418.338, 23.3303, 53.9695, 52.7172
861.415, 29.4842, 53.9695, 52.7172
418.338, 23.3303, 53.9695, 52.7172
418.338, 23.3303, 53.9695, 52.7172
418.338, 23.3303, 53.9695, 52.7172
418.338, 23.3303, 53.9695, 52.7172
418.338, 23.3303, 53.9695, 52.7172
418.338, 23.3303, 53.9695, 52.7172
418.338, 23.3303, 53.9695, 52.7172
418.338, 23.3303, 53.9695, 52.7172
599.134, 290.9, 111.635, 108.323
418.338, 23.3303, 53.9695, 52.7172
418.338, 23.3303, 53.9695, 52.7172
418.338, 23.3303, 53.9695, 52.7172
418.338, 23.3303, 53.9695, 52.7172
418.338, 23.3303, 53.9695, 52.7172
418.338, 23.3303, 53.9695, 52.7172
418.338, 23.3303, 53.9695, 52.7172
418.338, 23.3303, 53.9695, 52.7172
418.338, 23.3303, 53.9695, 52.7172
418.338, 23.3303, 53.9695, 52.7172
418.338, 23.3303, 53.9695, 52.7172
418.338, 23.3303, 53.9695, 52.7172
418.338, 23.3303, 53.9695, 52.7172
418.338, 23.3303, 53.9695, 52.7172
418.338, 23.3303, 53.9695, 52.7172
418.338, 23.3303, 53.9695, 52.7172
418.338, 23.3303, 53.9695, 52.7172
418.338, 23.3303, 53.9695, 52.7172
418.338, 23.3303, 53.9695, 52.7172
418.338, 23.3303, 53.9695, 52.7172
418.338, 23.3303, 53.9695, 52.7172
418.338, 23.3303, 53.9695, 52.7172
418.338, 23.3303, 53.9695, 52.7172
418.338, 23.3303, 53.9695, 52.7172
418.338, 23.3303, 53.9695, 52.7172
418.338, 23.3303, 53.9695, 52.7172
418.338, 23.3303, 53.9695, 52.7172
418.338, 23.3303, 53.9695, 52.7172
418.338, 23.3303, 53.9695, 52.7172
418.338, 23.3303, 53.9695, 52.7172
418.338, 23.3303, 53.9695, 52.7172
418.338, 23.3303, 53.9695, 52.7172
418.338, 23.3303, 53.9695, 52.7172
418.338, 23.3303, 53.9695, 52.7172
418.338, 23.3303, 53.9695, 52.7172
418.338, 23.3303, 53.9695, 52.7172
418.338, 23.3303, 53.9695, 52.7172
418.338, 23.3303, 53.9695, 52.7172
418.338, 23.3303, 53.9695, 52.7172
418.338, 23.3303, 53.9695, 52.7172
599.134, 290.9, 111.635, 108.323
599.134, 277.823, 111.635, 108.323
599.134, 277.823, 111.635, 108.323
599.134, 265.515, 111.635, 108.323
596.925, 256.926, 133.075, 129.988
596.925, 241.542, 133.075, 129.988
596.925, 241.542, 133.075, 129.988
587.233, 216.619, 159.69, 155.985
612.309, 226.157, 133.075, 129.988
612.309, 226.157, 133.075, 129.988
612.309, 226.157, 133.075, 129.988
605.694, 216.619, 159.69, 155.985
605.694, 216.619, 159.69, 155.985
605.694, 216.619, 159.69, 155.985
605.694, 216.619, 159.69, 155.985
605.694, 216.619, 159.69, 155.985
627.694, 226.157, 133.075, 129.988
624.156, 216.619, 159.69, 155.985
624.156, 216.619, 159.69, 155.985
643.078, 226.157, 133.075, 129.988
643.078, 226.157, 133.075, 129.988
642.617, 198.158, 159.69, 155.985
642.617, 198.158, 159.69, 155.985
642.617, 198.158, 159.69, 155.985
642.617, 198.158, 159.69, 155.985
658.463, 210.772, 133.075, 129.988
642.617, 198.158, 159.69, 155.985
658.463, 210.772, 133.075, 129.988
658.463, 210.772, 133.075, 129.988
643.078, 210.772, 133.075, 129.988
643.078, 210.772, 133.075, 129.988
650.642, 239.46, 110.896, 109.045
418.338, 23.3303, 53.9695, 52.7172
418.338, 23.3303, 53.9695, 52.7172
418.338, 23.3303, 53.9695, 52.7172
637.595, 252.438, 111.635, 108.323
637.595, 252.438, 111.635, 108.323
418.338, 23.3303, 53.9695, 52.7172
418.338, 23.3303, 53.9695, 52.7172
861.415, 35.638, 53.9695, 52.7172
861.415, 35.638, 53.9695, 52.7172
861.415, 35.638, 53.9695, 52.7172
861.415, 35.638, 53.9695, 52.7172
418.338, 23.3303, 53.9695, 52.7172
418.338, 23.3303, 53.9695, 52.7172
418.338, 23.3303, 53.9695, 52.7172
418.338, 23.3303, 53.9695, 52.7172
418.338, 23.3303, 53.9695, 52.7172
418.338, 23.3303, 53.9695, 52.7172
418.338, 23.3303, 53.9695, 52.7172
418.338, 23.3303, 53.9695, 52.7172
418.338, 23.3303, 53.9695, 52.7172
627.694, 256.926, 133.075, 129.988
418.338, 23.3303, 53.9695, 52.7172
418.338, 23.3303, 53.9695, 52.7172
612.309, 256.926, 133.075, 129.988
612.181, 252.438, 110.896, 108.323
612.181, 252.438, 110.896, 108.323
418.338, 23.3303, 53.9695, 52.7172
861.415, 35.638, 53.9695, 52.7172
581.54, 241.542, 133.075, 129.988
861.415, 35.638, 53.9695, 52.7172
418.338, 23.3303, 53.9695, 52.7172
418.338, 23.3303, 53.9695, 52.7172
418.338, 23.3303, 53.9695, 52.7172
418.338, 23.3303, 53.9695, 52.7172
418.338, 23.3303, 53.9695, 52.7172
566.155, 241.542, 133.075, 129.988
566.155, 241.542, 133.075, 129.988
418.338, 23.3303, 53.9695, 52.7172
418.338, 23.3303, 53.9695, 52.7172
550.771, 241.542, 133.075, 129.988
550.771, 241.542, 133.075, 129.988
550.771, 241.542, 133.075, 129.988
550.771, 241.542, 133.075, 129.988
550.771, 241.542, 133.075, 129.988
550.771, 241.542, 133.075, 129.988
550.771, 241.542, 133.075, 129.988
418.338, 23.3303, 53.9695, 52.7172
418.338, 23.3303, 53.9695, 52.7172
418.338, 23.3303, 53.9695, 52.7172
535.386, 241.542, 133.075, 129.988
535.386, 241.542, 133.075, 129.988
535.386, 241.542, 133.075, 129.988
418.338, 23.3303, 53.9695, 52.7172
418.338, 23.3303, 53.9695, 52.7172
418.338, 23.3303, 53.9695, 52.7172
418.338, 23.3303, 53.9695, 52.7172
418.338, 23.3303, 53.9695, 52.7172
418.338, 23.3303, 53.9695, 52.7172
418.338, 23.3303, 53.9695, 52.7172
418.338, 23.3303, 53.9695, 52.7172
418.338, 23.3303, 53.9695, 52.7172
520.031, 256.926, 133.815, 129.988
418.338, 23.3303, 53.9695, 52.7172
522.95, 265.515, 110.896, 108.323
522.95, 265.515, 110.896, 108.323
418.338, 23.3303, 53.9695, 52.7172
418.338, 23.3303, 53.9695, 52.7172
418.338, 23.3303, 53.9695, 52.7172
418.338, 23.3303, 53.9695, 52.7172
418.338, 23.3303, 53.9695, 52.7172
418.338, 23.3303, 53.9695, 52.7172
861.415, 29.4842, 53.9695, 52.7172
861.415, 29.4842, 53.9695, 52.7172
861.415, 29.4842, 53.9695, 52.7172
548.335, 252.438, 110.896, 108.323
861.415, 29.4842, 53.9695, 52.7172
561.412, 252.438, 110.896, 108.323
561.412, 252.438, 110.896, 108.323
573.749, 252.438, 111.635, 108.323
566.155, 241.542, 133.075, 129.988
586.796, 252.438, 110.896, 108.323
586.796, 252.438, 110.896, 108.323
581.54, 241.542, 133.075, 129.988
599.134, 239.46, 111.635, 109.045
596.925, 241.542, 133.075, 129.988
612.181, 252.438, 110.896, 108.323
612.181, 252.438, 110.896, 108.323
418.338, 23.3303, 53.9695, 52.7172
625.258, 265.515, 110.896, 108.323
418.338, 23.3303, 53.9695, 52.7172
418.338, 23.3303, 53.9695, 52.7172
418.338, 23.3303, 53.9695, 52.7172
418.338, 23.3303, 53.9695, 52.7172
418.338, 23.3303, 53.9695, 52.7172
418.338, 23.3303, 53.9695, 52.7172
418.338, 23.3303, 53.9695, 52.7172
418.338, 23.3303, 53.9695, 52.7172
418.338, 23.3303, 53.9695, 52.7172
418.338, 23.3303, 53.9695, 52.7172
418.338, 23.3303, 53.9695, 52.7172
418.338, 23.3303, 53.9695, 52.7172
418.338, 23.3303, 53.9695, 52.7172
418.338, 23.3303, 53.9695, 52.7172
418.338, 23.3303, 53.9695, 52.7172
418.338, 23.3303, 53.9695, 52.7172
418.338, 23.3303, 53.9695, 52.7172
418.338, 23.3303, 53.9695, 52.7172
418.338, 23.3303, 53.9695, 52.7172
418.338, 23.3303, 53.9695, 52.7172
418.338, 23.3303, 53.9695, 52.7172
418.338, 23.3303, 53.9695, 52.7172
418.338, 23.3303, 53.9695, 52.7172
418.338, 23.3303, 53.9695, 52.7172
418.338, 23.3303, 53.9695, 52.7172
418.338, 23.3303, 53.9695, 52.7172
418.338, 23.3303, 53.9695, 52.7172
418.338, 23.3303, 53.9695, 52.7172
418.338, 23.3303, 53.9695, 52.7172
418.338, 23.3303, 53.9695, 52.7172
418.338, 23.3303, 53.9695, 52.7172
418.338, 23.3303, 53.9695, 52.7172
418.338, 23.3303, 53.9695, 52.7172
418.338, 23.3303, 53.9695, 52.7172
418.338, 23.3303, 53.9695, 52.7172
418.338, 23.3303, 53.9695, 52.7172
418.338, 23.3303, 53.9695, 52.7172
418.338, 23.3303, 53.9695, 52.7172
418.338, 23.3303, 53.9695, 52.7172
418.338, 23.3303, 53.9695, 52.7172
418.338, 23.3303, 53.9695, 52.7172
418.338, 23.3303, 53.9695, 52.7172
418.338, 23.3303, 53.9695, 52.7172
418.338, 23.3303, 53.9695, 52.7172
418.338, 23.3303, 53.9695, 52.7172
418.338, 23.3303, 53.9695, 52.7172
418.338, 23.3303, 53.9695, 52.7172
418.338, 23.3303, 53.9695, 52.7172
418.338, 23.3303, 53.9695, 52.7172
418.338, 23.3303, 53.9695, 52.7172
418.338, 23.3303, 53.9695, 52.7172
418.338, 23.3303, 53.9695, 52.7172
418.338, 23.3303, 53.9695, 52.7172
418.338, 23.3303, 53.9695, 52.7172
418.338, 23.3303, 53.9695, 52.7172
418.338, 23.3303, 53.9695, 52.7172
418.338, 23.3303, 53.9695, 52.7172
418.338, 23.3303, 53.9695, 52.7172
418.338, 23.3303, 53.9695, 52.7172
418.338, 23.3303, 53.9695, 52.7172
418.338, 23.3303, 53.9695, 52.7172
418.338, 23.3303, 53.9695, 52.7172
418.338, 23.3303, 53.9695, 52.7172
418.338, 23.3303, 53.9695, 52.7172
418.338, 23.3303, 53.9695, 52.7172
418.338, 23.3303, 53.9695, 52.7172
418.338, 23.3303, 53.9695, 52.7172
418.338, 23.3303, 53.9695, 52.7172
418.338, 23.3303, 53.9695, 52.7172
418.338, 23.3303, 53.9695, 52.7172
418.338, 23.3303, 53.9695, 52.7172
418.338, 23.3303, 53.9695, 52.7172
418.338, 23.3303, 53.9695, 52.7172
418.338, 23.3303, 53.9695, 52.7172
418.338, 23.3303, 53.9695, 52.7172
418.338, 23.3303, 53.9695, 52.7172
418.338, 23.3303, 53.9695, 52.7172
418.338, 23.3303, 53.9695, 52.7172
418.338, 23.3303, 53.9695, 52.7172
418.338, 23.3303, 53.9695, 52.7172
418.338, 23.3303, 53.9695, 52.7172
418.338, 23.3303, 53.9695, 52.7172
418.338, 23.3303, 53.9695, 52.7172
418.338, 23.3303, 53.9695, 52.7172
418.338, 23.3303, 53.9695, 52.7172
418.338, 23.3303, 53.9695, 52.7172
418.338, 23.3303, 53.9695, 52.7172
418.338, 23.3303, 53.9695, 52.7172
418.338, 23.3303, 53.9695, 52.7172
418.338, 23.3303, 53.9695, 52.7172
418.338, 23.3303, 53.9695, 52.7172
418.338, 23.3303, 53.9695, 52.7172
418.338, 23.3303, 53.9695, 52.7172
418.338, 23.3303, 53.9695, 52.7172
418.338, 23.3303, 53.9695, 52.7172
418.338, 23.3303, 53.9695, 52.7172
418.338, 23.3303, 53.9695, 52.7172
418.338, 23.3303, 53.9695, 52.7172
418.338, 23.3303, 53.9695, 52.7172
418.338, 23.3303, 53.9695, 52.7172
418.338, 23.3303, 53.9695, 52.7172
418.338, 23.3303, 53.9695, 52.7172
418.338, 23.3303, 53.9695, 52.7172
418.338, 23.3303, 53.9695, 52.7172
418.338, 23.3303, 53.9695, 52.7172
418.338, 23.3303, 53.9695, 52.7172
418.338, 23.3303, 53.9695, 52.7172
418.338, 23.3303, 53.9695, 52.7172
418.338, 23.3303, 53.9695, 52.7172
418.338, 23.3303, 53.9695, 52.7172
418.338, 23.3303, 53.9695, 52.7172
418.338, 23.3303, 53.9695, 52.7172
418.338, 23.3303, 53.9695, 52.7172
418.338, 23.3303, 53.9695, 52.7172
418.338, 23.3303, 53.9695, 52.7172
418.338, 23.3303, 53.9695, 52.7172
418.338, 23.3303, 53.9695, 52.7172
418.338, 23.3303, 53.9695, 52.7172
418.338, 23.3303, 53.9695, 52.7172
418.338, 23.3303, 53.9695, 52.7172
418.338, 23.3303, 53.9695, 52.7172
418.338, 23.3303, 53.9695, 52.7172
418.338, 23.3303, 53.9695, 52.7172
418.338, 23.3303, 53.9695, 52.7172
418.338, 23.3303, 53.9695, 52.7172
418.338, 23.3303, 53.9695, 52.7172
418.338, 23.3303, 53.9695, 52.7172
418.338, 23.3303, 53.9695, 52.7172
418.338, 23.3303, 53.9695, 52.7172
418.338, 23.3303, 53.9695, 52.7172
418.338, 23.3303, 53.9695, 52.7172
418.338, 23.3303, 53.9695, 52.7172
418.338, 23.3303, 53.9695, 52.7172
418.338, 23.3303, 53.9695, 52.7172
418.338, 23.3303, 53.9695, 52.7172
418.338, 23.3303, 53.9695, 52.7172
418.338, 23.3303, 53.9695, 52.7172
612.181, 277.823, 110.896, 108.323
612.181, 277.823, 110.896, 108.323
418.338, 23.3303, 53.9695, 52.7172
418.338, 23.3303, 53.9695, 52.7172
418.338, 23.3303, 53.9695, 52.7172
418.338, 23.3303, 53.9695, 52.7172
418.338, 23.3303, 53.9695, 52.7172
418.338, 23.3303, 53.9695, 52.7172
418.338, 23.3303, 53.9695, 52.7172
418.338, 23.3303, 53.9695, 52.7172
418.338, 23.3303, 53.9695, 52.7172
418.338, 23.3303, 53.9695, 52.7172
418.338, 23.3303, 53.9695, 52.7172
418.338, 23.3303, 53.9695, 52.7172
418.338, 23.3303, 53.9695, 52.7172
418.338, 23.3303, 53.9695, 52.7172
418.338, 23.3303, 53.9695, 52.7172
418.338, 23.3303, 53.9695, 52.7172
418.338, 23.3303, 53.9695, 52.7172
418.338, 23.3303, 53.9695, 52.7172
418.338, 23.3303, 53.9695, 52.7172
418.338, 23.3303, 53.9695, 52.7172
418.338, 23.3303, 53.9695, 52.7172
418.338, 23.3303, 53.9695, 52.7172
418.338, 23.3303, 53.9695, 52.7172
418.338, 23.3303, 53.9695, 52.7172
418.338, 23.3303, 53.9695, 52.7172
418.338, 23.3303, 53.9695, 52.7172
418.338, 23.3303, 53.9695, 52.7172
418.338, 23.3303, 53.9695, 52.7172
418.338, 23.3303, 53.9695, 52.7172
418.338, 23.3303, 53.9695, 52.7172
418.338, 23.3303, 53.9695, 52.7172
418.338, 23.3303, 53.9695, 52.7172
418.338, 23.3303, 53.9695, 52.7172
596.925, 210.772, 133.075, 129.988
596.925, 195.486, 133.075, 130.71
596.925, 180.772, 133.075, 129.988
569.54, 142.773, 159.69, 155.985
569.54, 142.773, 159.69, 155.985
569.54, 142.773, 159.69, 155.985
569.54, 142.773, 159.69, 155.985
569.54, 124.311, 159.69, 155.985
569.54, 124.311, 159.69, 155.985
569.54, 124.311, 159.69, 155.985
569.54, 142.773, 159.69, 155.985
569.54, 142.773, 159.69, 155.985
569.54, 161.234, 159.69, 155.985
596.925, 195.486, 133.075, 130.71
