612.309, 272.311, 133.075, 129.988
612.309, 272.311, 133.075, 129.988
612.309, 272.311, 133.075, 129.988
612.309, 272.311, 133.075, 129.988
612.309, 272.311, 133.075, 129.988
612.309, 272.311, 133.075, 129.988
612.309, 272.311, 133.075, 129.988
612.309, 272.311, 133.075, 129.988
612.309, 272.311, 133.075, 129.988
612.309, 272.311, 133.075, 129.988
612.309, 272.311, 133.075, 129.988
612.309, 272.311, 133.075, 129.988
612.309, 272.311, 133.075, 129.988
612.309, 272.311, 133.075, 129.988
612.309, 272.311, 133.075, 129.988
612.309, 272.311, 133.075, 129.988
612.309, 272.311, 133.075, 129.988
612.309, 272.311, 133.075, 129.988
612.309, 272.311, 133.075, 129.988
596.925, 272.311, 133.075, 129.988
596.925, 272.311, 133.075, 129.988
596.925, 272.311, 133.075, 129.988
596.925, 272.311, 133.075, 129.988
612.309, 272.311, 133.075, 129.988
596.925, 272.311, 133.075, 129.988
596.925, 272.311, 133.075, 129.988
596.925, 272.311, 133.075, 129.988
596.925, 272.311, 133.075, 129.988
596.925, 272.311, 133.075, 129.988
596.925, 272.311, 133.075, 129.988
596.925, 272.311, 133.075, 129.988
596.925, 272.311, 133.075, 129.988
596.925, 272.311, 133.075, 129.988
596.925, 256.926, 133.075, 129.988
596.925, 256.926, 133.075, 129.988
596.925, 256.926, 133.075, 129.988
596.925, 256.926, 133.075, 129.988
596.925, 256.926, 133.075, 129.988
596.925, 256.926, 133.075, 129.988
596.925, 256.926, 133.075, 129.988
596.925, 256.926, 133.075, 129.988
596.925, 241.542, 133.075, 129.988
596.925, 241.542, 133.075, 129.988
596.925, 241.542, 133.075, 129.988
596.925, 241.542, 133.075, 129.988
596.925, 241.542, 133.075, 129.988
596.925, 241.542, 133.075, 129.988
596.925, 241.542, 133.075, 129.988
596.925, 241.542, 133.075, 129.988
587.233, 235.081, 159.69, 155.985
587.233, 216.619, 159.69, 155.985
587.233, 216.619, 159.69, 155.985
587.233, 216.619, 159.69, 155.985
587.233, 216.619, 159.69, 155.985
587.233, 216.619, 159.69, 155.985
587.233, 216.619, 159.69, 155.985
596.925, 226.157, 133.075, 129.988
596.925, 226.157, 133.075, 129.988
596.925, 226.157, 133.075, 129.988
596.925, 226.157, 133.075, 129.988
587.233, 216.619, 159.69, 155.985
587.233, 216.619, 159.69, 155.985
587.233, 216.619, 159.69, 155.985
587.233, 216.619, 159.69, 155.985
587.233, 216.619, 159.69, 155.985
587.233, 216.619, 159.69, 155.985
587.233, 216.619, 159.69, 155.985
587.233, 216.619, 159.69, 155.985
587.233, 216.619, 159.69, 155.985
587.233, 216.619, 159.69, 155.985
587.233, 216.619, 159.69, 155.985
587.233, 216.619, 159.69, 155.985
587.233, 216.619, 159.69, 155.985
587.233, 216.619, 159.69, 155.985
612.309, 226.157, 133.075, 129.988
612.309, 226.157, 133.075, 129.988
612.309, 226.157, 133.075, 129.988
612.309, 226.157, 133.075, 129.988
612.309, 226.157, 133.075, 129.988
612.309, 226.157, 133.075, 129.988
612.309, 226.157, 133.075, 129.988
612.309, 226.157, 133.075, 129.988
612.309, 226.157, 133.075, 129.988
612.309, 226.157, 133.075, 129.988
612.309, 226.157, 133.075, 129.988
612.309, 226.157, 133.075, 129.988
612.309, 226.157, 133.075, 129.988
612.309, 226.157, 133.075, 129.988
612.309, 226.157, 133.075, 129.988
605.694, 216.619, 159.69, 155.985
605.694, 216.619, 159.69, 155.985
605.694, 216.619, 159.69, 155.985
605.694, 216.619, 159.69, 155.985
627.694, 226.157, 133.075, 129.988
627.694, 226.157, 133.075, 129.988
627.694, 226.157, 133.075, 129.988
624.156, 216.619, 159.69, 155.985
624.156, 216.619, 159.69, 155.985
624.156, 216.619, 159.69, 155.985
643.078, 226.157, 133.075, 129.988
643.078, 226.157, 133.075, 129.988
642.617, 216.619, 159.69, 155.985
642.617, 216.619, 159.69, 155.985
642.617, 216.619, 159.69, 155.985
658.463, 226.157, 133.075, 129.988
658.463, 226.157, 133.075, 129.988
658.463, 241.542, 133.075, 129.988
642.617, 235.081, 159.69, 155.985
642.617, 235.081, 159.69, 155.985
658.463, 256.926, 133.075, 129.988
643.078, 272.311, 133.075, 129.988
643.078, 272.311, 133.075, 129.988
643.078, 287.695, 133.075, 129.988
643.078, 287.695, 133.075, 129.988
643.078, 303.08, 133.075, 129.988
643.078, 303.08, 133.075, 129.988
643.078, 303.08, 133.075, 129.988
643.078, 303.08, 133.075, 129.988
662.98, 316.285, 111.635, 108.323
662.98, 316.285, 111.635, 108.323
662.98, 316.285, 111.635, 108.323
662.98, 316.285, 111.635, 108.323
662.98, 316.285, 111.635, 108.323
662.98, 316.285, 111.635, 108.323
658.463, 318.465, 133.075, 129.988
658.463, 318.465, 133.075, 129.988
658.463, 318.465, 133.075, 129.988
658.463, 318.465, 133.075, 129.988
658.463, 318.465, 133.075, 129.988
658.463, 318.465, 133.075, 129.988
658.463, 318.465, 133.075, 129.988
658.463, 318.465, 133.075, 129.988
658.463, 318.465, 133.075, 129.988
658.463, 318.465, 133.075, 129.988
658.463, 318.465, 133.075, 129.988
658.463, 318.465, 133.075, 129.988
658.463, 318.465, 133.075, 129.988
658.463, 318.465, 133.075, 129.988
658.463, 318.465, 133.075, 129.988
658.463, 318.465, 133.075, 129.988
658.463, 318.465, 133.075, 129.988
658.463, 318.465, 133.075, 129.988
658.463, 318.465, 133.075, 129.988
658.463, 318.465, 133.075, 129.988
658.463, 318.465, 133.075, 129.988
658.463, 318.465, 133.075, 129.988
658.463, 318.465, 133.075, 129.988
658.463, 303.08, 133.075, 129.988
642.617, 289.696, 159.69, 155.985
642.617, 289.696, 159.69, 155.985
642.617, 289.696, 159.69, 155.985
642.617, 289.696, 159.69, 155.985
642.617, 289.696, 159.69, 155.985
642.617, 289.696, 159.69, 155.985
658.463, 303.08, 133.075, 129.988
658.463, 303.08, 133.075, 129.988
658.463, 303.08, 133.075, 129.988
643.078, 303.08, 133.075, 129.988
643.078, 287.695, 133.075, 129.988
643.078, 287.695, 133.075, 129.988
643.078, 287.695, 133.075, 129.988
643.078, 287.695, 133.075, 129.988
643.078, 287.695, 133.075, 129.988
643.078, 287.695, 133.075, 129.988
643.078, 287.695, 133.075, 129.988
643.078, 287.695, 133.075, 129.988
643.078, 287.695, 133.075, 129.988
643.078, 287.695, 133.075, 129.988
643.078, 287.695, 133.075, 129.988
643.078, 287.695, 133.075, 129.988
643.078, 287.695, 133.075, 129.988
643.078, 272.311, 133.075, 129.988
643.078, 272.311, 133.075, 129.988
643.078, 272.311, 133.075, 129.988
643.078, 272.311, 133.075, 129.988
643.078, 272.311, 133.075, 129.988
643.078, 272.311, 133.075, 129.988
624.156, 253.542, 159.69, 155.985
624.156, 253.542, 159.69, 155.985
643.078, 272.311, 133.075, 129.988
643.078, 272.311, 133.075, 129.988
624.156, 253.542, 159.69, 155.985
624.156, 253.542, 159.69, 155.985
624.156, 253.542, 159.69, 155.985
643.078, 272.311, 133.075, 129.988
624.156, 253.542, 159.69, 155.985
624.156, 253.542, 159.69, 155.985
624.156, 253.542, 159.69, 155.985
624.156, 253.542, 159.69, 155.985
624.156, 253.542, 159.69, 155.985
624.156, 253.542, 159.69, 155.985
624.156, 253.542, 159.69, 155.985
624.156, 253.542, 159.69, 155.985
643.078, 256.926, 133.075, 129.988
642.617, 253.542, 159.69, 155.985
642.617, 235.081, 159.69, 155.985
642.617, 235.081, 159.69, 155.985
642.617, 235.081, 159.69, 155.985
642.617, 235.081, 159.69, 155.985
642.617, 235.081, 159.69, 155.985
642.617, 235.081, 159.69, 155.985
642.617, 235.081, 159.69, 155.985
642.617, 235.081, 159.69, 155.985
642.617, 235.081, 159.69, 155.985
642.617, 235.081, 159.69, 155.985
658.463, 241.542, 133.075, 129.988
658.463, 241.542, 133.075, 129.988
642.617, 235.081, 159.69, 155.985
642.617, 235.081, 159.69, 155.985
642.617, 235.081, 159.69, 155.985
642.617, 235.081, 159.69, 155.985
642.617, 235.081, 159.69, 155.985
642.617, 235.081, 159.69, 155.985
642.617, 235.081, 159.69, 155.985
642.617, 235.081, 159.69, 155.985
642.617, 235.081, 159.69, 155.985
642.617, 235.081, 159.69, 155.985
658.463, 256.926, 133.075, 129.988
642.617, 253.542, 159.69, 155.985
658.463, 272.311, 133.075, 129.988
643.078, 272.311, 133.075, 129.988
624.156, 253.542, 159.69, 155.985
643.078, 287.695, 133.075, 129.988
643.078, 287.695, 133.075, 129.988
643.078, 287.695, 133.075, 129.988
643.078, 287.695, 133.075, 129.988
643.078, 287.695, 133.075, 129.988
643.078, 287.695, 133.075, 129.988
662.98, 303.306, 111.635, 109.045
643.078, 303.08, 133.075, 129.988
643.078, 303.08, 133.075, 129.988
643.078, 303.08, 133.075, 129.988
643.078, 303.08, 133.075, 129.988
643.078, 303.08, 133.075, 129.988
643.078, 303.08, 133.075, 129.988
643.078, 287.695, 133.075, 129.988
643.078, 303.08, 133.075, 129.988
643.078, 287.695, 133.075, 129.988
643.078, 287.695, 133.075, 129.988
643.078, 287.695, 133.075, 129.988
658.463, 303.08, 133.075, 129.988
643.078, 287.695, 133.075, 129.988
658.463, 287.695, 133.075, 129.988
658.463, 287.695, 133.075, 129.988
658.463, 287.695, 133.075, 129.988
658.463, 287.695, 133.075, 129.988
658.463, 287.695, 133.075, 129.988
658.463, 287.695, 133.075, 129.988
658.463, 287.695, 133.075, 129.988
658.463, 287.695, 133.075, 129.988
658.463, 287.695, 133.075, 129.988
658.463, 287.695, 133.075, 129.988
658.463, 287.695, 133.075, 129.988
658.463, 287.695, 133.075, 129.988
658.463, 287.695, 133.075, 129.988
658.463, 287.695, 133.075, 129.988
658.463, 287.695, 133.075, 129.988
658.463, 287.695, 133.075, 129.988
658.463, 287.695, 133.075, 129.988
658.463, 287.695, 133.075, 129.988
658.463, 287.695, 133.075, 129.988
658.463, 287.695, 133.075, 129.988
658.463, 287.695, 133.075, 129.988
658.463, 287.695, 133.075, 129.988
658.463, 287.695, 133.075, 129.988
658.463, 287.695, 133.075, 129.988
658.463, 287.695, 133.075, 129.988
658.463, 287.695, 133.075, 129.988
658.463, 287.695, 133.075, 129.988
658.463, 287.695, 133.075, 129.988
658.463, 287.695, 133.075, 129.988
658.463, 287.695, 133.075, 129.988
643.078, 287.695, 133.075, 129.988
643.078, 287.695, 133.075, 129.988
643.078, 287.695, 133.075, 129.988
643.078, 287.695, 133.075, 129.988
643.078, 287.695, 133.075, 129.988
643.078, 287.695, 133.075, 129.988
643.078, 287.695, 133.075, 129.988
643.078, 287.695, 133.075, 129.988
643.078, 287.695, 133.075, 129.988
643.078, 287.695, 133.075, 129.988
643.078, 287.695, 133.075, 129.988
643.078, 287.695, 133.075, 129.988
643.078, 287.695, 133.075, 129.988
643.078, 287.695, 133.075, 129.988
643.078, 287.695, 133.075, 129.988
643.078, 287.695, 133.075, 129.988
627.694, 287.695, 133.075, 129.988
627.694, 287.695, 133.075, 129.988
627.694, 287.695, 133.075, 129.988
627.694, 287.695, 133.075, 129.988
627.694, 287.695, 133.075, 129.988
612.309, 287.695, 133.075, 129.988
612.309, 287.695, 133.075, 129.988
612.309, 287.695, 133.075, 129.988
612.309, 287.695, 133.075, 129.988
596.925, 287.695, 133.075, 129.988
596.925, 287.695, 133.075, 129.988
596.925, 287.695, 133.075, 129.988
569.54, 271.234, 159.69, 155.985
581.54, 287.695, 133.075, 129.988
581.54, 287.695, 133.075, 129.988
581.54, 287.695, 133.075, 129.988
566.155, 287.695, 133.075, 129.988
566.155, 287.695, 133.075, 129.988
566.155, 287.695, 133.075, 129.988
550.771, 287.695, 133.075, 129.988
550.771, 287.695, 133.075, 129.988
550.771, 287.695, 133.075, 129.988
535.386, 287.695, 133.075, 129.988
535.386, 287.695, 133.075, 129.988
535.386, 287.695, 133.075, 129.988
535.386, 287.695, 133.075, 129.988
520.031, 287.695, 133.815, 129.988
520.031, 287.695, 133.815, 129.988
520.031, 303.08, 133.815, 129.988
520.031, 303.08, 133.815, 129.988
520.031, 303.08, 133.815, 129.988
495.694, 289.696, 159.69, 155.985
504.647, 303.08, 133.815, 129.988
504.647, 303.08, 133.815, 129.988
504.647, 303.08, 133.815, 129.988
504.647, 303.08, 133.815, 129.988
504.647, 287.695, 133.815, 129.988
504.647, 287.695, 133.815, 129.988
504.647, 287.695, 133.815, 129.988
504.647, 287.695, 133.815, 129.988
495.694, 271.234, 159.69, 155.985
495.694, 271.234, 159.69, 155.985
495.694, 271.234, 159.69, 155.985
495.694, 271.234, 159.69, 155.985
520.031, 287.695, 133.815, 129.988
520.031, 287.695, 133.815, 129.988
520.031, 287.695, 133.815, 129.988
520.031, 287.695, 133.815, 129.988
520.031, 287.695, 133.815, 129.988
520.031, 272.311, 133.815, 129.988
514.156, 253.542, 159.69, 155.985
514.156, 253.542, 159.69, 155.985
514.156, 253.542, 159.69, 155.985
514.156, 253.542, 159.69, 155.985
535.386, 272.311, 133.075, 129.988
535.386, 272.311, 133.075, 129.988
535.386, 272.311, 133.075, 129.988
535.386, 272.311, 133.075, 129.988
535.386, 272.311, 133.075, 129.988
535.386, 256.926, 133.075, 129.988
535.386, 272.311, 133.075, 129.988
535.386, 272.311, 133.075, 129.988
535.386, 272.311, 133.075, 129.988
532.617, 253.542, 159.69, 155.985
532.617, 253.542, 159.69, 155.985
550.771, 272.311, 133.075, 129.988
550.771, 256.926, 133.075, 129.988
550.771, 256.926, 133.075, 129.988
550.771, 256.926, 133.075, 129.988
550.771, 256.926, 133.075, 129.988
550.771, 256.926, 133.075, 129.988
550.771, 256.926, 133.075, 129.988
550.771, 272.311, 133.075, 129.988
550.771, 272.311, 133.075, 129.988
550.771, 272.311, 133.075, 129.988
550.771, 272.311, 133.075, 129.988
550.771, 272.311, 133.075, 129.988
550.771, 272.311, 133.075, 129.988
550.771, 272.311, 133.075, 129.988
550.771, 272.311, 133.075, 129.988
550.771, 272.311, 133.075, 129.988
550.771, 272.311, 133.075, 129.988
550.771, 272.311, 133.075, 129.988
550.771, 272.311, 133.075, 129.988
550.771, 272.311, 133.075, 129.988
550.771, 272.311, 133.075, 129.988
550.771, 272.311, 133.075, 129.988
550.771, 272.311, 133.075, 129.988
550.771, 272.311, 133.075, 129.988
550.771, 272.311, 133.075, 129.988
550.771, 272.311, 133.075, 129.988
550.771, 272.311, 133.075, 129.988
550.771, 272.311, 133.075, 129.988
550.771, 272.311, 133.075, 129.988
550.771, 272.311, 133.075, 129.988
550.771, 272.311, 133.075, 129.988
550.771, 272.311, 133.075, 129.988
550.771, 272.311, 133.075, 129.988
566.155, 272.311, 133.075, 129.988
566.155, 272.311, 133.075, 129.988
566.155, 272.311, 133.075, 129.988
566.155, 272.311, 133.075, 129.988
566.155, 272.311, 133.075, 129.988
566.155, 272.311, 133.075, 129.988
566.155, 272.311, 133.075, 129.988
566.155, 272.311, 133.075, 129.988
566.155, 272.311, 133.075, 129.988
566.155, 272.311, 133.075, 129.988
566.155, 272.311, 133.075, 129.988
551.079, 253.542, 159.69, 155.985
566.155, 272.311, 133.075, 129.988
566.155, 272.311, 133.075, 129.988
566.155, 272.311, 133.075, 129.988
566.155, 272.311, 133.075, 129.988
566.155, 272.311, 133.075, 129.988
566.155, 272.311, 133.075, 129.988
566.155, 287.695, 133.075, 129.988
566.155, 287.695, 133.075, 129.988
566.155, 287.695, 133.075, 129.988
566.155, 287.695, 133.075, 129.988
566.155, 287.695, 133.075, 129.988
566.155, 287.695, 133.075, 129.988
566.155, 287.695, 133.075, 129.988
566.155, 287.695, 133.075, 129.988
566.155, 287.695, 133.075, 129.988
566.155, 287.695, 133.075, 129.988
566.155, 287.695, 133.075, 129.988
566.155, 272.311, 133.075, 129.988
566.155, 272.311, 133.075, 129.988
566.155, 272.311, 133.075, 129.988
566.155, 272.311, 133.075, 129.988
566.155, 272.311, 133.075, 129.988
566.155, 272.311, 133.075, 129.988
581.54, 272.311, 133.075, 129.988
569.54, 253.542, 159.69, 155.985
569.54, 253.542, 159.69, 155.985
581.54, 256.926, 133.075, 129.988
581.54, 256.926, 133.075, 129.988
581.54, 256.926, 133.075, 129.988
581.54, 256.926, 133.075, 129.988
581.54, 256.926, 133.075, 129.988
581.54, 256.926, 133.075, 129.988
581.54, 241.542, 133.075, 129.988
581.54, 241.542, 133.075, 129.988
581.54, 241.542, 133.075, 129.988
581.54, 241.542, 133.075, 129.988
581.54, 256.926, 133.075, 129.988
581.54, 256.926, 133.075, 129.988
581.54, 256.926, 133.075, 129.988
566.155, 256.926, 133.075, 129.988
566.155, 272.311, 133.075, 129.988
566.155, 272.311, 133.075, 129.988
566.155, 272.311, 133.075, 129.988
566.155, 272.311, 133.075, 129.988
566.155, 272.311, 133.075, 129.988
566.155, 272.311, 133.075, 129.988
566.155, 287.695, 133.075, 129.988
566.155, 287.695, 133.075, 129.988
566.155, 287.695, 133.075, 129.988
566.155, 287.695, 133.075, 129.988
566.155, 287.695, 133.075, 129.988
566.155, 287.695, 133.075, 129.988
566.155, 287.695, 133.075, 129.988
566.155, 287.695, 133.075, 129.988
566.155, 287.695, 133.075, 129.988
566.155, 303.08, 133.075, 129.988
566.155, 303.08, 133.075, 129.988
566.155, 303.08, 133.075, 129.988
566.155, 303.08, 133.075, 129.988
566.155, 303.08, 133.075, 129.988
566.155, 303.08, 133.075, 129.988
566.155, 303.08, 133.075, 129.988
566.155, 303.08, 133.075, 129.988
566.155, 303.08, 133.075, 129.988
566.155, 303.08, 133.075, 129.988
566.155, 303.08, 133.075, 129.988
566.155, 303.08, 133.075, 129.988
566.155, 303.08, 133.075, 129.988
566.155, 303.08, 133.075, 129.988
566.155, 303.08, 133.075, 129.988
566.155, 303.08, 133.075, 129.988
566.155, 303.08, 133.075, 129.988
566.155, 303.08, 133.075, 129.988
550.771, 287.695, 133.075, 129.988
550.771, 287.695, 133.075, 129.988
550.771, 303.08, 133.075, 129.988
550.771, 287.695, 133.075, 129.988
550.771, 287.695, 133.075, 129.988
566.155, 303.08, 133.075, 129.988
566.155, 303.08, 133.075, 129.988
566.155, 303.08, 133.075, 129.988
566.155, 303.08, 133.075, 129.988
566.155, 303.08, 133.075, 129.988
566.155, 303.08, 133.075, 129.988
566.155, 303.08, 133.075, 129.988
566.155, 303.08, 133.075, 129.988
566.155, 303.08, 133.075, 129.988
550.771, 303.08, 133.075, 129.988
550.771, 303.08, 133.075, 129.988
550.771, 303.08, 133.075, 129.988
550.771, 303.08, 133.075, 129.988
550.771, 287.695, 133.075, 129.988
550.771, 287.695, 133.075, 129.988
550.771, 287.695, 133.075, 129.988
550.771, 287.695, 133.075, 129.988
550.771, 287.695, 133.075, 129.988
550.771, 287.695, 133.075, 129.988
550.771, 287.695, 133.075, 129.988
550.771, 287.695, 133.075, 129.988
550.771, 287.695, 133.075, 129.988
532.617, 271.234, 159.69, 155.985
532.617, 271.234, 159.69, 155.985
532.617, 271.234, 159.69, 155.985
550.771, 272.311, 133.075, 129.988
550.771, 272.311, 133.075, 129.988
550.771, 272.311, 133.075, 129.988
550.771, 272.311, 133.075, 129.988
550.771, 272.311, 133.075, 129.988
550.771, 272.311, 133.075, 129.988
550.771, 272.311, 133.075, 129.988
550.771, 272.311, 133.075, 129.988
550.771, 272.311, 133.075, 129.988
550.771, 272.311, 133.075, 129.988
550.771, 272.311, 133.075, 129.988
550.771, 272.311, 133.075, 129.988
550.771, 272.311, 133.075, 129.988
550.771, 272.311, 133.075, 129.988
550.771, 272.311, 133.075, 129.988
550.771, 287.695, 133.075, 129.988
550.771, 287.695, 133.075, 129.988
550.771, 287.695, 133.075, 129.988
550.771, 287.695, 133.075, 129.988
550.771, 287.695, 133.075, 129.988
550.771, 287.695, 133.075, 129.988
566.155, 287.695, 133.075, 129.988
566.155, 287.695, 133.075, 129.988
566.155, 287.695, 133.075, 129.988
566.155, 287.695, 133.075, 129.988
566.155, 287.695, 133.075, 129.988
566.155, 287.695, 133.075, 129.988
566.155, 287.695, 133.075, 129.988
566.155, 287.695, 133.075, 129.988
566.155, 287.695, 133.075, 129.988
566.155, 287.695, 133.075, 129.988
566.155, 287.695, 133.075, 129.988
581.54, 287.695, 133.075, 129.988
581.54, 287.695, 133.075, 129.988
581.54, 287.695, 133.075, 129.988
581.54, 287.695, 133.075, 129.988
581.54, 287.695, 133.075, 129.988
569.54, 271.234, 159.69, 155.985
569.54, 271.234, 159.69, 155.985
596.925, 287.695, 133.075, 129.988
596.925, 287.695, 133.075, 129.988
596.925, 287.695, 133.075, 129.988
596.925, 287.695, 133.075, 129.988
596.925, 287.695, 133.075, 129.988
596.925, 287.695, 133.075, 129.988
587.233, 271.234, 159.69, 155.985
587.233, 271.234, 159.69, 155.985
612.309, 287.695, 133.075, 129.988
612.309, 287.695, 133.075, 129.988
612.309, 287.695, 133.075, 129.988
612.309, 287.695, 133.075, 129.988
612.309, 287.695, 133.075, 129.988
612.309, 287.695, 133.075, 129.988
612.309, 287.695, 133.075, 129.988
612.309, 287.695, 133.075, 129.988
627.694, 287.695, 133.075, 129.988
627.694, 287.695, 133.075, 129.988
627.694, 287.695, 133.075, 129.988
627.694, 287.695, 133.075, 129.988
627.694, 287.695, 133.075, 129.988
627.694, 287.695, 133.075, 129.988
627.694, 287.695, 133.075, 129.988
627.694, 287.695, 133.075, 129.988
627.694, 287.695, 133.075, 129.988
627.694, 287.695, 133.075, 129.988
605.694, 271.234, 159.69, 155.985
605.694, 271.234, 159.69, 155.985
605.694, 271.234, 159.69, 155.985
605.694, 271.234, 159.69, 155.985
605.694, 271.234, 159.69, 155.985
605.694, 271.234, 159.69, 155.985
605.694, 271.234, 159.69, 155.985
605.694, 271.234, 159.69, 155.985
605.694, 289.696, 159.69, 155.985
627.694, 303.08, 133.075, 129.988
627.694, 303.08, 133.075, 129.988
627.694, 303.08, 133.075, 129.988
627.694, 303.08, 133.075, 129.988
627.694, 303.08, 133.075, 129.988
612.309, 303.08, 133.075, 129.988
612.309, 303.08, 133.075, 129.988
612.309, 303.08, 133.075, 129.988
612.309, 303.08, 133.075, 129.988
612.309, 303.08, 133.075, 129.988
612.309, 303.08, 133.075, 129.988
612.309, 303.08, 133.075, 129.988
612.309, 303.08, 133.075, 129.988
612.309, 303.08, 133.075, 129.988
612.309, 303.08, 133.075, 129.988
612.309, 303.08, 133.075, 129.988
612.309, 303.08, 133.075, 129.988
612.309, 303.08, 133.075, 129.988
612.309, 303.08, 133.075, 129.988
612.309, 303.08, 133.075, 129.988
612.309, 303.08, 133.075, 129.988
612.309, 303.08, 133.075, 129.988
612.309, 303.08, 133.075, 129.988
587.233, 289.696, 159.69, 155.985
587.233, 289.696, 159.69, 155.985
587.233, 289.696, 159.69, 155.985
587.233, 271.234, 159.69, 155.985
587.233, 289.696, 159.69, 155.985
596.925, 287.695, 133.075, 129.988
596.925, 287.695, 133.075, 129.988
596.925, 287.695, 133.075, 129.988
596.925, 287.695, 133.075, 129.988
596.925, 287.695, 133.075, 129.988
596.925, 287.695, 133.075, 129.988
596.925, 287.695, 133.075, 129.988
596.925, 287.695, 133.075, 129.988
596.925, 287.695, 133.075, 129.988
596.925, 287.695, 133.075, 129.988
596.925, 287.695, 133.075, 129.988
587.233, 271.234, 159.69, 155.985
596.925, 272.311, 133.075, 129.988
596.925, 272.311, 133.075, 129.988
596.925, 272.311, 133.075, 129.988
587.233, 253.542, 159.69, 155.985
587.233, 253.542, 159.69, 155.985
587.233, 253.542, 159.69, 155.985
587.233, 253.542, 159.69, 155.985
596.925, 256.926, 133.075, 129.988
596.925, 256.926, 133.075, 129.988
596.925, 256.926, 133.075, 129.988
596.925, 256.926, 133.075, 129.988
587.233, 235.081, 159.69, 155.985
587.233, 235.081, 159.69, 155.985
587.233, 235.081, 159.69, 155.985
587.233, 235.081, 159.69, 155.985
587.233, 235.081, 159.69, 155.985
587.233, 235.081, 159.69, 155.985
612.309, 241.542, 133.075, 129.988
612.309, 241.542, 133.075, 129.988
612.309, 241.542, 133.075, 129.988
612.309, 241.542, 133.075, 129.988
612.309, 241.542, 133.075, 129.988
612.309, 241.542, 133.075, 129.988
612.309, 241.542, 133.075, 129.988
612.309, 241.542, 133.075, 129.988
612.309, 241.542, 133.075, 129.988
612.309, 241.542, 133.075, 129.988
612.309, 241.542, 133.075, 129.988
612.309, 241.542, 133.075, 129.988
612.309, 241.542, 133.075, 129.988
612.309, 241.542, 133.075, 129.988
612.309, 241.542, 133.075, 129.988
612.309, 241.542, 133.075, 129.988
612.309, 241.542, 133.075, 129.988
605.694, 235.081, 159.69, 155.985
605.694, 235.081, 159.69, 155.985
605.694, 235.081, 159.69, 155.985
605.694, 235.081, 159.69, 155.985
612.309, 256.926, 133.075, 129.988
612.309, 256.926, 133.075, 129.988
605.694, 253.542, 159.69, 155.985
612.309, 272.311, 133.075, 129.988
612.309, 272.311, 133.075, 129.988
612.309, 287.695, 133.075, 129.988
612.309, 287.695, 133.075, 129.988
612.309, 287.695, 133.075, 129.988
605.694, 271.234, 159.69, 155.985
612.309, 287.695, 133.075, 129.988
612.309, 287.695, 133.075, 129.988
612.309, 287.695, 133.075, 129.988
612.309, 287.695, 133.075, 129.988
612.309, 303.08, 133.075, 129.988
612.309, 303.08, 133.075, 129.988
612.309, 303.08, 133.075, 129.988
612.309, 303.08, 133.075, 129.988
612.309, 303.08, 133.075, 129.988
612.309, 303.08, 133.075, 129.988
612.309, 303.08, 133.075, 129.988
612.309, 303.08, 133.075, 129.988
612.309, 303.08, 133.075, 129.988
612.309, 303.08, 133.075, 129.988
612.309, 303.08, 133.075, 129.988
612.309, 303.08, 133.075, 129.988
612.309, 303.08, 133.075, 129.988
612.309, 303.08, 133.075, 129.988
612.309, 303.08, 133.075, 129.988
605.694, 289.696, 159.69, 155.985
605.694, 289.696, 159.69, 155.985
605.694, 289.696, 159.69, 155.985
605.694, 289.696, 159.69, 155.985
605.694, 289.696, 159.69, 155.985
605.694, 289.696, 159.69, 155.985
605.694, 289.696, 159.69, 155.985
605.694, 289.696, 159.69, 155.985
605.694, 289.696, 159.69, 155.985
605.694, 289.696, 159.69, 155.985
605.694, 289.696, 159.69, 155.985
637.595, 316.285, 111.635, 108.323
637.595, 316.285, 111.635, 108.323
627.694, 303.08, 133.075, 129.988
627.694, 303.08, 133.075, 129.988
627.694, 303.08, 133.075, 129.988
627.694, 303.08, 133.075, 129.988
627.694, 303.08, 133.075, 129.988
627.694, 303.08, 133.075, 129.988
627.694, 303.08, 133.075, 129.988
627.694, 303.08, 133.075, 129.988
627.694, 303.08, 133.075, 129.988
627.694, 303.08, 133.075, 129.988
627.694, 303.08, 133.075, 129.988
627.694, 303.08, 133.075, 129.988
627.694, 303.08, 133.075, 129.988
627.694, 303.08, 133.075, 129.988
627.694, 303.08, 133.075, 129.988
627.694, 303.08, 133.075, 129.988
605.694, 289.696, 159.69, 155.985
605.694, 289.696, 159.69, 155.985
605.694, 289.696, 159.69, 155.985
605.694, 289.696, 159.69, 155.985
612.309, 287.695, 133.075, 129.988
612.309, 287.695, 133.075, 129.988
612.309, 287.695, 133.075, 129.988
612.309, 287.695, 133.075, 129.988
612.309, 287.695, 133.075, 129.988
612.309, 287.695, 133.075, 129.988
612.309, 287.695, 133.075, 129.988
612.309, 287.695, 133.075, 129.988
612.309, 287.695, 133.075, 129.988
612.309, 287.695, 133.075, 129.988
612.309, 287.695, 133.075, 129.988
612.309, 287.695, 133.075, 129.988
612.309, 287.695, 133.075, 129.988
612.309, 287.695, 133.075, 129.988
612.309, 287.695, 133.075, 129.988
596.925, 287.695, 133.075, 129.988
596.925, 287.695, 133.075, 129.988
596.925, 287.695, 133.075, 129.988
596.925, 287.695, 133.075, 129.988
596.925, 287.695, 133.075, 129.988
596.925, 287.695, 133.075, 129.988
596.925, 287.695, 133.075, 129.988
596.925, 287.695, 133.075, 129.988
596.925, 287.695, 133.075, 129.988
596.925, 287.695, 133.075, 129.988
596.925, 287.695, 133.075, 129.988
596.925, 287.695, 133.075, 129.988
596.925, 272.311, 133.075, 129.988
596.925, 272.311, 133.075, 129.988
581.54, 272.311, 133.075, 129.988
581.54, 272.311, 133.075, 129.988
581.54, 272.311, 133.075, 129.988
581.54, 272.311, 133.075, 129.988
581.54, 272.311, 133.075, 129.988
581.54, 256.926, 133.075, 129.988
581.54, 256.926, 133.075, 129.988
566.155, 256.926, 133.075, 129.988
566.155, 256.926, 133.075, 129.988
566.155, 256.926, 133.075, 129.988
566.155, 256.926, 133.075, 129.988
566.155, 256.926, 133.075, 129.988
566.155, 256.926, 133.075, 129.988
550.771, 256.926, 133.075, 129.988
550.771, 256.926, 133.075, 129.988
550.771, 272.311, 133.075, 129.988
550.771, 272.311, 133.075, 129.988
535.386, 272.311, 133.075, 129.988
535.386, 287.695, 133.075, 129.988
535.386, 287.695, 133.075, 129.988
535.386, 287.695, 133.075, 129.988
535.386, 287.695, 133.075, 129.988
520.031, 287.695, 133.815, 129.988
520.031, 287.695, 133.815, 129.988
520.031, 287.695, 133.815, 129.988
520.031, 287.695, 133.815, 129.988
522.95, 303.306, 110.896, 109.045
522.95, 303.306, 110.896, 109.045
504.647, 303.08, 133.815, 129.988
504.647, 303.08, 133.815, 129.988
504.647, 303.08, 133.815, 129.988
509.903, 303.306, 111.635, 109.045
490.002, 303.08, 133.075, 129.988
490.002, 303.08, 133.075, 129.988
490.002, 303.08, 133.075, 129.988
490.002, 303.08, 133.075, 129.988
497.565, 303.306, 110.896, 109.045
474.617, 303.08, 133.075, 129.988
474.617, 303.08, 133.075, 129.988
474.617, 303.08, 133.075, 129.988
474.617, 303.08, 133.075, 129.988
474.617, 303.08, 133.075, 129.988
474.617, 303.08, 133.075, 129.988
474.617, 303.08, 133.075, 129.988
474.617, 303.08, 133.075, 129.988
474.617, 303.08, 133.075, 129.988
474.617, 303.08, 133.075, 129.988
459.232, 303.08, 133.075, 129.988
459.232, 303.08, 133.075, 129.988
459.232, 303.08, 133.075, 129.988
459.232, 303.08, 133.075, 129.988
459.232, 287.695, 133.075, 129.988
459.232, 287.695, 133.075, 129.988
459.232, 287.695, 133.075, 129.988
459.232, 287.695, 133.075, 129.988
459.232, 287.695, 133.075, 129.988
459.232, 287.695, 133.075, 129.988
474.617, 287.695, 133.075, 129.988
474.617, 287.695, 133.075, 129.988
474.617, 287.695, 133.075, 129.988
474.617, 287.695, 133.075, 129.988
474.617, 287.695, 133.075, 129.988
474.617, 287.695, 133.075, 129.988
474.617, 287.695, 133.075, 129.988
474.617, 287.695, 133.075, 129.988
474.617, 287.695, 133.075, 129.988
474.617, 287.695, 133.075, 129.988
474.617, 287.695, 133.075, 129.988
474.617, 287.695, 133.075, 129.988
474.617, 287.695, 133.075, 129.988
474.617, 287.695, 133.075, 129.988
474.617, 287.695, 133.075, 129.988
474.617, 287.695, 133.075, 129.988
474.617, 287.695, 133.075, 129.988
474.617, 287.695, 133.075, 129.988
474.617, 287.695, 133.075, 129.988
474.617, 287.695, 133.075, 129.988
474.617, 287.695, 133.075, 129.988
474.617, 287.695, 133.075, 129.988
474.617, 287.695, 133.075, 129.988
474.617, 287.695, 133.075, 129.988
474.617, 287.695, 133.075, 129.988
474.617, 287.695, 133.075, 129.988
474.617, 287.695, 133.075, 129.988
474.617, 287.695, 133.075, 129.988
474.617, 287.695, 133.075, 129.988
474.617, 287.695, 133.075, 129.988
474.617, 287.695, 133.075, 129.988
474.617, 287.695, 133.075, 129.988
474.617, 287.695, 133.075, 129.988
474.617, 287.695, 133.075, 129.988
474.617, 287.695, 133.075, 129.988
474.617, 287.695, 133.075, 129.988
474.617, 287.695, 133.075, 129.988
474.617, 287.695, 133.075, 129.988
474.617, 287.695, 133.075, 129.988
474.617, 287.695, 133.075, 129.988
474.617, 287.695, 133.075, 129.988
474.617, 287.695, 133.075, 129.988
474.617, 287.695, 133.075, 129.988
474.617, 287.695, 133.075, 129.988
474.617, 287.695, 133.075, 129.988
474.617, 272.311, 133.075, 129.988
474.617, 272.311, 133.075, 129.988
474.617, 272.311, 133.075, 129.988
474.617, 272.311, 133.075, 129.988
474.617, 272.311, 133.075, 129.988
474.617, 272.311, 133.075, 129.988
474.617, 272.311, 133.075, 129.988
474.617, 272.311, 133.075, 129.988
474.617, 272.311, 133.075, 129.988
474.617, 272.311, 133.075, 129.988
490.002, 272.311, 133.075, 129.988
490.002, 272.311, 133.075, 129.988
490.002, 272.311, 133.075, 129.988
490.002, 272.311, 133.075, 129.988
490.002, 272.311, 133.075, 129.988
490.002, 272.311, 133.075, 129.988
490.002, 272.311, 133.075, 129.988
490.002, 272.311, 133.075, 129.988
490.002, 272.311, 133.075, 129.988
490.002, 272.311, 133.075, 129.988
490.002, 272.311, 133.075, 129.988
490.002, 272.311, 133.075, 129.988
490.002, 272.311, 133.075, 129.988
490.002, 272.311, 133.075, 129.988
490.002, 272.311, 133.075, 129.988
490.002, 272.311, 133.075, 129.988
490.002, 272.311, 133.075, 129.988
490.002, 272.311, 133.075, 129.988
490.002, 272.311, 133.075, 129.988
490.002, 272.311, 133.075, 129.988
490.002, 272.311, 133.075, 129.988
490.002, 272.311, 133.075, 129.988
504.647, 272.311, 133.815, 129.988
504.647, 272.311, 133.815, 129.988
504.647, 272.311, 133.815, 129.988
504.647, 272.311, 133.815, 129.988
504.647, 272.311, 133.815, 129.988
504.647, 287.695, 133.815, 129.988
504.647, 287.695, 133.815, 129.988
504.647, 287.695, 133.815, 129.988
504.647, 287.695, 133.815, 129.988
504.647, 287.695, 133.815, 129.988
504.647, 287.695, 133.815, 129.988
504.647, 287.695, 133.815, 129.988
520.031, 287.695, 133.815, 129.988
520.031, 287.695, 133.815, 129.988
520.031, 287.695, 133.815, 129.988
520.031, 287.695, 133.815, 129.988
520.031, 287.695, 133.815, 129.988
520.031, 287.695, 133.815, 129.988
520.031, 303.08, 133.815, 129.988
520.031, 303.08, 133.815, 129.988
520.031, 303.08, 133.815, 129.988
520.031, 303.08, 133.815, 129.988
520.031, 303.08, 133.815, 129.988
520.031, 303.08, 133.815, 129.988
520.031, 303.08, 133.815, 129.988
520.031, 303.08, 133.815, 129.988
520.031, 303.08, 133.815, 129.988
520.031, 303.08, 133.815, 129.988
520.031, 303.08, 133.815, 129.988
520.031, 287.695, 133.815, 129.988
520.031, 287.695, 133.815, 129.988
520.031, 287.695, 133.815, 129.988
520.031, 287.695, 133.815, 129.988
520.031, 287.695, 133.815, 129.988
495.694, 289.696, 159.69, 155.985
504.647, 287.695, 133.815, 129.988
504.647, 287.695, 133.815, 129.988
504.647, 287.695, 133.815, 129.988
504.647, 287.695, 133.815, 129.988
504.647, 287.695, 133.815, 129.988
504.647, 287.695, 133.815, 129.988
504.647, 287.695, 133.815, 129.988
504.647, 287.695, 133.815, 129.988
490.002, 287.695, 133.075, 129.988
490.002, 287.695, 133.075, 129.988
490.002, 287.695, 133.075, 129.988
490.002, 287.695, 133.075, 129.988
490.002, 287.695, 133.075, 129.988
490.002, 287.695, 133.075, 129.988
490.002, 287.695, 133.075, 129.988
490.002, 287.695, 133.075, 129.988
490.002, 287.695, 133.075, 129.988
490.002, 287.695, 133.075, 129.988
490.002, 287.695, 133.075, 129.988
490.002, 287.695, 133.075, 129.988
490.002, 287.695, 133.075, 129.988
490.002, 287.695, 133.075, 129.988
490.002, 287.695, 133.075, 129.988
497.565, 303.306, 110.896, 109.045
490.002, 303.08, 133.075, 129.988
490.002, 303.08, 133.075, 129.988
474.617, 303.08, 133.075, 129.988
474.617, 303.08, 133.075, 129.988
474.617, 303.08, 133.075, 129.988
474.617, 303.08, 133.075, 129.988
474.617, 303.08, 133.075, 129.988
474.617, 303.08, 133.075, 129.988
474.617, 303.08, 133.075, 129.988
474.617, 303.08, 133.075, 129.988
474.617, 303.08, 133.075, 129.988
474.617, 303.08, 133.075, 129.988
474.617, 303.08, 133.075, 129.988
484.488, 316.285, 110.896, 108.323
474.617, 318.465, 133.075, 129.988
474.617, 318.465, 133.075, 129.988
474.617, 318.465, 133.075, 129.988
474.617, 318.465, 133.075, 129.988
474.617, 318.465, 133.075, 129.988
474.617, 318.465, 133.075, 129.988
474.617, 318.465, 133.075, 129.988
474.617, 318.465, 133.075, 129.988
474.617, 318.465, 133.075, 129.988
474.617, 318.465, 133.075, 129.988
474.617, 318.465, 133.075, 129.988
474.617, 318.465, 133.075, 129.988
474.617, 318.465, 133.075, 129.988
474.617, 318.465, 133.075, 129.988
484.488, 316.285, 110.896, 108.323
474.617, 303.08, 133.075, 129.988
474.617, 303.08, 133.075, 129.988
474.617, 303.08, 133.075, 129.988
474.617, 303.08, 133.075, 129.988
474.617, 303.08, 133.075, 129.988
474.617, 303.08, 133.075, 129.988
474.617, 303.08, 133.075, 129.988
474.617, 303.08, 133.075, 129.988
474.617, 303.08, 133.075, 129.988
474.617, 287.695, 133.075, 129.988
474.617, 287.695, 133.075, 129.988
474.617, 287.695, 133.075, 129.988
474.617, 287.695, 133.075, 129.988
474.617, 287.695, 133.075, 129.988
474.617, 287.695, 133.075, 129.988
474.617, 272.311, 133.075, 129.988
474.617, 272.311, 133.075, 129.988
474.617, 272.311, 133.075, 129.988
474.617, 272.311, 133.075, 129.988
458.771, 253.542, 159.69, 155.985
458.771, 253.542, 159.69, 155.985
474.617, 256.926, 133.075, 129.988
474.617, 256.926, 133.075, 129.988
474.617, 256.926, 133.075, 129.988
474.617, 256.926, 133.075, 129.988
474.617, 256.926, 133.075, 129.988
474.617, 256.926, 133.075, 129.988
474.617, 256.926, 133.075, 129.988
474.617, 256.926, 133.075, 129.988
474.617, 256.926, 133.075, 129.988
458.771, 235.081, 159.69, 155.985
474.617, 256.926, 133.075, 129.988
474.617, 256.926, 133.075, 129.988
474.617, 256.926, 133.075, 129.988
474.617, 256.926, 133.075, 129.988
474.617, 256.926, 133.075, 129.988
474.617, 256.926, 133.075, 129.988
474.617, 256.926, 133.075, 129.988
474.617, 256.926, 133.075, 129.988
474.617, 256.926, 133.075, 129.988
474.617, 256.926, 133.075, 129.988
474.617, 272.311, 133.075, 129.988
474.617, 272.311, 133.075, 129.988
474.617, 272.311, 133.075, 129.988
474.617, 287.695, 133.075, 129.988
474.617, 287.695, 133.075, 129.988
474.617, 287.695, 133.075, 129.988
474.617, 287.695, 133.075, 129.988
474.617, 287.695, 133.075, 129.988
474.617, 287.695, 133.075, 129.988
497.565, 303.306, 110.896, 109.045
497.565, 303.306, 110.896, 109.045
497.565, 303.306, 110.896, 109.045
497.565, 303.306, 110.896, 109.045
490.002, 303.08, 133.075, 129.988
490.002, 303.08, 133.075, 129.988
490.002, 303.08, 133.075, 129.988
490.002, 303.08, 133.075, 129.988
490.002, 303.08, 133.075, 129.988
490.002, 303.08, 133.075, 129.988
490.002, 303.08, 133.075, 129.988
490.002, 303.08, 133.075, 129.988
490.002, 303.08, 133.075, 129.988
490.002, 303.08, 133.075, 129.988
490.002, 303.08, 133.075, 129.988
490.002, 303.08, 133.075, 129.988
490.002, 303.08, 133.075, 129.988
490.002, 303.08, 133.075, 129.988
490.002, 303.08, 133.075, 129.988
490.002, 303.08, 133.075, 129.988
490.002, 303.08, 133.075, 129.988
490.002, 303.08, 133.075, 129.988
490.002, 303.08, 133.075, 129.988
490.002, 303.08, 133.075, 129.988
490.002, 303.08, 133.075, 129.988
490.002, 303.08, 133.075, 129.988
490.002, 303.08, 133.075, 129.988
490.002, 303.08, 133.075, 129.988
490.002, 303.08, 133.075, 129.988
490.002, 303.08, 133.075, 129.988
490.002, 303.08, 133.075, 129.988
490.002, 303.08, 133.075, 129.988
490.002, 303.08, 133.075, 129.988
490.002, 303.08, 133.075, 129.988
490.002, 303.08, 133.075, 129.988
490.002, 303.08, 133.075, 129.988
490.002, 303.08, 133.075, 129.988
490.002, 303.08, 133.075, 129.988
490.002, 303.08, 133.075, 129.988
490.002, 303.08, 133.075, 129.988
490.002, 303.08, 133.075, 129.988
490.002, 303.08, 133.075, 129.988
490.002, 303.08, 133.075, 129.988
490.002, 303.08, 133.075, 129.988
490.002, 303.08, 133.075, 129.988
497.565, 303.306, 110.896, 109.045
474.617, 303.08, 133.075, 129.988
474.617, 287.695, 133.075, 129.988
474.617, 287.695, 133.075, 129.988
474.617, 287.695, 133.075, 129.988
474.617, 287.695, 133.075, 129.988
474.617, 287.695, 133.075, 129.988
474.617, 287.695, 133.075, 129.988
474.617, 287.695, 133.075, 129.988
474.617, 287.695, 133.075, 129.988
474.617, 287.695, 133.075, 129.988
474.617, 287.695, 133.075, 129.988
474.617, 287.695, 133.075, 129.988
474.617, 287.695, 133.075, 129.988
474.617, 287.695, 133.075, 129.988
474.617, 287.695, 133.075, 129.988
474.617, 287.695, 133.075, 129.988
474.617, 287.695, 133.075, 129.988
474.617, 287.695, 133.075, 129.988
474.617, 287.695, 133.075, 129.988
474.617, 287.695, 133.075, 129.988
474.617, 287.695, 133.075, 129.988
474.617, 287.695, 133.075, 129.988
474.617, 287.695, 133.075, 129.988
474.617, 287.695, 133.075, 129.988
474.617, 287.695, 133.075, 129.988
474.617, 287.695, 133.075, 129.988
474.617, 287.695, 133.075, 129.988
459.232, 287.695, 133.075, 129.988
459.232, 287.695, 133.075, 129.988
459.232, 287.695, 133.075, 129.988
459.232, 287.695, 133.075, 129.988
459.232, 287.695, 133.075, 129.988
459.232, 272.311, 133.075, 129.988
459.232, 272.311, 133.075, 129.988
440.31, 271.234, 159.69, 155.985
440.31, 271.234, 159.69, 155.985
440.31, 271.234, 159.69, 155.985
440.31, 271.234, 159.69, 155.985
440.31, 271.234, 159.69, 155.985
440.31, 271.234, 159.69, 155.985
440.31, 271.234, 159.69, 155.985
459.232, 272.311, 133.075, 129.988
459.232, 272.311, 133.075, 129.988
459.232, 272.311, 133.075, 129.988
459.232, 272.311, 133.075, 129.988
459.232, 272.311, 133.075, 129.988
459.232, 272.311, 133.075, 129.988
459.232, 272.311, 133.075, 129.988
459.232, 272.311, 133.075, 129.988
459.232, 272.311, 133.075, 129.988
459.232, 272.311, 133.075, 129.988
459.232, 272.311, 133.075, 129.988
459.232, 272.311, 133.075, 129.988
459.232, 272.311, 133.075, 129.988
459.232, 272.311, 133.075, 129.988
474.617, 272.311, 133.075, 129.988
474.617, 272.311, 133.075, 129.988
474.617, 272.311, 133.075, 129.988
474.617, 272.311, 133.075, 129.988
474.617, 272.311, 133.075, 129.988
458.771, 271.234, 159.69, 155.985
458.771, 271.234, 159.69, 155.985
474.617, 287.695, 133.075, 129.988
474.617, 287.695, 133.075, 129.988
474.617, 287.695, 133.075, 129.988
474.617, 287.695, 133.075, 129.988
474.617, 287.695, 133.075, 129.988
474.617, 287.695, 133.075, 129.988
474.617, 287.695, 133.075, 129.988
490.002, 287.695, 133.075, 129.988
490.002, 287.695, 133.075, 129.988
490.002, 287.695, 133.075, 129.988
490.002, 287.695, 133.075, 129.988
490.002, 287.695, 133.075, 129.988
490.002, 287.695, 133.075, 129.988
490.002, 287.695, 133.075, 129.988
490.002, 287.695, 133.075, 129.988
490.002, 287.695, 133.075, 129.988
490.002, 287.695, 133.075, 129.988
490.002, 287.695, 133.075, 129.988
490.002, 287.695, 133.075, 129.988
490.002, 287.695, 133.075, 129.988
490.002, 287.695, 133.075, 129.988
490.002, 287.695, 133.075, 129.988
490.002, 287.695, 133.075, 129.988
490.002, 287.695, 133.075, 129.988
474.617, 287.695, 133.075, 129.988
474.617, 287.695, 133.075, 129.988
474.617, 287.695, 133.075, 129.988
474.617, 287.695, 133.075, 129.988
474.617, 287.695, 133.075, 129.988
490.002, 287.695, 133.075, 129.988
490.002, 287.695, 133.075, 129.988
490.002, 287.695, 133.075, 129.988
490.002, 287.695, 133.075, 129.988
490.002, 287.695, 133.075, 129.988
490.002, 287.695, 133.075, 129.988
490.002, 287.695, 133.075, 129.988
490.002, 287.695, 133.075, 129.988
490.002, 287.695, 133.075, 129.988
490.002, 287.695, 133.075, 129.988
490.002, 287.695, 133.075, 129.988
490.002, 287.695, 133.075, 129.988
490.002, 287.695, 133.075, 129.988
490.002, 287.695, 133.075, 129.988
490.002, 287.695, 133.075, 129.988
490.002, 287.695, 133.075, 129.988
490.002, 287.695, 133.075, 129.988
490.002, 287.695, 133.075, 129.988
490.002, 287.695, 133.075, 129.988
490.002, 287.695, 133.075, 129.988
490.002, 287.695, 133.075, 129.988
490.002, 287.695, 133.075, 129.988
490.002, 287.695, 133.075, 129.988
490.002, 287.695, 133.075, 129.988
490.002, 287.695, 133.075, 129.988
490.002, 287.695, 133.075, 129.988
490.002, 287.695, 133.075, 129.988
490.002, 287.695, 133.075, 129.988
504.647, 287.695, 133.815, 129.988
504.647, 287.695, 133.815, 129.988
504.647, 287.695, 133.815, 129.988
504.647, 287.695, 133.815, 129.988
520.031, 303.08, 133.815, 129.988
520.031, 303.08, 133.815, 129.988
520.031, 303.08, 133.815, 129.988
520.031, 303.08, 133.815, 129.988
535.386, 303.08, 133.075, 129.988
535.386, 303.08, 133.075, 129.988
535.386, 303.08, 133.075, 129.988
550.771, 303.08, 133.075, 129.988
550.771, 303.08, 133.075, 129.988
550.771, 303.08, 133.075, 129.988
550.771, 303.08, 133.075, 129.988
566.155, 303.08, 133.075, 129.988
566.155, 303.08, 133.075, 129.988
566.155, 303.08, 133.075, 129.988
566.155, 303.08, 133.075, 129.988
586.796, 316.285, 110.896, 108.323
581.54, 303.08, 133.075, 129.988
581.54, 318.465, 133.075, 129.988
581.54, 318.465, 133.075, 129.988
596.925, 318.465, 133.075, 129.988
596.925, 318.465, 133.075, 129.988
596.925, 318.465, 133.075, 129.988
596.925, 318.465, 133.075, 129.988
596.925, 318.465, 133.075, 129.988
612.309, 318.465, 133.075, 129.988
612.309, 303.08, 133.075, 129.988
612.309, 303.08, 133.075, 129.988
612.309, 303.08, 133.075, 129.988
612.309, 303.08, 133.075, 129.988
612.309, 303.08, 133.075, 129.988
612.309, 303.08, 133.075, 129.988
612.309, 303.08, 133.075, 129.988
612.309, 303.08, 133.075, 129.988
612.309, 287.695, 133.075, 129.988
612.309, 287.695, 133.075, 129.988
612.309, 287.695, 133.075, 129.988
612.309, 287.695, 133.075, 129.988
612.309, 287.695, 133.075, 129.988
612.309, 287.695, 133.075, 129.988
612.309, 287.695, 133.075, 129.988
612.309, 287.695, 133.075, 129.988
612.309, 287.695, 133.075, 129.988
612.309, 272.311, 133.075, 129.988
612.309, 272.311, 133.075, 129.988
612.309, 272.311, 133.075, 129.988
612.309, 272.311, 133.075, 129.988
612.309, 272.311, 133.075, 129.988
612.309, 272.311, 133.075, 129.988
612.309, 272.311, 133.075, 129.988
612.309, 272.311, 133.075, 129.988
587.233, 253.542, 159.69, 155.985
587.233, 253.542, 159.69, 155.985
612.309, 287.695, 133.075, 129.988
596.925, 287.695, 133.075, 129.988
596.925, 287.695, 133.075, 129.988
596.925, 287.695, 133.075, 129.988
596.925, 287.695, 133.075, 129.988
596.925, 287.695, 133.075, 129.988
596.925, 287.695, 133.075, 129.988
596.925, 287.695, 133.075, 129.988
596.925, 287.695, 133.075, 129.988
596.925, 303.08, 133.075, 129.988
596.925, 303.08, 133.075, 129.988
596.925, 303.08, 133.075, 129.988
596.925, 303.08, 133.075, 129.988
581.54, 303.08, 133.075, 129.988
581.54, 303.08, 133.075, 129.988
581.54, 287.695, 133.075, 129.988
581.54, 303.08, 133.075, 129.988
581.54, 303.08, 133.075, 129.988
581.54, 303.08, 133.075, 129.988
581.54, 303.08, 133.075, 129.988
581.54, 303.08, 133.075, 129.988
581.54, 303.08, 133.075, 129.988
581.54, 303.08, 133.075, 129.988
581.54, 303.08, 133.075, 129.988
581.54, 303.08, 133.075, 129.988
581.54, 303.08, 133.075, 129.988
581.54, 303.08, 133.075, 129.988
581.54, 303.08, 133.075, 129.988
581.54, 303.08, 133.075, 129.988
581.54, 303.08, 133.075, 129.988
581.54, 303.08, 133.075, 129.988
581.54, 303.08, 133.075, 129.988
581.54, 303.08, 133.075, 129.988
581.54, 303.08, 133.075, 129.988
581.54, 303.08, 133.075, 129.988
581.54, 303.08, 133.075, 129.988
581.54, 303.08, 133.075, 129.988
581.54, 287.695, 133.075, 129.988
581.54, 287.695, 133.075, 129.988
581.54, 287.695, 133.075, 129.988
569.54, 271.234, 159.69, 155.985
569.54, 271.234, 159.69, 155.985
581.54, 272.311, 133.075, 129.988
581.54, 272.311, 133.075, 129.988
569.54, 253.542, 159.69, 155.985
569.54, 253.542, 159.69, 155.985
569.54, 253.542, 159.69, 155.985
569.54, 253.542, 159.69, 155.985
596.925, 256.926, 133.075, 129.988
596.925, 256.926, 133.075, 129.988
596.925, 256.926, 133.075, 129.988
596.925, 256.926, 133.075, 129.988
596.925, 256.926, 133.075, 129.988
596.925, 256.926, 133.075, 129.988
596.925, 256.926, 133.075, 129.988
596.925, 256.926, 133.075, 129.988
596.925, 256.926, 133.075, 129.988
596.925, 256.926, 133.075, 129.988
596.925, 256.926, 133.075, 129.988
596.925, 256.926, 133.075, 129.988
596.925, 256.926, 133.075, 129.988
596.925, 256.926, 133.075, 129.988
596.925, 272.311, 133.075, 129.988
596.925, 272.311, 133.075, 129.988
596.925, 287.695, 133.075, 129.988
596.925, 287.695, 133.075, 129.988
596.925, 287.695, 133.075, 129.988
596.925, 287.695, 133.075, 129.988
596.925, 303.08, 133.075, 129.988
596.925, 303.08, 133.075, 129.988
596.925, 303.08, 133.075, 129.988
596.925, 303.08, 133.075, 129.988
596.925, 303.08, 133.075, 129.988
596.925, 303.08, 133.075, 129.988
596.925, 303.08, 133.075, 129.988
596.925, 303.08, 133.075, 129.988
596.925, 303.08, 133.075, 129.988
569.54, 289.696, 159.69, 155.985
569.54, 289.696, 159.69, 155.985
569.54, 289.696, 159.69, 155.985
569.54, 289.696, 159.69, 155.985
569.54, 289.696, 159.69, 155.985
581.54, 303.08, 133.075, 129.988
581.54, 303.08, 133.075, 129.988
581.54, 303.08, 133.075, 129.988
581.54, 303.08, 133.075, 129.988
581.54, 303.08, 133.075, 129.988
581.54, 303.08, 133.075, 129.988
581.54, 318.465, 133.075, 129.988
581.54, 318.465, 133.075, 129.988
581.54, 318.465, 133.075, 129.988
581.54, 318.465, 133.075, 129.988
581.54, 318.465, 133.075, 129.988
581.54, 318.465, 133.075, 129.988
581.54, 318.465, 133.075, 129.988
581.54, 318.465, 133.075, 129.988
581.54, 318.465, 133.075, 129.988
581.54, 318.465, 133.075, 129.988
599.134, 328.691, 111.635, 109.045
599.134, 328.691, 111.635, 109.045
599.134, 328.691, 111.635, 109.045
599.134, 328.691, 111.635, 109.045
599.134, 328.691, 111.635, 109.045
599.134, 328.691, 111.635, 109.045
599.134, 328.691, 111.635, 109.045
599.134, 328.691, 111.635, 109.045
599.134, 328.691, 111.635, 109.045
612.181, 328.691, 110.896, 109.045
612.181, 328.691, 110.896, 109.045
612.181, 328.691, 110.896, 109.045
612.181, 328.691, 110.896, 109.045
612.181, 328.691, 110.896, 109.045
612.181, 328.691, 110.896, 109.045
612.181, 328.691, 110.896, 109.045
612.181, 328.691, 110.896, 109.045
612.181, 328.691, 110.896, 109.045
612.181, 328.691, 110.896, 109.045
612.181, 328.691, 110.896, 109.045
612.181, 328.691, 110.896, 109.045
612.309, 318.465, 133.075, 129.988
612.309, 318.465, 133.075, 129.988
612.309, 318.465, 133.075, 129.988
612.309, 318.465, 133.075, 129.988
612.309, 318.465, 133.075, 129.988
612.309, 318.465, 133.075, 129.988
612.309, 318.465, 133.075, 129.988
612.309, 318.465, 133.075, 129.988
612.309, 303.08, 133.075, 129.988
612.309, 303.08, 133.075, 129.988
612.309, 303.08, 133.075, 129.988
612.309, 303.08, 133.075, 129.988
612.309, 303.08, 133.075, 129.988
612.309, 303.08, 133.075, 129.988
612.309, 303.08, 133.075, 129.988
612.309, 303.08, 133.075, 129.988
612.309, 303.08, 133.075, 129.988
612.309, 287.695, 133.075, 129.988
612.309, 287.695, 133.075, 129.988
612.309, 287.695, 133.075, 129.988
612.309, 287.695, 133.075, 129.988
612.309, 287.695, 133.075, 129.988
612.309, 287.695, 133.075, 129.988
612.309, 287.695, 133.075, 129.988
612.309, 287.695, 133.075, 129.988
612.309, 287.695, 133.075, 129.988
612.309, 287.695, 133.075, 129.988
612.309, 287.695, 133.075, 129.988
612.309, 287.695, 133.075, 129.988
612.309, 287.695, 133.075, 129.988
612.309, 287.695, 133.075, 129.988
612.309, 287.695, 133.075, 129.988
612.309, 287.695, 133.075, 129.988
612.309, 287.695, 133.075, 129.988
612.309, 287.695, 133.075, 129.988
612.309, 287.695, 133.075, 129.988
612.309, 287.695, 133.075, 129.988
612.309, 287.695, 133.075, 129.988
612.309, 287.695, 133.075, 129.988
612.309, 287.695, 133.075, 129.988
612.309, 287.695, 133.075, 129.988
612.309, 287.695, 133.075, 129.988
612.309, 287.695, 133.075, 129.988
612.309, 287.695, 133.075, 129.988
612.309, 287.695, 133.075, 129.988
612.309, 287.695, 133.075, 129.988
612.309, 287.695, 133.075, 129.988
612.309, 287.695, 133.075, 129.988
612.309, 287.695, 133.075, 129.988
612.309, 287.695, 133.075, 129.988
596.925, 287.695, 133.075, 129.988
596.925, 287.695, 133.075, 129.988
596.925, 287.695, 133.075, 129.988
596.925, 287.695, 133.075, 129.988
596.925, 287.695, 133.075, 129.988
596.925, 287.695, 133.075, 129.988
596.925, 287.695, 133.075, 129.988
596.925, 287.695, 133.075, 129.988
596.925, 287.695, 133.075, 129.988
596.925, 287.695, 133.075, 129.988
596.925, 287.695, 133.075, 129.988
596.925, 287.695, 133.075, 129.988
581.54, 287.695, 133.075, 129.988
581.54, 287.695, 133.075, 129.988
581.54, 287.695, 133.075, 129.988
581.54, 287.695, 133.075, 129.988
581.54, 287.695, 133.075, 129.988
581.54, 287.695, 133.075, 129.988
581.54, 287.695, 133.075, 129.988
581.54, 303.08, 133.075, 129.988
581.54, 303.08, 133.075, 129.988
581.54, 303.08, 133.075, 129.988
581.54, 303.08, 133.075, 129.988
581.54, 303.08, 133.075, 129.988
581.54, 303.08, 133.075, 129.988
581.54, 303.08, 133.075, 129.988
581.54, 303.08, 133.075, 129.988
581.54, 303.08, 133.075, 129.988
581.54, 303.08, 133.075, 129.988
581.54, 303.08, 133.075, 129.988
581.54, 303.08, 133.075, 129.988
581.54, 303.08, 133.075, 129.988
581.54, 303.08, 133.075, 129.988
581.54, 303.08, 133.075, 129.988
581.54, 303.08, 133.075, 129.988
581.54, 303.08, 133.075, 129.988
581.54, 303.08, 133.075, 129.988
581.54, 303.08, 133.075, 129.988
581.54, 303.08, 133.075, 129.988
581.54, 303.08, 133.075, 129.988
581.54, 303.08, 133.075, 129.988
581.54, 303.08, 133.075, 129.988
581.54, 303.08, 133.075, 129.988
581.54, 303.08, 133.075, 129.988
596.925, 303.08, 133.075, 129.988
596.925, 303.08, 133.075, 129.988
596.925, 303.08, 133.075, 129.988
596.925, 303.08, 133.075, 129.988
581.54, 303.08, 133.075, 129.988
581.54, 303.08, 133.075, 129.988
581.54, 303.08, 133.075, 129.988
581.54, 303.08, 133.075, 129.988
581.54, 303.08, 133.075, 129.988
581.54, 303.08, 133.075, 129.988
581.54, 303.08, 133.075, 129.988
581.54, 303.08, 133.075, 129.988
581.54, 303.08, 133.075, 129.988
581.54, 303.08, 133.075, 129.988
581.54, 303.08, 133.075, 129.988
581.54, 303.08, 133.075, 129.988
581.54, 303.08, 133.075, 129.988
581.54, 303.08, 133.075, 129.988
581.54, 303.08, 133.075, 129.988
581.54, 303.08, 133.075, 129.988
581.54, 303.08, 133.075, 129.988
581.54, 303.08, 133.075, 129.988
566.155, 303.08, 133.075, 129.988
566.155, 303.08, 133.075, 129.988
566.155, 303.08, 133.075, 129.988
566.155, 303.08, 133.075, 129.988
566.155, 303.08, 133.075, 129.988
566.155, 303.08, 133.075, 129.988
566.155, 303.08, 133.075, 129.988
566.155, 303.08, 133.075, 129.988
566.155, 303.08, 133.075, 129.988
566.155, 303.08, 133.075, 129.988
566.155, 303.08, 133.075, 129.988
566.155, 303.08, 133.075, 129.988
566.155, 303.08, 133.075, 129.988
566.155, 303.08, 133.075, 129.988
566.155, 303.08, 133.075, 129.988
550.771, 303.08, 133.075, 129.988
550.771, 303.08, 133.075, 129.988
550.771, 303.08, 133.075, 129.988
550.771, 303.08, 133.075, 129.988
550.771, 303.08, 133.075, 129.988
550.771, 303.08, 133.075, 129.988
550.771, 303.08, 133.075, 129.988
535.386, 303.08, 133.075, 129.988
535.386, 303.08, 133.075, 129.988
535.386, 303.08, 133.075, 129.988
535.386, 303.08, 133.075, 129.988
535.386, 303.08, 133.075, 129.988
520.031, 303.08, 133.815, 129.988
520.031, 303.08, 133.815, 129.988
520.031, 303.08, 133.815, 129.988
520.031, 303.08, 133.815, 129.988
504.647, 303.08, 133.815, 129.988
504.647, 303.08, 133.815, 129.988
504.647, 303.08, 133.815, 129.988
504.647, 303.08, 133.815, 129.988
490.002, 303.08, 133.075, 129.988
490.002, 303.08, 133.075, 129.988
490.002, 303.08, 133.075, 129.988
490.002, 303.08, 133.075, 129.988
490.002, 303.08, 133.075, 129.988
490.002, 303.08, 133.075, 129.988
474.617, 303.08, 133.075, 129.988
474.617, 303.08, 133.075, 129.988
474.617, 303.08, 133.075, 129.988
474.617, 303.08, 133.075, 129.988
474.617, 303.08, 133.075, 129.988
459.232, 303.08, 133.075, 129.988
459.232, 303.08, 133.075, 129.988
459.232, 303.08, 133.075, 129.988
459.232, 303.08, 133.075, 129.988
459.232, 303.08, 133.075, 129.988
459.232, 303.08, 133.075, 129.988
459.104, 316.285, 110.896, 108.323
459.104, 316.285, 110.896, 108.323
459.104, 316.285, 110.896, 108.323
459.104, 316.285, 110.896, 108.323
443.848, 318.465, 133.075, 129.988
443.848, 318.465, 133.075, 129.988
459.104, 316.285, 110.896, 108.323
459.104, 316.285, 110.896, 108.323
459.104, 316.285, 110.896, 108.323
459.104, 316.285, 110.896, 108.323
472.181, 316.285, 110.896, 108.323
472.181, 316.285, 110.896, 108.323
472.181, 316.285, 110.896, 108.323
472.181, 316.285, 110.896, 108.323
484.488, 316.285, 110.896, 108.323
484.488, 316.285, 110.896, 108.323
484.488, 316.285, 110.896, 108.323
474.617, 318.465, 133.075, 129.988
497.565, 316.285, 110.896, 108.323
497.565, 316.285, 110.896, 108.323
490.002, 303.08, 133.075, 129.988
509.903, 316.285, 111.635, 108.323
509.903, 316.285, 111.635, 108.323
509.903, 316.285, 111.635, 108.323
504.647, 303.08, 133.815, 129.988
504.647, 303.08, 133.815, 129.988
504.647, 303.08, 133.815, 129.988
520.031, 303.08, 133.815, 129.988
520.031, 303.08, 133.815, 129.988
520.031, 303.08, 133.815, 129.988
520.031, 303.08, 133.815, 129.988
520.031, 287.695, 133.815, 129.988
520.031, 287.695, 133.815, 129.988
514.156, 271.234, 159.69, 155.985
535.386, 272.311, 133.075, 129.988
535.386, 272.311, 133.075, 129.988
535.386, 256.926, 133.075, 129.988
535.386, 256.926, 133.075, 129.988
535.386, 256.926, 133.075, 129.988
535.386, 256.926, 133.075, 129.988
535.386, 256.926, 133.075, 129.988
532.617, 235.081, 159.69, 155.985
535.386, 241.542, 133.075, 129.988
532.617, 235.081, 159.69, 155.985
532.617, 235.081, 159.69, 155.985
532.617, 235.081, 159.69, 155.985
532.617, 253.542, 159.69, 155.985
532.617, 253.542, 159.69, 155.985
535.386, 272.311, 133.075, 129.988
535.386, 272.311, 133.075, 129.988
535.386, 272.311, 133.075, 129.988
535.386, 287.695, 133.075, 129.988
535.386, 287.695, 133.075, 129.988
535.386, 287.695, 133.075, 129.988
535.386, 287.695, 133.075, 129.988
550.771, 287.695, 133.075, 129.988
561.412, 303.306, 110.896, 109.045
550.771, 303.08, 133.075, 129.988
550.771, 303.08, 133.075, 129.988
550.771, 303.08, 133.075, 129.988
550.771, 303.08, 133.075, 129.988
550.771, 303.08, 133.075, 129.988
550.771, 303.08, 133.075, 129.988
550.771, 303.08, 133.075, 129.988
550.771, 303.08, 133.075, 129.988
550.771, 303.08, 133.075, 129.988
550.771, 303.08, 133.075, 129.988
550.771, 303.08, 133.075, 129.988
561.412, 316.285, 110.896, 108.323
561.412, 316.285, 110.896, 108.323
561.412, 316.285, 110.896, 108.323
532.617, 308.158, 159.69, 155.985
561.412, 316.285, 110.896, 108.323
561.412, 316.285, 110.896, 108.323
561.412, 316.285, 110.896, 108.323
561.412, 316.285, 110.896, 108.323
548.335, 316.285, 110.896, 108.323
548.335, 316.285, 110.896, 108.323
548.335, 316.285, 110.896, 108.323
548.335, 316.285, 110.896, 108.323
548.335, 316.285, 110.896, 108.323
548.335, 316.285, 110.896, 108.323
548.335, 316.285, 110.896, 108.323
548.335, 316.285, 110.896, 108.323
548.335, 316.285, 110.896, 108.323
535.386, 303.08, 133.075, 129.988
535.386, 303.08, 133.075, 129.988
535.386, 303.08, 133.075, 129.988
535.386, 303.08, 133.075, 129.988
535.386, 303.08, 133.075, 129.988
535.386, 303.08, 133.075, 129.988
535.386, 303.08, 133.075, 129.988
535.386, 303.08, 133.075, 129.988
535.386, 303.08, 133.075, 129.988
548.335, 303.306, 110.896, 109.045
535.386, 287.695, 133.075, 129.988
535.386, 287.695, 133.075, 129.988
535.386, 287.695, 133.075, 129.988
535.386, 287.695, 133.075, 129.988
535.386, 287.695, 133.075, 129.988
535.386, 287.695, 133.075, 129.988
535.386, 287.695, 133.075, 129.988
535.386, 287.695, 133.075, 129.988
535.386, 287.695, 133.075, 129.988
535.386, 287.695, 133.075, 129.988
535.386, 287.695, 133.075, 129.988
535.386, 287.695, 133.075, 129.988
535.386, 287.695, 133.075, 129.988
535.386, 287.695, 133.075, 129.988
535.386, 287.695, 133.075, 129.988
535.386, 287.695, 133.075, 129.988
535.386, 287.695, 133.075, 129.988
520.031, 287.695, 133.815, 129.988
520.031, 287.695, 133.815, 129.988
520.031, 287.695, 133.815, 129.988
520.031, 287.695, 133.815, 129.988
520.031, 287.695, 133.815, 129.988
520.031, 287.695, 133.815, 129.988
520.031, 287.695, 133.815, 129.988
520.031, 287.695, 133.815, 129.988
520.031, 287.695, 133.815, 129.988
520.031, 287.695, 133.815, 129.988
520.031, 287.695, 133.815, 129.988
520.031, 287.695, 133.815, 129.988
520.031, 287.695, 133.815, 129.988
520.031, 287.695, 133.815, 129.988
520.031, 287.695, 133.815, 129.988
520.031, 287.695, 133.815, 129.988
504.647, 287.695, 133.815, 129.988
504.647, 287.695, 133.815, 129.988
504.647, 287.695, 133.815, 129.988
504.647, 287.695, 133.815, 129.988
504.647, 287.695, 133.815, 129.988
504.647, 287.695, 133.815, 129.988
504.647, 287.695, 133.815, 129.988
504.647, 287.695, 133.815, 129.988
504.647, 287.695, 133.815, 129.988
504.647, 287.695, 133.815, 129.988
504.647, 287.695, 133.815, 129.988
504.647, 287.695, 133.815, 129.988
504.647, 287.695, 133.815, 129.988
504.647, 287.695, 133.815, 129.988
504.647, 287.695, 133.815, 129.988
504.647, 287.695, 133.815, 129.988
504.647, 287.695, 133.815, 129.988
504.647, 287.695, 133.815, 129.988
504.647, 287.695, 133.815, 129.988
504.647, 287.695, 133.815, 129.988
522.95, 303.306, 110.896, 109.045
522.95, 303.306, 110.896, 109.045
522.95, 303.306, 110.896, 109.045
522.95, 303.306, 110.896, 109.045
522.95, 303.306, 110.896, 109.045
522.95, 303.306, 110.896, 109.045
522.95, 303.306, 110.896, 109.045
522.95, 303.306, 110.896, 109.045
522.95, 303.306, 110.896, 109.045
522.95, 303.306, 110.896, 109.045
522.95, 303.306, 110.896, 109.045
522.95, 303.306, 110.896, 109.045
520.031, 303.08, 133.815, 129.988
520.031, 303.08, 133.815, 129.988
520.031, 303.08, 133.815, 129.988
522.95, 303.306, 110.896, 109.045
520.031, 303.08, 133.815, 129.988
520.031, 303.08, 133.815, 129.988
520.031, 303.08, 133.815, 129.988
520.031, 303.08, 133.815, 129.988
520.031, 303.08, 133.815, 129.988
520.031, 303.08, 133.815, 129.988
520.031, 303.08, 133.815, 129.988
520.031, 303.08, 133.815, 129.988
520.031, 303.08, 133.815, 129.988
520.031, 303.08, 133.815, 129.988
520.031, 303.08, 133.815, 129.988
520.031, 303.08, 133.815, 129.988
520.031, 303.08, 133.815, 129.988
522.95, 303.306, 110.896, 109.045
520.031, 303.08, 133.815, 129.988
520.031, 303.08, 133.815, 129.988
522.95, 303.306, 110.896, 109.045
522.95, 303.306, 110.896, 109.045
522.95, 303.306, 110.896, 109.045
504.647, 303.08, 133.815, 129.988
504.647, 303.08, 133.815, 129.988
504.647, 303.08, 133.815, 129.988
504.647, 303.08, 133.815, 129.988
504.647, 303.08, 133.815, 129.988
504.647, 303.08, 133.815, 129.988
504.647, 303.08, 133.815, 129.988
504.647, 303.08, 133.815, 129.988
504.647, 303.08, 133.815, 129.988
504.647, 303.08, 133.815, 129.988
504.647, 303.08, 133.815, 129.988
504.647, 303.08, 133.815, 129.988
504.647, 303.08, 133.815, 129.988
504.647, 303.08, 133.815, 129.988
504.647, 303.08, 133.815, 129.988
504.647, 303.08, 133.815, 129.988
504.647, 303.08, 133.815, 129.988
504.647, 303.08, 133.815, 129.988
504.647, 303.08, 133.815, 129.988
504.647, 303.08, 133.815, 129.988
504.647, 303.08, 133.815, 129.988
504.647, 303.08, 133.815, 129.988
504.647, 303.08, 133.815, 129.988
504.647, 303.08, 133.815, 129.988
504.647, 303.08, 133.815, 129.988
504.647, 303.08, 133.815, 129.988
504.647, 303.08, 133.815, 129.988
504.647, 303.08, 133.815, 129.988
504.647, 303.08, 133.815, 129.988
504.647, 303.08, 133.815, 129.988
504.647, 303.08, 133.815, 129.988
504.647, 303.08, 133.815, 129.988
504.647, 303.08, 133.815, 129.988
504.647, 303.08, 133.815, 129.988
504.647, 303.08, 133.815, 129.988
504.647, 303.08, 133.815, 129.988
504.647, 303.08, 133.815, 129.988
504.647, 303.08, 133.815, 129.988
504.647, 303.08, 133.815, 129.988
504.647, 303.08, 133.815, 129.988
504.647, 303.08, 133.815, 129.988
504.647, 303.08, 133.815, 129.988
504.647, 303.08, 133.815, 129.988
504.647, 303.08, 133.815, 129.988
504.647, 303.08, 133.815, 129.988
504.647, 303.08, 133.815, 129.988
520.031, 303.08, 133.815, 129.988
520.031, 303.08, 133.815, 129.988
520.031, 303.08, 133.815, 129.988
520.031, 303.08, 133.815, 129.988
520.031, 303.08, 133.815, 129.988
520.031, 303.08, 133.815, 129.988
520.031, 303.08, 133.815, 129.988
520.031, 303.08, 133.815, 129.988
520.031, 303.08, 133.815, 129.988
520.031, 303.08, 133.815, 129.988
520.031, 303.08, 133.815, 129.988
504.647, 303.08, 133.815, 129.988
504.647, 303.08, 133.815, 129.988
504.647, 303.08, 133.815, 129.988
504.647, 303.08, 133.815, 129.988
504.647, 303.08, 133.815, 129.988
504.647, 303.08, 133.815, 129.988
504.647, 303.08, 133.815, 129.988
504.647, 287.695, 133.815, 129.988
504.647, 287.695, 133.815, 129.988
509.903, 303.306, 111.635, 109.045
509.903, 303.306, 111.635, 109.045
509.903, 303.306, 111.635, 109.045
490.002, 303.08, 133.075, 129.988
490.002, 303.08, 133.075, 129.988
490.002, 287.695, 133.075, 129.988
490.002, 287.695, 133.075, 129.988
490.002, 287.695, 133.075, 129.988
490.002, 287.695, 133.075, 129.988
490.002, 287.695, 133.075, 129.988
490.002, 287.695, 133.075, 129.988
490.002, 287.695, 133.075, 129.988
490.002, 287.695, 133.075, 129.988
490.002, 287.695, 133.075, 129.988
474.617, 287.695, 133.075, 129.988
474.617, 287.695, 133.075, 129.988
474.617, 287.695, 133.075, 129.988
474.617, 287.695, 133.075, 129.988
474.617, 287.695, 133.075, 129.988
474.617, 287.695, 133.075, 129.988
474.617, 287.695, 133.075, 129.988
474.617, 287.695, 133.075, 129.988
474.617, 287.695, 133.075, 129.988
474.617, 287.695, 133.075, 129.988
474.617, 287.695, 133.075, 129.988
474.617, 287.695, 133.075, 129.988
459.232, 287.695, 133.075, 129.988
459.232, 287.695, 133.075, 129.988
459.232, 287.695, 133.075, 129.988
459.232, 287.695, 133.075, 129.988
459.232, 303.08, 133.075, 129.988
459.232, 303.08, 133.075, 129.988
459.232, 303.08, 133.075, 129.988
459.232, 303.08, 133.075, 129.988
443.848, 303.08, 133.075, 129.988
443.848, 303.08, 133.075, 129.988
443.848, 303.08, 133.075, 129.988
443.848, 303.08, 133.075, 129.988
443.848, 303.08, 133.075, 129.988
443.848, 303.08, 133.075, 129.988
443.848, 303.08, 133.075, 129.988
443.848, 303.08, 133.075, 129.988
443.848, 303.08, 133.075, 129.988
443.848, 303.08, 133.075, 129.988
443.848, 303.08, 133.075, 129.988
443.848, 303.08, 133.075, 129.988
443.848, 303.08, 133.075, 129.988
443.848, 303.08, 133.075, 129.988
443.848, 303.08, 133.075, 129.988
443.848, 303.08, 133.075, 129.988
443.848, 303.08, 133.075, 129.988
443.848, 303.08, 133.075, 129.988
443.848, 303.08, 133.075, 129.988
443.848, 303.08, 133.075, 129.988
428.463, 303.08, 133.075, 129.988
428.463, 303.08, 133.075, 129.988
428.463, 303.08, 133.075, 129.988
428.463, 303.08, 133.075, 129.988
428.463, 303.08, 133.075, 129.988
428.463, 303.08, 133.075, 129.988
428.463, 303.08, 133.075, 129.988
443.848, 303.08, 133.075, 129.988
443.848, 303.08, 133.075, 129.988
443.848, 303.08, 133.075, 129.988
443.848, 303.08, 133.075, 129.988
443.848, 303.08, 133.075, 129.988
443.848, 303.08, 133.075, 129.988
443.848, 303.08, 133.075, 129.988
443.848, 303.08, 133.075, 129.988
443.848, 303.08, 133.075, 129.988
443.848, 303.08, 133.075, 129.988
443.848, 303.08, 133.075, 129.988
443.848, 303.08, 133.075, 129.988
443.848, 303.08, 133.075, 129.988
443.848, 303.08, 133.075, 129.988
443.848, 303.08, 133.075, 129.988
443.848, 303.08, 133.075, 129.988
443.848, 303.08, 133.075, 129.988
443.848, 303.08, 133.075, 129.988
443.848, 303.08, 133.075, 129.988
421.848, 289.696, 159.69, 155.985
421.848, 289.696, 159.69, 155.985
421.848, 289.696, 159.69, 155.985
443.848, 287.695, 133.075, 129.988
443.848, 287.695, 133.075, 129.988
443.848, 287.695, 133.075, 129.988
443.848, 287.695, 133.075, 129.988
443.848, 287.695, 133.075, 129.988
443.848, 287.695, 133.075, 129.988
443.848, 287.695, 133.075, 129.988
443.848, 287.695, 133.075, 129.988
443.848, 287.695, 133.075, 129.988
443.848, 287.695, 133.075, 129.988
443.848, 287.695, 133.075, 129.988
443.848, 287.695, 133.075, 129.988
443.848, 287.695, 133.075, 129.988
443.848, 287.695, 133.075, 129.988
443.848, 287.695, 133.075, 129.988
443.848, 287.695, 133.075, 129.988
443.848, 287.695, 133.075, 129.988
443.848, 287.695, 133.075, 129.988
443.848, 287.695, 133.075, 129.988
443.848, 287.695, 133.075, 129.988
443.848, 287.695, 133.075, 129.988
443.848, 287.695, 133.075, 129.988
443.848, 287.695, 133.075, 129.988
443.848, 287.695, 133.075, 129.988
443.848, 287.695, 133.075, 129.988
443.848, 287.695, 133.075, 129.988
443.848, 287.695, 133.075, 129.988
443.848, 287.695, 133.075, 129.988
443.848, 287.695, 133.075, 129.988
443.848, 287.695, 133.075, 129.988
443.848, 287.695, 133.075, 129.988
443.848, 287.695, 133.075, 129.988
443.848, 287.695, 133.075, 129.988
443.848, 287.695, 133.075, 129.988
443.848, 287.695, 133.075, 129.988
443.848, 287.695, 133.075, 129.988
443.848, 287.695, 133.075, 129.988
440.31, 271.234, 159.69, 155.985
440.31, 271.234, 159.69, 155.985
459.232, 272.311, 133.075, 129.988
459.232, 272.311, 133.075, 129.988
440.31, 253.542, 159.69, 155.985
440.31, 253.542, 159.69, 155.985
459.232, 256.926, 133.075, 129.988
459.232, 256.926, 133.075, 129.988
459.232, 256.926, 133.075, 129.988
459.232, 256.926, 133.075, 129.988
459.232, 256.926, 133.075, 129.988
459.232, 256.926, 133.075, 129.988
459.232, 256.926, 133.075, 129.988
459.232, 256.926, 133.075, 129.988
459.232, 256.926, 133.075, 129.988
459.232, 256.926, 133.075, 129.988
459.232, 256.926, 133.075, 129.988
459.232, 256.926, 133.075, 129.988
440.31, 253.542, 159.69, 155.985
440.31, 253.542, 159.69, 155.985
440.31, 253.542, 159.69, 155.985
459.232, 272.311, 133.075, 129.988
459.232, 272.311, 133.075, 129.988
440.31, 271.234, 159.69, 155.985
440.31, 271.234, 159.69, 155.985
459.232, 287.695, 133.075, 129.988
459.232, 287.695, 133.075, 129.988
459.232, 287.695, 133.075, 129.988
459.232, 287.695, 133.075, 129.988
459.232, 287.695, 133.075, 129.988
459.232, 303.08, 133.075, 129.988
459.232, 303.08, 133.075, 129.988
459.232, 303.08, 133.075, 129.988
474.617, 303.08, 133.075, 129.988
484.488, 316.285, 110.896, 108.323
484.488, 316.285, 110.896, 108.323
484.488, 316.285, 110.896, 108.323
484.488, 316.285, 110.896, 108.323
474.617, 318.465, 133.075, 129.988
474.617, 318.465, 133.075, 129.988
474.617, 318.465, 133.075, 129.988
484.488, 328.691, 110.896, 109.045
484.488, 328.691, 110.896, 109.045
484.488, 328.691, 110.896, 109.045
484.488, 328.691, 110.896, 109.045
484.488, 328.691, 110.896, 109.045
484.488, 328.691, 110.896, 109.045
484.488, 328.691, 110.896, 109.045
484.488, 328.691, 110.896, 109.045
484.488, 328.691, 110.896, 109.045
484.488, 328.691, 110.896, 109.045
484.488, 328.691, 110.896, 109.045
484.488, 328.691, 110.896, 109.045
484.488, 328.691, 110.896, 109.045
484.488, 328.691, 110.896, 109.045
474.617, 333.849, 133.075, 129.988
474.617, 333.849, 133.075, 129.988
474.617, 333.849, 133.075, 129.988
474.617, 333.849, 133.075, 129.988
474.617, 333.849, 133.075, 129.988
474.617, 333.849, 133.075, 129.988
474.617, 333.849, 133.075, 129.988
474.617, 333.849, 133.075, 129.988
474.617, 333.849, 133.075, 129.988
474.617, 333.849, 133.075, 129.988
474.617, 333.849, 133.075, 129.988
474.617, 333.849, 133.075, 129.988
474.617, 333.849, 133.075, 129.988
0, 0, 0, 0
474.617, 333.849, 133.075, 129.988
474.617, 333.849, 133.075, 129.988
474.617, 333.849, 133.075, 129.988
0, 0, 0, 0
474.617, 333.849, 133.075, 129.988
474.617, 333.849, 133.075, 129.988
0, 0, 0, 0
0, 0, 0, 0
0, 0, 0, 0
0, 0, 0, 0
0, 0, 0, 0
0, 0, 0, 0
0, 0, 0, 0
0, 0, 0, 0
0, 0, 0, 0
0, 0, 0, 0
0, 0, 0, 0
0, 0, 0, 0
459.232, 333.849, 133.075, 129.988
459.232, 333.849, 133.075, 129.988
459.232, 333.849, 133.075, 129.988
459.232, 333.849, 133.075, 129.988
472.181, 328.691, 110.896, 109.045
472.181, 328.691, 110.896, 109.045
472.181, 328.691, 110.896, 109.045
472.181, 328.691, 110.896, 109.045
472.181, 328.691, 110.896, 109.045
472.181, 328.691, 110.896, 109.045
472.181, 328.691, 110.896, 109.045
472.181, 328.691, 110.896, 109.045
472.181, 328.691, 110.896, 109.045
472.181, 328.691, 110.896, 109.045
472.181, 328.691, 110.896, 109.045
459.232, 318.465, 133.075, 129.988
459.232, 318.465, 133.075, 129.988
459.232, 318.465, 133.075, 129.988
459.232, 318.465, 133.075, 129.988
459.232, 318.465, 133.075, 129.988
459.232, 318.465, 133.075, 129.988
459.232, 318.465, 133.075, 129.988
459.232, 318.465, 133.075, 129.988
459.232, 318.465, 133.075, 129.988
459.232, 318.465, 133.075, 129.988
459.232, 318.465, 133.075, 129.988
459.232, 318.465, 133.075, 129.988
459.232, 318.465, 133.075, 129.988
459.232, 318.465, 133.075, 129.988
472.181, 316.285, 110.896, 108.323
459.232, 303.08, 133.075, 129.988
459.232, 303.08, 133.075, 129.988
459.232, 303.08, 133.075, 129.988
459.232, 303.08, 133.075, 129.988
459.232, 303.08, 133.075, 129.988
459.232, 303.08, 133.075, 129.988
459.232, 303.08, 133.075, 129.988
459.232, 303.08, 133.075, 129.988
474.617, 303.08, 133.075, 129.988
474.617, 303.08, 133.075, 129.988
474.617, 303.08, 133.075, 129.988
474.617, 303.08, 133.075, 129.988
474.617, 303.08, 133.075, 129.988
474.617, 303.08, 133.075, 129.988
474.617, 303.08, 133.075, 129.988
474.617, 303.08, 133.075, 129.988
474.617, 303.08, 133.075, 129.988
474.617, 303.08, 133.075, 129.988
474.617, 303.08, 133.075, 129.988
474.617, 303.08, 133.075, 129.988
474.617, 303.08, 133.075, 129.988
474.617, 303.08, 133.075, 129.988
474.617, 303.08, 133.075, 129.988
474.617, 303.08, 133.075, 129.988
474.617, 303.08, 133.075, 129.988
474.617, 303.08, 133.075, 129.988
474.617, 303.08, 133.075, 129.988
474.617, 303.08, 133.075, 129.988
474.617, 303.08, 133.075, 129.988
474.617, 303.08, 133.075, 129.988
474.617, 303.08, 133.075, 129.988
474.617, 303.08, 133.075, 129.988
474.617, 303.08, 133.075, 129.988
474.617, 303.08, 133.075, 129.988
459.232, 303.08, 133.075, 129.988
459.232, 303.08, 133.075, 129.988
459.232, 287.695, 133.075, 129.988
459.232, 287.695, 133.075, 129.988
459.232, 287.695, 133.075, 129.988
459.232, 287.695, 133.075, 129.988
459.232, 287.695, 133.075, 129.988
459.232, 287.695, 133.075, 129.988
459.232, 287.695, 133.075, 129.988
459.232, 287.695, 133.075, 129.988
459.232, 287.695, 133.075, 129.988
459.232, 287.695, 133.075, 129.988
459.232, 287.695, 133.075, 129.988
459.232, 287.695, 133.075, 129.988
459.232, 287.695, 133.075, 129.988
459.232, 287.695, 133.075, 129.988
459.232, 287.695, 133.075, 129.988
459.232, 287.695, 133.075, 129.988
459.232, 287.695, 133.075, 129.988
459.232, 287.695, 133.075, 129.988
459.232, 287.695, 133.075, 129.988
459.232, 272.311, 133.075, 129.988
459.232, 272.311, 133.075, 129.988
459.232, 272.311, 133.075, 129.988
459.232, 272.311, 133.075, 129.988
459.232, 272.311, 133.075, 129.988
459.232, 272.311, 133.075, 129.988
459.232, 272.311, 133.075, 129.988
459.232, 272.311, 133.075, 129.988
459.232, 272.311, 133.075, 129.988
459.232, 272.311, 133.075, 129.988
459.232, 272.311, 133.075, 129.988
459.232, 272.311, 133.075, 129.988
459.232, 272.311, 133.075, 129.988
474.617, 272.311, 133.075, 129.988
474.617, 272.311, 133.075, 129.988
474.617, 272.311, 133.075, 129.988
474.617, 272.311, 133.075, 129.988
474.617, 272.311, 133.075, 129.988
474.617, 272.311, 133.075, 129.988
474.617, 256.926, 133.075, 129.988
477.233, 253.542, 159.69, 155.985
490.002, 256.926, 133.075, 129.988
490.002, 272.311, 133.075, 129.988
490.002, 272.311, 133.075, 129.988
504.647, 272.311, 133.815, 129.988
504.647, 272.311, 133.815, 129.988
504.647, 287.695, 133.815, 129.988
504.647, 287.695, 133.815, 129.988
520.031, 287.695, 133.815, 129.988
520.031, 287.695, 133.815, 129.988
520.031, 287.695, 133.815, 129.988
520.031, 287.695, 133.815, 129.988
536.027, 303.306, 110.896, 109.045
535.386, 303.08, 133.075, 129.988
535.386, 303.08, 133.075, 129.988
535.386, 303.08, 133.075, 129.988
550.771, 303.08, 133.075, 129.988
550.771, 303.08, 133.075, 129.988
550.771, 303.08, 133.075, 129.988
550.771, 303.08, 133.075, 129.988
566.155, 303.08, 133.075, 129.988
566.155, 303.08, 133.075, 129.988
566.155, 303.08, 133.075, 129.988
581.54, 303.08, 133.075, 129.988
581.54, 303.08, 133.075, 129.988
581.54, 303.08, 133.075, 129.988
596.925, 303.08, 133.075, 129.988
596.925, 303.08, 133.075, 129.988
596.925, 287.695, 133.075, 129.988
596.925, 287.695, 133.075, 129.988
612.309, 287.695, 133.075, 129.988
612.309, 287.695, 133.075, 129.988
612.309, 287.695, 133.075, 129.988
612.309, 287.695, 133.075, 129.988
612.309, 287.695, 133.075, 129.988
612.309, 287.695, 133.075, 129.988
612.309, 287.695, 133.075, 129.988
612.309, 287.695, 133.075, 129.988
612.309, 287.695, 133.075, 129.988
612.309, 287.695, 133.075, 129.988
612.309, 287.695, 133.075, 129.988
612.309, 272.311, 133.075, 129.988
587.233, 253.542, 159.69, 155.985
612.309, 272.311, 133.075, 129.988
612.309, 272.311, 133.075, 129.988
612.309, 272.311, 133.075, 129.988
612.309, 287.695, 133.075, 129.988
627.694, 287.695, 133.075, 129.988
627.694, 287.695, 133.075, 129.988
643.078, 287.695, 133.075, 129.988
643.078, 287.695, 133.075, 129.988
643.078, 287.695, 133.075, 129.988
642.617, 289.696, 159.69, 155.985
658.463, 303.08, 133.075, 129.988
658.463, 303.08, 133.075, 129.988
658.463, 303.08, 133.075, 129.988
658.463, 303.08, 133.075, 129.988
658.463, 303.08, 133.075, 129.988
658.463, 303.08, 133.075, 129.988
658.463, 303.08, 133.075, 129.988
658.463, 303.08, 133.075, 129.988
658.463, 303.08, 133.075, 129.988
658.463, 303.08, 133.075, 129.988
658.463, 303.08, 133.075, 129.988
658.463, 303.08, 133.075, 129.988
658.463, 303.08, 133.075, 129.988
658.463, 303.08, 133.075, 129.988
658.463, 303.08, 133.075, 129.988
662.98, 303.306, 111.635, 109.045
662.98, 303.306, 111.635, 109.045
662.98, 303.306, 111.635, 109.045
662.98, 303.306, 111.635, 109.045
662.98, 303.306, 111.635, 109.045
643.078, 303.08, 133.075, 129.988
643.078, 303.08, 133.075, 129.988
643.078, 303.08, 133.075, 129.988
643.078, 303.08, 133.075, 129.988
627.694, 303.08, 133.075, 129.988
627.694, 303.08, 133.075, 129.988
627.694, 303.08, 133.075, 129.988
637.595, 303.306, 111.635, 109.045
612.309, 287.695, 133.075, 129.988
612.309, 303.08, 133.075, 129.988
612.309, 303.08, 133.075, 129.988
612.309, 303.08, 133.075, 129.988
612.309, 303.08, 133.075, 129.988
612.309, 303.08, 133.075, 129.988
596.925, 303.08, 133.075, 129.988
596.925, 303.08, 133.075, 129.988
596.925, 303.08, 133.075, 129.988
596.925, 303.08, 133.075, 129.988
596.925, 303.08, 133.075, 129.988
596.925, 303.08, 133.075, 129.988
596.925, 303.08, 133.075, 129.988
596.925, 303.08, 133.075, 129.988
596.925, 303.08, 133.075, 129.988
596.925, 303.08, 133.075, 129.988
596.925, 287.695, 133.075, 129.988
596.925, 287.695, 133.075, 129.988
596.925, 287.695, 133.075, 129.988
587.233, 271.234, 159.69, 155.985
587.233, 271.234, 159.69, 155.985
612.309, 287.695, 133.075, 129.988
612.309, 287.695, 133.075, 129.988
612.309, 287.695, 133.075, 129.988
