433.085175, 209.157288, 452.773224, 473.833771
429.035828, 204.955597, 455.311096, 473.634369
427.847443, 205.637466, 457.837860, 474.306702
429.578796, 207.854568, 461.561462, 476.086578
443.907379, 231.440536, 438.882629, 460.255615
416.796875, 210.520813, 473.556732, 482.996338
428.359222, 215.763000, 459.143677, 476.331909
433.815338, 231.376450, 454.825745, 468.978516
448.371918, 232.547729, 428.859589, 444.038391
444.885681, 239.451462, 441.748138, 452.066376
450.999084, 237.264145, 439.114929, 455.363586
447.823334, 235.841003, 442.389221, 456.140808
437.385864, 239.470886, 452.948090, 470.763306
428.521362, 239.410324, 445.137604, 474.274658
445.225739, 240.127289, 437.284424, 462.443420
441.348877, 231.835419, 447.021851, 468.172852
437.515808, 232.598572, 447.882080, 468.993408
437.294952, 232.073349, 451.739532, 474.101959
439.135101, 231.570358, 453.981415, 480.175781
447.092041, 243.018463, 432.968414, 449.844696
453.020386, 240.355927, 440.825073, 463.685455
446.579498, 249.375259, 457.019958, 477.108032
450.839233, 246.254105, 443.630188, 474.191895
459.914459, 237.101532, 451.005402, 469.164948
462.987305, 212.254227, 467.549225, 501.853729
449.393738, 230.080902, 474.161713, 493.696442
465.227356, 232.186859, 453.094818, 470.162598
459.907013, 211.552948, 463.940430, 498.073944
463.908997, 223.745117, 444.890259, 480.951965
464.637756, 232.446167, 453.326874, 472.830719
463.797119, 231.949646, 445.482422, 465.843231
446.211609, 232.032837, 459.908386, 480.110107
461.947937, 219.092621, 437.491943, 464.562042
455.098328, 221.388977, 441.736115, 461.420746
455.041931, 234.921936, 431.746552, 440.391663
450.832336, 211.857483, 440.791565, 473.318756
457.724976, 232.399689, 435.232788, 458.713837
457.368988, 220.106384, 432.896454, 466.736572
443.480103, 215.114090, 453.770538, 471.708679
446.452789, 219.504669, 445.315063, 464.521820
443.781250, 239.369904, 438.323425, 451.380402
444.696869, 240.301590, 438.211670, 450.649414
446.385193, 234.316177, 437.437408, 446.127136
441.110901, 226.723663, 448.739624, 463.358185
446.611420, 234.291595, 439.884186, 449.524231
451.495026, 231.440689, 438.085327, 453.991638
463.703918, 231.053833, 467.521362, 478.054840
445.601318, 229.965149, 440.166077, 462.490692
448.805389, 229.499634, 445.468018, 457.041412
449.486847, 228.381287, 443.477936, 450.791809
452.230286, 236.036987, 455.975189, 472.310760
449.038422, 229.819366, 459.047211, 478.386475
450.213318, 224.876556, 454.250031, 466.262329
448.586914, 232.333588, 455.258362, 480.534027
441.502716, 235.485535, 463.371399, 478.402435
455.900116, 227.368576, 446.678619, 471.908081
457.840881, 222.760895, 449.644379, 472.402740
458.037109, 232.999695, 440.930267, 479.774933
447.815338, 232.587341, 462.797424, 476.805939
469.159454, 228.974091, 443.203217, 486.134888
470.552582, 227.855209, 444.676422, 488.477814
477.092316, 233.775299, 443.119232, 480.815491
468.952667, 223.599564, 466.730469, 489.850677
468.335785, 193.036942, 477.696564, 506.430969
473.657898, 192.077332, 470.211243, 494.257721
462.802856, 190.021088, 475.085449, 505.640625
467.937531, 199.177475, 469.059052, 498.361969
471.009949, 177.224182, 472.104095, 510.147919
471.327942, 178.120316, 468.281372, 509.080811
473.973083, 181.397263, 473.560486, 505.770630
472.364624, 183.161163, 476.732056, 504.461090
472.595612, 180.827621, 464.876373, 505.842926
476.242035, 185.147308, 465.144012, 498.907806
475.082520, 183.464386, 465.377136, 497.846283
468.458496, 172.393097, 463.535278, 510.539703
474.268402, 177.820740, 454.922485, 497.557953
453.518585, 211.617340, 465.066162, 489.647278
472.679779, 192.093735, 449.217041, 480.901764
464.626709, 198.673065, 450.550537, 478.187836
464.203613, 192.911285, 449.564514, 480.337524
462.389740, 217.735382, 458.253418, 489.346466
457.507782, 216.064667, 452.396637, 460.629425
457.906555, 205.636169, 477.532806, 501.902618
446.656158, 203.174118, 457.934357, 493.058411
443.586609, 208.700027, 469.258148, 479.597290
447.474792, 213.468445, 464.745758, 475.443329
450.440674, 211.348785, 464.392303, 473.561462
453.027802, 213.037567, 459.525146, 470.967346
449.591827, 184.870422, 475.016724, 491.486725
445.865448, 202.839066, 463.749054, 477.088806
444.934448, 202.468109, 465.355011, 477.550507
444.682404, 201.520126, 465.158051, 477.367798
444.337219, 196.627197, 467.396423, 477.944183
450.191803, 183.334564, 473.559692, 501.184479
439.994995, 196.570175, 471.148438, 480.361359
442.929810, 183.897354, 476.208374, 500.233521
443.135468, 188.804916, 470.460266, 513.380066
446.653107, 193.831757, 465.494965, 503.360077
455.125885, 187.731262, 462.961792, 496.218689
430.617950, 176.346512, 488.326080, 513.486511
427.653656, 177.434311, 494.605652, 512.572205
445.424225, 195.577103, 467.494995, 500.573242
445.975433, 196.721802, 467.458466, 499.353027
436.573456, 180.720642, 484.450684, 508.081360
433.216064, 179.149536, 487.061279, 510.430023
421.659729, 177.123184, 495.512482, 519.394348
419.665131, 171.389633, 496.112488, 525.335388
437.354065, 180.243881, 482.671753, 506.341705
463.445801, 200.461807, 472.559570, 473.761993
463.315979, 200.522064, 478.054108, 476.632629
474.038116, 203.689301, 469.284882, 469.781311
459.487671, 191.508301, 458.671783, 484.359528
447.852173, 195.511581, 475.379517, 485.063568
452.769623, 176.992966, 478.651642, 504.777832
441.640381, 186.822998, 485.285217, 503.525085
438.698395, 184.548584, 487.783112, 508.510529
441.056885, 184.179062, 488.700531, 511.506378
440.704010, 168.600174, 496.792053, 523.523071
438.449127, 166.468475, 500.088135, 512.483032
436.540527, 167.386765, 500.651276, 515.123352
433.130524, 165.142258, 499.359070, 519.657104
429.060852, 160.205078, 506.211853, 529.326294
430.667023, 169.110229, 500.811279, 519.918640
433.442780, 169.161407, 500.977356, 516.577209
431.362732, 168.159897, 500.692413, 514.886536
430.411743, 169.534363, 502.370575, 514.069641
463.223389, 180.103516, 455.267059, 490.127594
444.837097, 169.778046, 480.066681, 524.506836
439.830658, 170.496674, 492.770630, 503.929443
439.299225, 169.945129, 491.021820, 501.878723
436.200012, 158.329224, 494.904236, 522.717651
449.170197, 168.713669, 469.361694, 505.184021
459.408936, 165.997818, 481.961578, 496.296143
432.057953, 167.363937, 492.836151, 503.825775
442.281036, 143.078125, 490.523712, 519.464905
443.708923, 144.988647, 485.527527, 515.278442
445.254181, 147.648911, 485.022217, 510.500244
443.771454, 148.404068, 484.352936, 509.091675
444.869415, 143.555725, 484.568939, 514.579895
443.385376, 164.356720, 472.582703, 496.432404
449.149017, 173.987183, 467.360138, 481.467896
457.657684, 175.913055, 480.317139, 486.334991
444.874268, 172.626343, 467.782593, 496.144836
450.222565, 169.066559, 459.031219, 488.526367
419.156891, 168.329468, 493.305634, 491.790924
418.727020, 170.121201, 491.680511, 492.768311
415.356262, 171.425446, 494.266754, 494.346008
415.948303, 175.232773, 492.862885, 493.558411
415.875031, 176.292038, 492.486267, 494.679474
416.022247, 178.586441, 492.095154, 496.167755
412.657623, 175.130661, 492.739258, 497.701782
411.432251, 182.126541, 487.881348, 494.566681
409.325928, 174.056946, 492.856750, 506.354858
414.532227, 179.842484, 489.294373, 513.608398
420.223419, 187.749298, 482.332733, 499.408264
406.945160, 194.787827, 484.732239, 486.821686
412.644745, 196.416534, 477.485504, 481.642426
421.132507, 216.238373, 474.759888, 472.171997
439.360840, 231.137634, 457.217865, 456.302704
427.094238, 220.199005, 470.911316, 470.090332
466.010834, 223.107147, 466.147064, 478.889709
478.105042, 230.621674, 461.431946, 475.100616
475.315338, 240.786575, 480.992554, 471.361603
493.746368, 253.511963, 459.769318, 473.641937
525.020203, 243.574509, 476.623749, 487.969727
525.218628, 237.314392, 480.725311, 486.467773
522.866089, 238.162170, 465.062805, 482.403198
508.152924, 236.945007, 469.312531, 482.361145
508.743927, 237.099060, 468.344940, 481.476288
512.607971, 245.042572, 471.307526, 480.709412
473.671783, 226.388123, 485.437103, 498.540588
474.977539, 245.481293, 452.858795, 477.319580
475.716339, 234.201874, 457.729248, 486.369049
467.250275, 221.013977, 456.411713, 494.694458
438.031769, 234.225250, 438.871246, 466.148438
420.760223, 208.628220, 469.729004, 487.985016
434.591095, 217.319351, 462.237579, 484.301636
430.917175, 217.678345, 464.261261, 478.744049
405.617004, 217.555740, 477.043579, 493.416443
430.217285, 256.781982, 459.265747, 471.409576
449.120789, 264.767151, 446.387390, 454.952148
426.538757, 246.197510, 469.796082, 489.723785
431.890961, 246.437866, 457.589508, 482.278503
437.471436, 263.837860, 458.070251, 481.967896
432.736969, 268.320557, 467.400269, 483.638641
418.038544, 261.562927, 473.422668, 480.634186
407.649567, 277.037659, 467.534393, 485.877747
411.518616, 266.300629, 460.607452, 492.919312
416.301331, 269.322876, 457.283447, 477.984863
412.718567, 286.992981, 428.985626, 452.312897
419.368134, 278.804810, 424.476044, 445.127991
404.364166, 285.591614, 448.562653, 468.289886
390.178864, 276.633850, 440.117920, 454.208740
362.665833, 241.708206, 457.559387, 472.527679
363.246033, 234.696106, 449.920532, 467.908051
375.247131, 242.336578, 444.521942, 465.834625
386.893951, 246.196930, 437.076965, 459.494843
388.500275, 241.776764, 433.820648, 454.028076
392.932861, 228.709366, 444.431671, 469.586121
388.438263, 204.125336, 428.640656, 458.857117
387.973450, 232.632477, 433.244690, 446.260376
386.739166, 236.328110, 428.764679, 443.591614
388.398041, 243.190582, 427.465149, 451.888184
391.003082, 243.953949, 431.932465, 450.355011
389.118713, 233.094666, 435.267242, 459.602448
394.476013, 231.155273, 431.435059, 455.735657
389.454590, 225.739746, 439.368042, 464.211700
398.005981, 235.901245, 432.326843, 460.805786
399.170319, 234.886551, 431.531464, 461.786346
396.208374, 231.531311, 436.460510, 457.762024
391.936401, 220.743637, 441.451324, 467.808807
399.549377, 226.637878, 432.269623, 458.639557
403.967102, 232.741241, 424.839020, 461.278534
385.883759, 224.447144, 442.933075, 455.699097
393.277344, 219.096771, 448.509308, 467.413025
362.798157, 240.721909, 468.258850, 475.393005
386.902649, 237.589691, 418.944427, 449.195435
361.024445, 248.087936, 465.707794, 473.715912
376.846680, 194.828033, 441.647522, 463.245667
375.984467, 193.565094, 442.093567, 463.184875
384.876038, 206.658630, 435.264587, 454.289032
373.909729, 227.425751, 438.021332, 452.980469
372.115173, 230.677887, 437.650543, 453.977936
392.225281, 210.182739, 436.114288, 464.510712
399.899017, 218.262909, 413.570404, 458.938538
391.640778, 215.096008, 440.569885, 466.619232
380.490662, 208.166260, 433.242950, 454.857819
367.030426, 206.558853, 440.633240, 461.816437
377.116272, 221.439392, 426.212402, 440.477264
378.365845, 213.460083, 437.014618, 454.652313
378.553406, 206.704498, 432.457672, 461.464905
379.467682, 208.369598, 439.800842, 460.244110
382.789124, 211.217590, 431.139740, 453.972015
370.879486, 211.931244, 448.025726, 464.142456
369.032227, 208.995728, 444.136810, 454.833008
376.677704, 192.963501, 435.126434, 450.886810
363.788696, 188.706818, 442.578857, 453.141998
358.916107, 188.154175, 443.026001, 451.266205
363.174408, 184.433044, 444.296509, 459.875671
361.524078, 191.231155, 443.021179, 456.830750
357.073822, 198.406799, 445.427795, 459.788574
363.810791, 191.563629, 441.475342, 457.460754
365.113037, 189.146332, 437.542908, 451.416901
349.352051, 199.726501, 440.892487, 460.533264
341.630737, 203.035828, 450.049133, 450.264893
347.477539, 200.049652, 444.433075, 463.583130
356.320984, 206.013779, 449.370056, 461.928223
357.040375, 192.900635, 452.268707, 466.764435
353.075775, 198.008698, 454.451752, 472.719025
349.147339, 194.975830, 461.038208, 482.787048
353.410400, 190.217865, 460.539642, 480.955994
377.394592, 173.118683, 451.689331, 483.945404
376.282196, 170.909302, 454.035858, 486.714539
371.437744, 185.515717, 451.581787, 484.670532
372.916779, 201.863419, 446.311218, 461.434570
374.423004, 205.746521, 445.501038, 458.876373
379.632904, 208.911194, 438.535248, 459.411255
377.916992, 183.640808, 448.537628, 485.682526
389.226990, 207.943420, 425.361664, 456.988617
379.809601, 190.288986, 449.267242, 484.071198
384.357147, 192.981598, 455.121826, 482.094025
387.392731, 198.047134, 438.473083, 476.508514
389.804016, 202.263336, 428.988342, 468.814972
390.699310, 200.779572, 430.078278, 468.950012
409.327393, 189.563873, 436.163452, 477.993164
399.475494, 203.195557, 454.375763, 473.419434
382.798889, 209.783966, 463.528717, 473.430786
376.000244, 206.295105, 480.401733, 487.087952
389.285339, 216.600769, 464.925049, 467.350281
372.708710, 214.256775, 462.389618, 478.029114
377.064026, 216.124603, 456.989014, 480.969147
389.240540, 224.186630, 432.930450, 461.986816
374.579224, 214.305542, 444.103851, 482.859497
363.642242, 212.380630, 466.545807, 489.326691
357.240021, 203.311279, 475.933105, 495.840607
359.586365, 216.261444, 448.212891, 456.828857
366.476044, 222.781952, 445.118530, 454.816925
358.897980, 205.249466, 457.067108, 468.303162
354.930725, 192.746841, 467.918762, 481.577087
350.652252, 195.657761, 472.706818, 491.488068
348.856995, 197.969055, 472.900208, 486.106293
362.318146, 192.825104, 461.121613, 477.439423
375.631561, 190.121918, 451.849152, 478.596863
361.398834, 188.306488, 464.647522, 480.539307
356.808014, 191.929138, 466.303833, 486.661469
366.835144, 205.257629, 451.860565, 465.150970
368.538605, 199.495407, 450.945923, 465.516144
380.993744, 198.666382, 444.271179, 457.642181
386.235229, 196.437637, 447.402283, 471.593750
397.869476, 184.831238, 442.051086, 469.657104
390.076324, 175.962723, 448.106079, 475.177185
398.795319, 201.798340, 430.594635, 443.561279
396.926483, 198.162323, 432.484894, 442.720093
398.067596, 192.965317, 433.112213, 446.703400
393.734314, 199.564545, 434.078217, 448.577118
393.120239, 197.863495, 435.331696, 451.591583
394.099365, 182.428711, 441.617249, 465.660309
393.282227, 199.960449, 434.705536, 446.924713
385.899078, 182.409943, 446.476807, 469.899353
391.000214, 180.970840, 445.579773, 474.875336
392.109955, 182.510376, 443.826843, 479.099976
392.475677, 188.705414, 440.948029, 471.478882
394.317688, 197.167435, 441.588165, 468.460297
394.964569, 197.771057, 440.750793, 472.754517
414.477600, 215.088409, 449.588562, 459.119110
402.986511, 203.052872, 450.864777, 463.115112
385.226501, 198.278702, 441.476105, 469.760986
385.567810, 199.588959, 439.273529, 472.413879
377.811615, 196.400360, 457.891418, 470.843109
382.269226, 198.976044, 446.471191, 460.570404
380.256226, 192.505219, 452.226929, 466.386322
382.644897, 193.928436, 452.559692, 467.347931
382.457733, 193.700851, 454.678497, 469.778015
391.587280, 188.033417, 442.741272, 456.281891
387.447754, 192.258026, 448.261658, 461.131622
390.396179, 195.779785, 453.468048, 465.493011
379.687714, 182.083099, 469.739899, 487.779358
396.129974, 196.821548, 450.544708, 465.198761
390.798523, 190.095398, 460.269135, 479.258423
405.965454, 190.396698, 448.699249, 482.915833
406.768402, 184.743698, 462.786469, 499.925110
427.262115, 175.063660, 470.132385, 507.451843
442.196716, 178.423340, 471.132507, 516.932068
441.879211, 165.658112, 481.421509, 514.698975
447.783081, 172.642715, 465.686127, 510.269623
418.453918, 185.752075, 454.568390, 478.569122
418.652161, 174.304062, 465.011841, 494.210327
395.187042, 185.206726, 482.027435, 503.808411
417.727661, 202.333679, 458.054413, 486.462769
411.192963, 209.713684, 444.187439, 468.420441
407.333649, 207.340393, 442.178345, 450.849365
406.687317, 200.709061, 439.414825, 450.637634
395.107147, 196.164734, 460.087372, 468.095154
397.076996, 185.267303, 455.517426, 470.385315
394.608765, 179.000412, 464.313171, 473.341888
397.888031, 181.440887, 462.785309, 464.830139
394.963959, 169.640594, 464.926849, 484.643372
398.027313, 179.731628, 437.392303, 458.580261
402.654907, 183.132034, 444.528412, 455.923767
406.247040, 182.304840, 443.311218, 462.027588
405.015991, 167.588348, 447.176025, 477.726044
389.251984, 172.520035, 467.068115, 487.017181
405.292725, 172.511444, 452.444489, 478.559143
412.519958, 170.189575, 455.767334, 481.408997
434.139618, 183.763397, 432.354370, 465.976135
413.847534, 170.372833, 454.128265, 486.875549
428.730042, 180.384506, 450.354034, 471.520813
425.812317, 177.592209, 455.329773, 481.186035
429.683807, 182.748596, 456.282776, 480.480408
447.062653, 196.332214, 430.676025, 471.559113
446.565033, 193.922104, 434.501556, 472.630005
424.024658, 175.243011, 469.141876, 497.141388
428.564575, 171.525024, 472.329163, 506.127808
426.255341, 176.537201, 470.883789, 496.533112
427.810974, 173.816467, 470.015900, 492.716125
425.394073, 167.835953, 465.642059, 494.856628
433.268311, 169.714172, 457.299957, 488.933228
440.736450, 175.097763, 442.191833, 473.147614
437.094269, 185.119751, 433.197021, 453.521729
429.322479, 170.110291, 457.628448, 483.429688
426.637573, 173.399582, 458.476929, 481.099976
419.700439, 169.556152, 444.379242, 486.169586
393.673615, 181.728378, 457.641449, 491.053711
401.496796, 184.126862, 453.835236, 499.492828
401.865509, 191.018951, 449.244415, 493.778473
398.036407, 198.257767, 456.187378, 486.444031
398.830078, 195.089996, 457.175781, 473.618683
413.835785, 191.508301, 456.523071, 484.938416
418.445099, 181.505402, 454.263672, 487.095581
417.456207, 184.710709, 453.793335, 487.490204
395.392059, 199.886993, 449.264130, 465.529449
402.709167, 182.561829, 455.616943, 477.689911
414.218964, 205.856567, 450.961487, 465.015808
400.904816, 190.891220, 456.127106, 484.387695
400.839966, 189.463654, 459.652039, 492.817810
398.497833, 189.018188, 464.286957, 492.964020
401.287323, 195.020203, 459.517273, 482.986359
398.878632, 189.410446, 462.301270, 488.398926
398.748840, 189.576782, 461.678589, 489.097565
400.230682, 188.453705, 462.562164, 488.768860
405.678467, 193.180878, 456.881775, 483.580261
400.453857, 192.681625, 462.905518, 485.449890
402.520020, 189.730927, 463.246979, 483.867950
405.598694, 186.962952, 468.682007, 488.600525
410.106384, 200.507446, 459.926422, 479.496613
414.281677, 193.002213, 463.381439, 478.060944
419.458923, 186.220367, 461.159546, 478.727539
423.932251, 188.059692, 460.521820, 477.280212
425.968353, 188.393463, 459.866913, 477.636200
423.005585, 204.287933, 453.944794, 465.849304
425.623505, 203.071381, 452.130188, 467.112854
430.365112, 202.522125, 451.244781, 464.734344
441.521912, 193.410217, 445.679108, 474.975037
433.642639, 191.840240, 451.262970, 474.015472
435.796844, 188.370850, 459.850891, 482.923004
432.001312, 190.742035, 472.444031, 496.005249
430.532654, 204.572815, 474.455780, 489.194580
430.820221, 204.963989, 472.991730, 484.454437
427.227386, 173.299408, 477.553558, 515.476501
440.009888, 194.467667, 446.897858, 488.969086
442.301880, 198.328262, 448.355225, 488.042389
441.555817, 193.663544, 452.376038, 491.132294
451.921326, 202.431732, 434.207520, 464.374420
434.709900, 201.856445, 463.337402, 495.935974
431.025513, 201.986145, 461.743774, 498.065704
433.404602, 205.549240, 462.827515, 500.394379
436.618225, 214.938492, 448.686340, 483.286163
436.862885, 214.371246, 457.769806, 485.035004
448.376648, 205.309372, 437.185822, 466.010468
431.161713, 208.208527, 451.847046, 492.586975
444.218872, 216.513153, 435.964233, 473.769897
439.841736, 190.173996, 452.005554, 498.655273
434.573883, 207.729645, 460.678955, 495.863739
442.597534, 202.822357, 441.599854, 473.447906
426.534149, 207.203857, 462.013824, 492.634186
447.427124, 207.365402, 440.498108, 459.480316
443.069702, 188.144730, 442.766205, 481.296234
447.270782, 193.653976, 440.402466, 475.809204
445.631958, 187.516678, 445.030975, 480.903320
431.004578, 172.547150, 462.594971, 497.321320
439.146606, 180.212799, 456.110016, 503.227722
438.739166, 177.179611, 460.639191, 502.534851
425.512268, 182.318863, 455.043365, 496.958832
427.170654, 181.308762, 451.389435, 489.264648
430.122986, 182.164673, 448.792053, 479.311127
428.694244, 177.383881, 449.692261, 477.154510
430.871155, 178.768768, 451.541046, 470.157745
420.089478, 180.606995, 457.462708, 479.190735
424.172058, 186.714294, 453.937439, 472.181458
434.185913, 194.346420, 446.671265, 457.952484
433.981537, 191.450043, 448.542175, 462.279938
432.273651, 192.000549, 447.423584, 460.915894
431.823730, 191.790405, 449.105927, 461.921936
419.141449, 181.347992, 449.456055, 472.263916
418.142731, 181.560211, 450.765442, 472.050598
419.890778, 179.654175, 449.661285, 471.184723
433.065582, 186.419449, 436.459290, 460.259521
440.297058, 177.316559, 443.610321, 472.441010
437.831238, 178.745056, 440.543793, 471.641296
427.017303, 198.700806, 430.804504, 448.977631
428.297028, 199.959564, 448.483582, 458.635162
441.470001, 203.317169, 445.059601, 467.379517
426.394989, 179.990540, 460.898926, 474.773499
424.819977, 182.853012, 461.424652, 473.874695
424.684082, 184.603821, 462.783569, 477.045868
426.488251, 184.606689, 462.884430, 481.993134
421.228455, 184.541382, 465.517151, 490.273895
421.205414, 181.915588, 467.182556, 491.132904
426.569000, 185.269943, 461.386078, 482.889801
422.070770, 177.127914, 464.573242, 496.972748
425.316467, 173.998566, 468.100067, 497.313232
423.599548, 181.559143, 463.190887, 494.882111
423.312317, 177.548203, 467.818970, 499.716064
435.961578, 167.024689, 467.626831, 501.511322
454.736237, 208.367371, 425.412231, 453.531982
441.492981, 194.377777, 448.632568, 491.615692
439.610138, 195.193130, 456.281525, 491.627808
448.113220, 178.132629, 458.129791, 501.319672
448.116638, 207.998520, 452.259308, 462.883820
451.072693, 206.870361, 454.829376, 469.116882
451.159821, 188.457321, 454.440155, 491.233429
435.770233, 185.242767, 481.864166, 508.996338
446.843140, 190.189667, 451.714935, 481.361755
455.710327, 170.069809, 449.735352, 491.942596
444.164001, 178.710938, 446.719849, 473.553650
438.068970, 180.545456, 457.238312, 465.135254
429.509064, 162.528122, 467.933380, 492.297211
425.320190, 175.871979, 477.225555, 497.951172
421.045959, 175.445221, 483.262726, 506.175201
424.158630, 184.450623, 472.180603, 493.700958
422.818634, 184.421051, 472.267670, 492.585876
422.191833, 185.049606, 471.648438, 497.107941
420.337097, 187.994995, 474.491058, 499.719849
423.973572, 197.986328, 468.247284, 478.869598
424.543121, 200.944656, 467.052368, 482.589630
415.219513, 192.714996, 478.539368, 490.825958
411.562317, 191.372803, 483.780243, 495.583191
412.204895, 189.597778, 481.999115, 494.218445
423.510590, 186.801010, 474.737671, 491.886292
419.776093, 200.617035, 466.079895, 475.860077
418.390045, 203.599121, 469.340973, 477.605377
420.874481, 208.850525, 466.445038, 474.833160
423.515198, 192.912170, 472.921387, 487.122192
422.830963, 195.147476, 468.889374, 488.669006
424.663330, 190.878204, 466.457520, 485.999664
425.518677, 190.225983, 466.472046, 489.568573
432.987793, 190.503860, 460.316589, 483.955475
431.560547, 193.338654, 460.954956, 479.471741
430.800507, 192.420502, 460.063904, 478.397156
430.196228, 192.177826, 462.534607, 479.427826
427.164673, 188.831360, 462.322693, 481.821198
425.196381, 186.337723, 462.776489, 482.357178
429.896606, 189.084290, 461.438629, 479.228668
438.282654, 191.500793, 456.156403, 476.988342
438.601105, 189.908234, 456.896729, 477.243134
435.433380, 184.021118, 465.588226, 489.648621
447.572815, 201.840454, 448.424377, 475.361969
455.356323, 183.095230, 452.425995, 488.997833
455.485748, 187.962769, 445.687592, 488.278381
454.771088, 183.597260, 457.681061, 498.462524
451.163544, 186.124756, 454.319458, 489.026398
446.500244, 208.270020, 462.156250, 476.947723
452.366974, 188.614594, 461.346039, 477.413971
453.102753, 186.992050, 449.062317, 473.709717
439.576569, 189.909607, 455.673462, 466.978821
430.635681, 191.278564, 457.303284, 476.590363
442.675598, 197.808136, 450.512512, 477.444183
430.787903, 171.392929, 465.956970, 485.755219
431.958527, 174.520020, 467.368408, 481.581451
431.518890, 174.737885, 468.002899, 478.170807
430.882263, 180.638794, 465.618774, 475.790680
430.664215, 180.477631, 463.754395, 475.268768
430.430969, 184.391129, 463.245422, 477.003662
431.733948, 185.229416, 465.069275, 479.796234
427.618500, 181.976135, 473.160706, 490.803253
427.224060, 181.696320, 474.775269, 490.257996
426.018829, 181.935516, 477.993866, 495.968048
429.944397, 185.468826, 473.329956, 487.376953
428.539093, 185.350311, 471.468567, 487.592773
425.457458, 187.083069, 476.505615, 498.854187
429.533478, 190.468842, 477.208832, 499.322754
429.375549, 192.333405, 475.786560, 498.658997
426.770721, 190.004456, 476.195984, 501.003693
428.456146, 194.983810, 472.235168, 495.948578
433.062012, 199.270782, 467.700134, 492.710083
431.458588, 195.813232, 469.506378, 495.747223
429.272552, 193.592514, 473.157959, 498.575836
418.624359, 203.775513, 476.742554, 489.560852
418.910187, 200.440796, 481.741821, 494.587738
429.828308, 198.305344, 475.338287, 496.763550
427.071106, 197.827209, 481.744019, 501.510468
424.099396, 194.803711, 482.319458, 505.250488
428.047638, 203.280121, 483.454407, 505.159454
440.433105, 216.500992, 465.665558, 490.285950
425.908752, 202.386841, 486.615112, 505.321106
423.923615, 198.438141, 490.112518, 510.385132
423.975769, 193.590027, 483.756042, 511.881012
423.914948, 193.587296, 483.750610, 512.078918
425.539642, 197.224472, 483.787415, 511.871094
419.601532, 192.194138, 487.002197, 505.570007
422.568970, 187.887848, 493.571991, 506.386627
418.613068, 186.527542, 494.570007, 507.783844
417.793884, 189.859894, 488.889557, 511.215729
414.559540, 196.214081, 497.381683, 506.929626
415.425903, 197.649567, 495.368958, 504.621429
418.641449, 189.768951, 491.103760, 509.775574
415.413513, 192.407822, 491.955475, 507.545258
414.109833, 191.730072, 491.940002, 510.691071
410.398346, 189.132172, 499.225861, 518.135925
410.681091, 191.362183, 496.593323, 516.496643
424.100830, 207.987289, 483.580811, 500.385468
432.170349, 217.465149, 467.359131, 484.281769
438.363953, 217.247879, 469.254395, 490.980164
429.240082, 202.280975, 479.850372, 513.451599
416.229950, 193.733368, 500.268738, 508.740356
428.468048, 203.081451, 485.772858, 520.059570
425.805695, 223.790283, 481.828613, 498.492767
427.052490, 226.492432, 478.309021, 493.687561
424.756989, 225.940216, 479.253052, 495.129517
425.578552, 226.811783, 476.725403, 494.633789
426.124512, 229.648224, 477.009918, 495.815338
421.327545, 217.618103, 487.094818, 509.155151
444.261841, 239.204742, 451.305969, 481.429260
426.860046, 217.238052, 474.234192, 508.444214
433.420166, 229.287811, 457.276764, 475.828033
432.553650, 204.953751, 475.078522, 504.405518
435.242371, 236.306976, 433.876221, 449.314178
424.345276, 208.177399, 448.493988, 464.728271
431.237915, 213.220612, 426.931213, 446.147125
427.802155, 211.322708, 425.993652, 440.512085
435.925201, 235.571014, 413.125153, 427.864136
434.157135, 213.643890, 415.547668, 439.044037
430.662903, 202.978043, 416.079895, 442.528931
428.792297, 210.576538, 414.195831, 435.901398
436.413116, 203.774216, 421.812805, 452.221710
432.259705, 206.114166, 429.588470, 455.921692
432.188934, 218.702560, 420.779877, 449.237640
432.099579, 210.499634, 418.404999, 454.006775
426.735046, 216.761292, 422.771606, 444.132355
415.126160, 219.661179, 433.803101, 442.958527
445.108887, 210.967316, 425.394409, 447.252747
441.427582, 194.164154, 420.027924, 449.975220
439.384399, 194.962265, 419.933777, 447.175659
441.179779, 190.717422, 420.901703, 456.096100
461.955719, 205.956879, 402.910645, 441.565338
453.320587, 193.920486, 419.398499, 440.064117
454.721527, 197.093521, 419.124817, 438.599457
445.165314, 197.153992, 439.497070, 441.783813
450.971680, 202.269455, 437.383392, 443.127655
457.000854, 209.638245, 431.889404, 455.617828
441.331146, 201.247818, 462.607452, 472.083008
475.543854, 193.685822, 440.268250, 470.926605
479.552521, 192.873642, 439.385864, 470.244843
473.378784, 191.421936, 450.724152, 483.266571
461.568024, 211.482407, 436.683929, 463.133026
453.314545, 200.572876, 449.029633, 471.212738
478.556885, 202.380188, 424.999817, 458.602783
445.635651, 206.367844, 450.252258, 476.491547
473.616272, 193.230469, 425.144867, 472.921753
475.279877, 192.859650, 425.804596, 473.253662
485.622253, 194.465179, 425.008453, 473.314941
445.773682, 197.146439, 470.871124, 479.549683
458.253174, 201.189651, 470.456543, 469.411316
455.629303, 201.623123, 450.238770, 473.114380
471.709198, 191.337891, 455.769531, 479.764252
473.645874, 194.740311, 451.403870, 479.296631
461.679413, 183.634979, 462.572083, 488.149323
467.330292, 190.635376, 442.583038, 485.049530
453.434967, 204.136765, 457.432709, 480.982727
447.413818, 214.193771, 461.655334, 467.243317
481.381500, 195.286819, 442.692230, 475.439606
480.295441, 200.973022, 447.886475, 473.903687
467.993378, 188.898499, 456.444672, 484.709625
468.982178, 202.975891, 450.393890, 475.234100
450.441010, 200.650848, 441.320801, 467.220428
421.490845, 205.811813, 454.214752, 464.846558
430.818237, 229.932632, 425.516449, 444.742523
404.115112, 209.974625, 460.583649, 472.592255
411.988098, 210.508606, 460.610260, 486.026154
427.976563, 226.201752, 447.289703, 461.122192
420.415497, 221.776047, 460.832672, 467.490143
424.333313, 214.590500, 455.630920, 463.721680
427.534912, 208.022949, 452.434601, 462.809906
435.340179, 202.124924, 448.409149, 464.379333
419.935333, 222.532242, 457.309387, 463.224915
426.554810, 210.964340, 447.939484, 463.968597
422.354919, 209.158173, 453.988434, 466.973328
429.363220, 204.701111, 446.168579, 473.191772
430.100372, 201.810120, 448.101837, 474.566711
433.146912, 202.910217, 453.374054, 476.304993
434.207458, 212.274155, 450.760712, 478.514160
427.916534, 210.342575, 454.914124, 476.566345
426.283051, 213.619385, 460.029266, 488.264984
435.857605, 216.862915, 461.587189, 489.511322
433.257233, 230.807556, 464.104095, 476.677002
436.901581, 231.824158, 460.814484, 478.254211
438.096924, 232.612061, 457.858307, 475.734375
421.175476, 224.791214, 463.663452, 482.416168
419.083344, 219.546631, 456.270325, 480.798035
413.623749, 222.492783, 465.783905, 479.664856
440.009888, 230.755569, 440.032349, 463.819763
432.722260, 227.227783, 446.823792, 470.992523
434.393036, 228.961182, 445.233124, 471.236725
435.428040, 228.096558, 444.554688, 467.464630
433.048126, 234.904739, 450.080017, 470.723297
441.353516, 212.982513, 451.214996, 479.074860
445.286652, 213.506805, 448.381165, 472.090698
435.425537, 227.535049, 446.497345, 468.563843
449.524811, 232.164795, 445.743683, 467.540344
441.034607, 230.332291, 453.790222, 473.623749
452.621338, 226.551819, 441.095978, 465.785522
449.099548, 227.355438, 441.329742, 463.304199
450.257050, 225.425659, 439.321838, 463.872894
438.613495, 232.801498, 452.105621, 465.805481
448.074127, 214.625351, 440.748444, 466.457214
439.812408, 210.227112, 449.982727, 464.954559
434.049774, 211.645233, 457.066803, 477.531799
443.042542, 220.698242, 451.698853, 462.911926
440.876587, 217.718109, 446.643738, 460.035095
438.429657, 219.395264, 450.157074, 462.816498
447.682373, 224.913391, 447.453705, 452.607788
453.319916, 221.439178, 440.679016, 450.821472
463.133911, 215.271317, 425.087372, 464.776398
468.635925, 218.829620, 432.688080, 455.197052
454.944824, 201.470871, 449.420715, 486.490021
465.788818, 220.018188, 431.894653, 460.674408
464.147980, 214.388947, 424.798157, 463.541779
465.171051, 190.481964, 452.168976, 486.899933
463.345612, 226.002853, 435.448639, 462.554596
466.758301, 229.963806, 426.485809, 449.561493
462.222473, 222.657593, 430.156830, 458.989624
462.100281, 200.883575, 450.269043, 478.599457
461.908173, 202.997162, 444.224640, 475.386993
474.411774, 221.430252, 427.278168, 454.787231
465.050140, 205.180389, 447.792023, 479.506134
452.368469, 226.041794, 443.489777, 468.281830
471.556305, 206.567825, 430.617554, 465.049347
476.065308, 209.597977, 424.806641, 461.834076
461.335938, 211.412460, 438.193176, 467.373535
460.855957, 225.644592, 426.009003, 457.163818
469.023102, 218.689087, 427.616150, 456.088928
468.128937, 204.711487, 436.828339, 468.139954
462.240448, 201.426666, 445.504303, 469.512573
464.867584, 202.850266, 444.637024, 463.666443
465.445984, 216.331772, 434.883118, 451.468170
465.669006, 215.180023, 435.277100, 450.894897
464.206329, 213.507751, 437.131775, 454.232635
471.678650, 204.121170, 432.360168, 468.300201
473.945496, 198.693726, 430.436707, 474.417206
467.679199, 193.901642, 429.996399, 475.154938
453.950806, 215.253143, 430.862518, 452.985016
450.992432, 216.053619, 426.318848, 454.211334
431.856110, 202.556732, 464.713745, 473.535858
446.233032, 215.045349, 452.722412, 469.389038
451.410492, 191.940125, 466.248566, 486.053894
437.668182, 214.872284, 467.492737, 476.224487
441.394226, 220.170227, 464.473419, 476.460327
445.415283, 222.800858, 460.736969, 479.491302
450.392822, 201.149551, 470.179688, 493.400787
446.015350, 227.236603, 460.308990, 483.077850
446.302612, 228.785614, 461.435760, 484.322632
455.605438, 208.667267, 461.145172, 491.890747
451.042572, 213.049805, 469.749481, 493.848633
448.978424, 212.029327, 472.123138, 495.741119
444.462921, 216.023132, 468.950012, 488.554840
450.114929, 220.379684, 466.461395, 487.348755
451.831482, 232.919113, 461.378357, 490.250092
453.811157, 230.412674, 462.743896, 483.054382
448.972107, 226.360901, 457.957001, 484.452881
439.804260, 221.966873, 473.263367, 498.568787
445.539124, 231.890701, 461.197144, 488.300781
429.186432, 227.762146, 470.929321, 492.786957
435.681824, 248.329468, 455.718262, 470.247742
445.138397, 254.537354, 437.758209, 459.472260
444.807709, 257.965424, 440.463837, 460.346893
440.144226, 256.919128, 442.979004, 463.437744
440.073792, 256.525970, 443.995605, 464.071716
424.587463, 245.968353, 458.316742, 469.045410
423.302124, 242.278641, 458.075317, 468.616180
419.610596, 238.232040, 458.118042, 469.162537
432.888702, 253.352936, 442.251831, 458.856079
421.818970, 235.062668, 462.031128, 473.785126
441.604553, 250.129028, 441.323822, 450.003174
441.365875, 251.156586, 425.688873, 444.767975
438.785828, 242.755539, 439.055511, 444.984558
454.533661, 216.689941, 437.503540, 469.257965
447.258759, 238.072113, 449.148163, 470.123932
454.510254, 246.100159, 430.605774, 456.051819
450.420715, 236.569260, 455.225220, 472.238556
456.075287, 239.857468, 448.545807, 465.353088
473.279083, 223.336853, 436.728210, 466.984924
473.465271, 237.483734, 435.677734, 447.570679
464.755707, 215.974426, 435.413177, 466.838409
464.693115, 222.813263, 436.530365, 452.250275
491.163086, 223.840759, 405.667908, 444.805786
468.086578, 214.184937, 439.107819, 453.165497
453.514984, 217.449265, 463.556580, 462.040771
464.916077, 206.570663, 458.220459, 452.467499
471.081787, 203.685898, 441.642242, 446.898315
473.139587, 200.852753, 439.918518, 446.481354
485.653687, 187.060455, 435.854828, 467.766418
487.836914, 185.569031, 427.437988, 465.553192
483.369751, 183.723434, 435.556610, 472.971558
471.288116, 189.783386, 446.056854, 477.315979
480.667480, 172.425964, 439.115875, 470.809387
472.137543, 182.072327, 430.502075, 459.235199
475.112091, 180.523407, 429.843964, 460.697449
484.483398, 171.924347, 429.440430, 462.429504
485.843658, 173.941528, 426.607880, 457.677521
483.330261, 169.256622, 427.661438, 463.536530
481.209808, 168.192322, 435.229065, 466.744568
481.520020, 178.978729, 427.085205, 451.708588
482.954315, 179.538727, 425.163116, 450.890167
485.152283, 184.779175, 418.837555, 446.297943
486.685699, 169.026855, 427.858917, 451.617859
475.564545, 164.780426, 438.799896, 470.511108
476.763641, 165.695099, 430.522797, 458.327362
474.231842, 179.573059, 417.946289, 445.047211
464.772156, 195.363388, 424.044495, 436.605682
460.987366, 195.372162, 422.848145, 437.111877
482.741669, 201.397247, 394.006805, 427.979279
470.961273, 187.614853, 412.133057, 444.406464
459.195068, 193.507034, 424.131866, 432.183350
464.072540, 193.175079, 425.361938, 435.806824
482.468842, 187.723175, 403.957733, 445.483704
462.952942, 193.380768, 424.628052, 429.716980
460.220062, 190.191238, 424.962830, 425.845642
463.318634, 190.438873, 424.501312, 415.346588
457.442932, 184.057251, 434.798706, 434.302673
455.013672, 163.971207, 445.459900, 447.474121
489.724548, 188.626984, 409.479553, 422.587372
458.427185, 185.579880, 431.042328, 424.389954
457.082703, 185.797043, 429.191254, 425.298737
476.821594, 181.797729, 416.241180, 425.164490
458.249603, 189.954025, 425.083771, 417.569275
480.946259, 171.397461, 419.391205, 439.990601
455.634949, 184.132889, 429.899597, 447.363312
482.062836, 176.394196, 416.237274, 434.406128
463.075226, 156.603104, 438.195038, 457.171143
457.523712, 182.498474, 441.211792, 438.300964
458.721344, 186.347809, 440.040802, 435.439209
458.571472, 153.700653, 445.878693, 457.278015
471.337891, 178.965546, 427.813049, 439.228363
459.425598, 154.571793, 446.722382, 460.309662
459.719238, 159.866989, 441.841064, 452.980042
453.323700, 184.340302, 432.536377, 430.245880
463.729492, 180.422638, 430.433411, 446.829163
461.843811, 183.577896, 433.552216, 446.816681
456.100525, 191.578568, 439.209961, 439.537720
468.799805, 179.536224, 435.131592, 454.591888
463.627106, 169.600922, 442.639587, 459.833038
455.529419, 159.496170, 452.194641, 480.018341
453.874878, 166.262085, 454.217682, 472.760437
448.750275, 166.170944, 457.147675, 470.414185
435.649597, 190.353287, 452.887573, 458.588074
453.453186, 180.391998, 443.851776, 460.398621
455.589691, 185.520767, 446.928223, 461.642456
449.093719, 177.336273, 451.028778, 474.871765
454.467468, 179.330109, 443.390564, 471.265961
428.038513, 198.796371, 472.367188, 489.045959
458.856110, 195.912903, 438.834900, 473.331573
446.257904, 189.203384, 464.919037, 497.761139
453.124054, 212.626755, 446.604950, 463.330017
455.227875, 193.738739, 437.865631, 480.906830
453.339966, 194.246460, 437.174194, 477.763489
456.644348, 195.134552, 435.913300, 477.007568
453.873932, 210.459488, 433.130707, 460.719513
452.466095, 205.522812, 448.162903, 466.231262
465.089264, 192.169968, 436.909393, 477.037018
464.838348, 190.811691, 440.945374, 473.887634
460.683197, 183.326004, 439.605316, 487.063965
464.926788, 210.427826, 434.746460, 455.049652
456.990906, 204.170990, 440.584229, 468.135956
463.199860, 215.015350, 429.294128, 455.321869
455.172455, 208.177307, 438.380280, 464.168518
455.517548, 206.499725, 438.346741, 464.819580
450.598572, 221.891083, 439.908203, 459.304932
446.466858, 224.537506, 447.550781, 465.328156
453.610046, 208.028290, 444.123993, 466.097107
450.069519, 206.257294, 446.661438, 465.946808
472.774719, 214.546967, 445.911957, 461.369202
449.001099, 202.890366, 450.898926, 468.598572
453.801605, 203.506058, 450.000916, 471.013947
461.461060, 215.036713, 448.597992, 467.197784
469.232758, 230.147919, 440.782898, 456.882507
472.344666, 222.986603, 436.663940, 459.316681
470.387726, 226.318817, 438.579865, 457.079926
477.167053, 215.237091, 426.741791, 459.127197
464.378204, 225.989548, 426.460663, 450.477386
468.461914, 202.691437, 444.205170, 466.958954
474.634247, 202.598251, 442.907104, 466.257324
476.355957, 207.474152, 442.389954, 464.920807
479.527039, 205.152008, 436.949158, 467.367004
475.147003, 204.779037, 438.880920, 472.010773
472.298859, 203.361328, 453.702393, 475.979523
477.838684, 197.027191, 458.244904, 477.052185
477.483002, 212.777039, 436.178375, 468.905945
478.376892, 211.183563, 440.633698, 471.498383
485.723206, 231.996323, 434.582458, 450.318298
484.675659, 229.965134, 428.116760, 442.199707
478.711060, 223.377930, 428.891418, 456.944427
483.365540, 206.494934, 442.289825, 469.355682
478.891327, 215.686646, 441.998169, 469.918274
468.003296, 214.909180, 452.991241, 479.038391
473.707947, 220.804932, 448.838074, 470.989197
466.595764, 212.189529, 453.322205, 480.621368
473.036072, 219.265900, 450.795807, 479.386292
478.314331, 231.072296, 439.534058, 457.670807
463.602570, 211.133820, 457.470490, 480.993011
492.359100, 218.546844, 421.876160, 452.811218
494.282654, 216.828506, 420.409058, 450.866180
486.205994, 227.109879, 431.233124, 439.963257
485.580170, 209.744629, 436.696014, 457.374084
483.417206, 205.970581, 440.030518, 466.655426
483.282288, 212.874344, 438.269592, 465.401001
475.923065, 210.240479, 441.794434, 468.484924
480.526886, 230.412003, 429.559418, 446.034912
479.380859, 229.331207, 430.555542, 447.398712
489.793579, 214.937744, 425.070404, 458.761902
482.090210, 229.814682, 429.679199, 448.651794
485.446503, 211.503906, 426.702637, 460.851837
478.586365, 227.482132, 432.373138, 448.346283
478.309265, 218.812057, 433.428009, 459.758148
477.794067, 227.168915, 421.353180, 452.522766
479.640411, 221.176682, 433.279266, 461.950043
458.329529, 207.765472, 459.596039, 493.071594
478.319489, 222.048096, 423.540039, 461.361115
456.678589, 205.714523, 460.372375, 491.362671
455.386230, 201.372696, 467.288818, 493.516174
456.974945, 202.514038, 468.426178, 490.201355
483.638672, 225.918777, 431.200470, 446.016296
473.554993, 224.246384, 438.167908, 451.053284
461.716248, 204.391174, 454.782837, 475.541016
465.997833, 206.865417, 453.434814, 472.280823
469.574951, 215.134796, 450.878998, 471.508545
465.123199, 221.867706, 449.965424, 471.991913
452.350616, 213.473221, 457.466980, 475.763336
451.165802, 211.968918, 460.221375, 476.468750
453.979584, 215.367737, 459.589111, 475.945892
469.290771, 222.407059, 446.505096, 464.629669
476.391663, 238.163010, 434.071991, 448.301361
472.527344, 232.295258, 439.617035, 455.897522
468.320190, 233.465744, 443.332977, 450.410492
482.113312, 211.659454, 442.891846, 467.180542
466.710632, 205.635254, 454.584473, 485.062164
479.135345, 206.124146, 448.929901, 476.036713
489.582092, 196.994080, 436.534424, 485.577881
482.750275, 191.778778, 446.991974, 491.072510
474.260315, 190.930939, 454.323181, 495.864410
478.677979, 189.396790, 451.937866, 494.952118
476.870392, 191.635406, 453.004974, 494.468109
477.237030, 186.836502, 452.795105, 495.053162
477.086731, 187.385086, 454.508026, 496.500702
483.809784, 196.532639, 444.585785, 486.138519
476.956238, 190.743622, 456.087616, 492.706635
482.353241, 192.365051, 444.400787, 483.500977
477.505615, 184.071777, 453.081573, 496.228302
474.575623, 184.208145, 454.864502, 497.400513
472.085480, 191.213379, 458.929840, 495.009735
473.231354, 189.308975, 455.842621, 498.384583
458.081696, 220.938385, 462.261963, 473.534149
456.914398, 216.381927, 464.750549, 477.028351
455.916534, 217.293121, 463.280975, 478.055023
454.949036, 217.233810, 461.612823, 480.278534
477.315186, 199.887756, 453.603973, 483.897675
453.602234, 217.505081, 457.317902, 473.999847
456.047791, 217.635895, 460.232147, 477.901672
457.505768, 220.022842, 457.991180, 474.234924
458.400421, 219.978638, 453.972443, 470.695221
459.386658, 219.503647, 458.370239, 474.995697
460.491455, 219.519592, 460.831604, 477.025146
461.145477, 218.255554, 463.819916, 476.699554
461.391113, 217.508087, 461.469482, 477.985443
461.792542, 219.161758, 461.900848, 478.462830
478.187836, 198.909531, 454.036285, 485.692017
449.507111, 211.258362, 475.593781, 489.394409
449.128448, 210.162048, 476.590973, 493.259094
447.825592, 211.476105, 479.821777, 494.128723
454.625580, 208.206177, 477.778229, 491.634766
476.755493, 185.161957, 453.860657, 490.479156
476.991943, 188.862411, 447.030609, 485.538452
475.556915, 190.272141, 446.538330, 487.824646
478.876068, 199.146896, 448.821533, 488.831390
483.985229, 204.221207, 445.475677, 488.475372
480.855255, 204.134857, 447.799103, 489.078674
483.519257, 206.077805, 440.129120, 484.345154
482.093506, 202.146530, 442.835968, 484.767578
470.067780, 188.944672, 458.795135, 500.298859
468.925751, 186.308319, 455.686554, 493.175690
463.786133, 185.988983, 464.637390, 496.832581
468.496552, 188.091843, 450.901093, 490.376404
461.726807, 189.902191, 467.552124, 500.427948
469.716705, 194.362991, 451.609436, 485.222534
469.894135, 194.428848, 452.763031, 491.876038
469.571289, 195.565720, 454.177795, 489.739624
465.904358, 198.310593, 461.671600, 493.265839
466.263763, 185.750122, 458.180145, 504.539917
462.836273, 187.231110, 453.914032, 496.362549
460.074707, 176.567291, 459.553009, 504.860809
460.665161, 224.221542, 440.562988, 469.052643
450.182922, 197.989700, 458.635895, 493.976471
467.082123, 214.512741, 438.120300, 473.875397
455.455414, 216.212143, 431.249084, 472.277985
455.584686, 222.514389, 435.001556, 451.217102
455.629822, 222.359924, 437.309357, 453.454163
453.135529, 214.211304, 448.690704, 468.036346
449.557861, 216.832367, 441.014587, 464.253784
447.122101, 189.044693, 469.555542, 486.429047
450.051605, 189.193817, 470.059845, 486.315674
470.998352, 190.092316, 458.959259, 484.922272
477.557098, 211.487396, 446.419342, 472.258057
456.977905, 193.930283, 472.380524, 505.554138
485.564819, 199.188538, 455.796051, 485.456482
465.919006, 208.761292, 481.581879, 501.926025
469.876160, 210.893738, 485.846527, 497.144104
497.415619, 197.174332, 451.696808, 489.894989
494.022003, 192.460526, 450.607361, 490.214661
492.756775, 186.282990, 453.620758, 481.692810
471.313934, 187.373749, 459.589050, 493.323151
470.038452, 188.558105, 462.467072, 495.805603
479.988251, 170.268036, 468.818848, 503.236847
477.935944, 172.356735, 470.775696, 505.086700
483.306396, 182.739822, 467.100220, 497.618561
477.772980, 182.087921, 463.136078, 496.406525
467.166840, 181.907745, 471.104858, 503.246155
481.277222, 193.036621, 449.893524, 477.831085
486.322144, 200.375549, 432.583496, 475.155701
476.016357, 202.236237, 456.621307, 480.892975
456.749908, 207.627777, 469.125916, 488.785889
460.664001, 206.698349, 463.965363, 486.502228
461.739441, 207.525269, 464.341766, 485.775909
492.104248, 212.381348, 461.915741, 481.778473
467.618805, 201.818100, 451.479248, 480.375427
479.580963, 189.997742, 469.454315, 488.769806
463.699127, 201.298843, 456.549042, 495.458893
475.525391, 197.743347, 452.454376, 489.658112
465.665924, 204.945679, 472.890167, 500.277100
485.222015, 225.786255, 432.840515, 465.907867
482.879211, 213.550247, 459.979156, 484.864838
482.161804, 219.737152, 457.369446, 483.593140
473.616028, 216.757004, 472.758484, 493.540985
471.095581, 221.876495, 476.928558, 487.934875
476.888733, 221.154358, 465.984924, 488.473083
479.585693, 202.812790, 454.460571, 494.915955
464.439117, 232.704849, 453.749817, 468.429596
463.017853, 217.720261, 460.039764, 486.068176
456.602692, 217.541290, 464.064301, 496.716949
445.710510, 218.346344, 474.280487, 491.987488
450.561249, 217.935104, 466.052185, 492.748016
451.423218, 217.234467, 465.520569, 495.373688
448.530792, 219.349335, 470.123016, 495.033875
447.404694, 204.174652, 474.438080, 503.122345
444.675995, 222.331055, 468.398773, 487.956055
461.656525, 224.911499, 448.932648, 482.475250
453.892914, 199.241882, 462.297058, 500.302673
457.339722, 202.896362, 462.328156, 497.695953
457.919189, 190.457321, 466.423615, 504.961060
470.600708, 225.676270, 452.663177, 479.067200
461.258301, 222.133652, 471.299866, 504.573883
476.628967, 200.389343, 471.931366, 513.397766
481.408508, 236.723480, 464.172516, 488.022614
467.094391, 226.820938, 505.448730, 511.245544
478.278870, 232.506363, 488.349976, 505.407104
499.870819, 208.243347, 455.415924, 507.094971
488.194702, 235.103607, 484.619202, 502.905151
509.425018, 210.032440, 452.096039, 500.755615
482.818939, 232.946594, 472.919434, 497.682404
478.770355, 205.906342, 474.670044, 496.813751
475.208923, 206.499390, 471.021393, 502.546387
446.429535, 226.337433, 500.663788, 506.732330
470.684723, 238.267639, 461.916260, 478.028595
447.263336, 225.929047, 499.502716, 509.980286
449.398285, 224.104614, 486.642120, 500.762817
452.940521, 220.735825, 482.541412, 499.627655
455.430481, 203.493683, 479.549805, 502.747955
461.359070, 221.454163, 461.687408, 496.339294
461.223389, 218.119736, 466.103912, 500.521973
459.206879, 217.875000, 470.309296, 507.874329
456.158508, 216.044693, 474.256653, 507.778168
454.198029, 215.764435, 469.436676, 505.971680
454.137329, 214.656830, 468.932465, 507.639893
454.892426, 214.630600, 467.834930, 506.880310
463.283051, 222.862595, 454.864075, 489.777679
453.371765, 236.344086, 453.684418, 473.018677
454.004639, 234.226135, 452.712891, 472.398804
434.098267, 208.973099, 488.551086, 509.962250
441.897430, 222.720551, 468.266663, 486.879761
448.728333, 230.808289, 456.170471, 472.107910
447.653931, 228.670456, 459.006683, 475.654602
444.119354, 218.321350, 463.909393, 501.396271
426.935028, 217.036011, 479.837097, 505.667114
438.732574, 218.756348, 468.348633, 493.133057
427.657349, 231.811584, 470.835266, 486.318634
413.414001, 214.013885, 494.777588, 513.304382
435.566223, 236.612793, 459.520416, 481.000641
426.501892, 228.777573, 473.129028, 491.098785
423.859467, 227.374161, 473.159973, 490.467896
428.672882, 232.512207, 472.088379, 481.731567
432.963867, 233.867432, 465.205566, 484.286835
437.703949, 235.325821, 465.655121, 478.192078
443.651031, 241.364960, 457.103577, 469.916870
434.808258, 221.640991, 479.822296, 497.728210
449.857635, 230.583099, 461.929016, 482.626343
450.608521, 230.955200, 458.208771, 482.391510
444.470276, 222.446533, 459.287537, 498.269135
438.906403, 226.452225, 461.424438, 497.680206
463.950226, 241.146744, 440.067078, 486.908844
445.912384, 213.413406, 459.423401, 498.199585
448.362457, 245.203995, 446.414215, 482.459351
451.776733, 221.342560, 448.311493, 490.211639
459.973999, 237.913788, 451.062256, 476.325348
468.935120, 230.059067, 438.348816, 488.369293
463.434998, 209.691483, 450.705872, 499.037903
468.653534, 215.160797, 441.807892, 494.293915
460.193390, 224.873810, 458.930420, 481.301910
460.531555, 200.156067, 459.871429, 503.663910
462.289703, 200.512924, 452.489929, 497.526398
461.044342, 193.226135, 454.914551, 495.632080
442.082977, 210.846802, 471.401276, 488.600769
476.289337, 200.647888, 443.554443, 478.803650
440.541351, 204.940155, 479.425232, 494.985840
437.619446, 204.146667, 484.990479, 497.591309
470.561218, 188.901352, 449.509399, 490.278625
468.845001, 191.552643, 450.416351, 487.614624
470.733154, 187.641510, 453.502136, 488.852325
469.870514, 180.083984, 453.827484, 489.873749
471.535522, 181.792023, 452.118164, 489.731445
462.899658, 189.624420, 459.231567, 477.788940
460.739136, 201.397614, 449.280090, 471.474731
465.802032, 201.003052, 432.370819, 465.843903
472.541229, 214.558838, 423.074738, 453.670624
461.228394, 207.775238, 449.235291, 465.546234
459.432159, 199.914337, 449.757324, 476.969696
460.699402, 199.848953, 450.815430, 476.324402
461.952271, 202.609924, 446.224365, 473.655487
467.827148, 214.035675, 425.534576, 456.731506
465.516785, 203.250473, 429.155396, 464.794067
479.949280, 204.633926, 426.201721, 466.919312
475.613953, 199.236664, 432.296387, 468.083038
480.267548, 201.964172, 427.248138, 464.665741
481.690491, 202.314560, 424.944458, 464.104187
482.261169, 202.363464, 424.477753, 464.606750
472.018646, 210.141968, 423.171143, 448.688049
470.542236, 210.641693, 420.245453, 452.914063
459.740631, 179.380936, 463.045471, 484.093506
463.625366, 184.077103, 458.088013, 479.610962
461.226135, 182.786118, 458.125275, 474.115326
454.772034, 199.446167, 442.818329, 465.192139
455.781067, 183.782532, 441.928619, 479.254974
449.142120, 217.306244, 431.299042, 445.051392
436.559021, 190.366211, 447.807129, 476.314362
439.676147, 185.592117, 448.347961, 479.377960
433.617126, 188.032166, 451.847015, 479.166626
427.300873, 191.981445, 450.840240, 478.891541
427.519470, 206.077972, 447.617554, 468.062134
424.363403, 199.405685, 452.697632, 477.765381
427.450104, 213.424362, 448.786133, 481.251373
437.550598, 208.090729, 449.968689, 480.306335
443.192596, 206.474136, 447.643250, 473.893799
434.183075, 220.257675, 450.298676, 456.755585
435.651001, 218.888809, 447.161377, 457.205963
439.391571, 221.135361, 437.422455, 455.720001
429.541199, 204.274719, 461.761139, 477.259644
428.258667, 207.451782, 464.050568, 474.265594
435.181702, 213.427399, 448.600555, 463.025421
437.889191, 213.040955, 452.801270, 467.875977
436.905518, 214.282471, 458.150360, 473.649628
432.265198, 219.953751, 455.918427, 472.139221
432.360229, 221.855560, 455.709503, 473.083313
434.840515, 222.146606, 453.475922, 474.295288
451.322357, 201.492889, 444.939575, 474.387848
448.603729, 211.977951, 444.202942, 467.194458
446.869446, 195.200592, 462.944489, 486.332916
441.786682, 208.520905, 453.688843, 482.569733
441.128082, 219.040619, 444.118713, 460.842163
443.191742, 225.728302, 439.934143, 460.153259
433.767914, 220.171478, 457.934296, 470.495392
439.685120, 208.774597, 453.957397, 474.618591
446.095795, 223.239426, 439.942780, 457.473999
438.226746, 223.007736, 439.214600, 469.010590
423.269989, 210.313629, 460.689514, 481.718964
420.509338, 214.949921, 461.428802, 485.037506
436.885040, 235.283447, 447.342590, 459.324951
432.980438, 228.431183, 455.752563, 496.139832
440.002472, 237.877441, 445.383881, 484.042389
444.154663, 244.514969, 439.181274, 465.769775
431.622253, 234.803436, 447.967804, 487.616516
435.147491, 238.811432, 445.904694, 479.857025
435.397247, 239.175995, 434.183807, 465.075714
448.790802, 241.128784, 435.426361, 447.535095
435.959625, 236.731354, 442.856201, 476.203003
445.047516, 233.157776, 434.782471, 470.818420
444.690338, 241.843842, 435.672363, 459.958557
434.076355, 247.573166, 443.745575, 463.623657
430.437836, 239.696747, 449.764648, 463.103882
440.646484, 230.644409, 433.016022, 468.167786
431.162048, 230.288681, 439.826202, 453.419769
433.969238, 229.914642, 443.603302, 456.267731
421.077393, 214.750549, 460.679199, 478.583954
417.003082, 213.688599, 464.595154, 479.872345
415.921600, 211.666290, 466.507141, 482.767273
421.207794, 211.858612, 462.758270, 480.482666
418.743561, 209.568314, 464.066315, 480.176758
419.154175, 206.564819, 459.232056, 477.338318
418.853851, 207.093246, 458.376465, 476.221069
420.471405, 209.061508, 455.519989, 476.655792
425.590820, 210.689941, 446.903412, 469.973389
441.182465, 205.345978, 440.216248, 471.572388
431.155457, 207.605087, 442.308044, 468.226685
441.510620, 240.226212, 433.646027, 458.758728
433.493347, 225.132568, 442.154755, 472.598022
440.808319, 219.357025, 440.949493, 469.607697
433.402985, 215.503326, 449.928680, 479.159790
431.212708, 214.263977, 448.431580, 482.153168
437.119324, 210.237152, 438.837769, 479.630463
437.660767, 209.497650, 437.496765, 478.409485
439.037170, 208.674698, 440.264496, 479.525818
440.035828, 210.052139, 438.313080, 477.610962
432.660309, 209.215881, 450.386475, 484.702515
451.030121, 224.898361, 435.585907, 453.735382
433.593719, 227.034729, 461.735168, 475.688660
431.531891, 231.420914, 452.777283, 473.556946
448.308136, 225.989197, 436.925262, 459.002411
428.578247, 221.388870, 470.338287, 486.708160
443.678650, 200.912430, 441.349640, 484.026764
439.162445, 222.557297, 454.033081, 466.434601
438.094635, 221.865997, 456.698395, 469.732452
443.704773, 224.921692, 454.344055, 475.590088
443.914795, 223.589569, 462.981201, 484.587555
445.778717, 220.388000, 463.641754, 480.117767
436.327271, 223.786896, 458.119141, 488.791870
432.840485, 213.401001, 462.228699, 494.684143
435.329803, 226.254166, 459.691193, 479.831421
431.023804, 214.539917, 463.115143, 491.973236
429.032806, 216.191528, 463.211121, 493.172974
442.419647, 200.075836, 452.692413, 485.033173
446.876526, 201.639679, 447.410522, 472.379272
443.164978, 201.558716, 461.315491, 480.151398
447.940948, 209.778381, 444.879089, 468.566772
443.446533, 228.812561, 432.391174, 462.964752
442.089874, 211.069427, 451.457489, 469.467163
443.281158, 226.321930, 441.883301, 455.634460
431.567047, 214.834839, 461.866028, 480.888062
428.840240, 217.177551, 460.003937, 478.269684
428.349884, 218.074951, 463.877136, 482.970886
451.256683, 219.488327, 439.218903, 464.755188
451.055267, 222.454987, 438.793121, 466.137543
449.769867, 220.833649, 439.707703, 466.428406
439.215759, 222.766281, 446.522430, 466.649994
443.757050, 225.220993, 439.983276, 464.582550
443.811401, 225.939117, 439.601074, 464.276428
442.229156, 225.513245, 438.503143, 466.039429
450.728851, 214.319275, 439.284912, 468.575195
440.755219, 226.760208, 444.556030, 469.629517
440.159973, 209.076279, 452.805511, 479.746826
439.822021, 207.403442, 454.040924, 480.535828
437.459900, 227.951797, 445.881744, 473.311859
442.139130, 207.648529, 454.957275, 490.800812
441.368591, 207.917862, 456.362213, 493.655823
445.016907, 204.568893, 455.924469, 494.832947
454.491791, 205.592499, 459.537048, 480.315155
459.909332, 208.485199, 450.055908, 468.632721
465.680420, 215.198334, 448.351715, 463.761749
468.922607, 223.684570, 439.468018, 455.461029
443.386505, 214.649094, 443.875061, 481.503540
461.261780, 210.222794, 446.857208, 467.583893
444.449341, 204.184204, 456.821747, 479.506897
440.420135, 204.921127, 456.972412, 474.096466
434.897278, 205.362503, 458.949158, 473.285187
444.556122, 205.206421, 448.972504, 468.238312
445.751251, 218.723190, 442.940125, 457.888428
449.182404, 208.406876, 440.403656, 463.591827
451.597595, 203.724991, 441.523987, 464.605286
448.012329, 206.574768, 443.963379, 465.436615
445.087372, 221.562653, 444.031647, 457.038635
448.950287, 199.703461, 448.920837, 474.590088
442.651886, 200.439362, 457.786743, 478.634521
453.756561, 219.784882, 440.333435, 457.929413
455.680023, 219.793503, 439.118256, 461.386169
452.434418, 221.104370, 441.947113, 462.878235
431.819366, 194.195969, 461.950165, 481.432861
447.141296, 201.890503, 441.141113, 465.639709
423.700653, 190.555756, 461.523163, 475.129761
427.638367, 192.101898, 458.763794, 472.638458
444.560486, 193.098175, 453.166107, 477.230164
430.083923, 200.943954, 459.200409, 468.765991
451.763977, 194.753860, 441.978638, 470.821259
449.389832, 193.416718, 445.658661, 474.630859
450.173615, 187.950317, 456.785553, 489.523956
442.573334, 209.376556, 466.492218, 488.643646
448.330475, 209.680405, 462.763275, 485.870178
450.682709, 203.764771, 469.122681, 494.570526
448.531372, 214.696320, 454.611725, 461.135620
449.563263, 189.533905, 471.595947, 503.318634
448.767212, 211.092041, 470.065826, 496.229767
449.969849, 204.699219, 461.690094, 492.581635
444.448303, 219.462433, 468.162720, 495.321686
444.554047, 223.564896, 445.893341, 464.387238
445.643280, 218.478241, 458.199158, 482.951843
435.480560, 209.122833, 458.167389, 459.107819
446.837341, 231.130463, 426.940857, 445.903534
450.227448, 212.380142, 443.453186, 474.885284
437.667999, 219.100159, 460.833313, 486.940857
440.123077, 222.259232, 435.717865, 451.065094
444.230377, 199.868759, 450.852692, 487.607971
428.556091, 217.707764, 479.780640, 490.762543
432.428345, 215.393845, 470.146759, 481.717072
433.960754, 213.583008, 471.873657, 483.567688
432.503693, 213.992920, 473.966766, 488.732758
426.976959, 218.380020, 470.234772, 492.813477
418.500092, 216.020447, 477.592346, 491.585510
416.999725, 215.262283, 480.442200, 491.751831
445.327942, 207.780930, 438.167084, 459.026733
425.435791, 213.608337, 469.692535, 490.775726
439.686401, 210.771790, 439.277069, 456.762878
434.406769, 195.771042, 448.820648, 497.106476
436.056702, 198.823837, 454.254150, 507.285858
436.430054, 198.542480, 453.200378, 497.862915
440.302094, 194.995758, 454.538727, 475.793213
427.362762, 214.608490, 468.075653, 488.072723
429.254578, 213.352737, 469.912292, 487.029846
430.583252, 210.170059, 471.918121, 486.583130
409.161835, 210.026886, 485.767639, 498.138428
414.010559, 211.452850, 482.832245, 498.322205
442.003876, 205.137939, 448.130066, 470.883362
421.748993, 203.505035, 485.476715, 506.764191
424.425415, 201.857178, 482.519409, 507.483582
426.959259, 209.103989, 478.754883, 500.268585
425.050049, 211.810364, 478.957397, 498.471191
425.440704, 203.608551, 482.356293, 506.567352
422.905426, 203.133453, 484.641785, 508.286163
444.621185, 206.900116, 442.023010, 465.515442
433.325317, 210.652985, 474.054474, 493.354706
433.506165, 211.483994, 473.617340, 488.720001
424.700012, 212.581390, 476.385437, 488.859558
425.878845, 207.226273, 476.221344, 490.521179
441.771301, 184.768646, 457.675812, 497.667175
440.862335, 187.112503, 457.645386, 496.069672
440.972229, 185.515747, 453.168549, 493.814117
436.691040, 218.324158, 440.664551, 466.785706
439.014435, 177.628876, 452.477356, 497.373413
435.192993, 170.078735, 451.392242, 497.299591
430.188324, 174.630478, 455.054077, 495.782471
437.184784, 182.307312, 461.793579, 472.321960
435.591705, 207.743698, 435.130798, 456.048798
430.526520, 209.881805, 437.475159, 462.904358
434.384460, 169.493011, 458.685638, 494.302246
442.346985, 177.880630, 454.051453, 484.233124
430.406830, 181.944519, 457.847900, 491.084229
450.571655, 202.931625, 445.449677, 466.061432
446.461243, 208.894791, 444.437256, 463.832733
446.760376, 186.194641, 458.598297, 486.618469
443.387878, 192.365189, 463.597870, 485.431885
437.570129, 193.218292, 471.431946, 486.940125
436.470703, 195.288818, 473.572723, 490.250977
437.922882, 202.210144, 471.351318, 493.012756
437.135651, 207.517197, 474.216797, 496.930725
451.943176, 226.327332, 454.239075, 491.350861
452.592743, 228.106766, 452.675903, 488.410706
450.934052, 228.223572, 451.097260, 486.150452
434.035889, 225.752792, 466.104614, 494.733887
432.170929, 216.423065, 472.344482, 497.417480
430.786255, 214.780777, 474.583344, 497.861725
437.255493, 212.203415, 465.868317, 495.512909
440.141113, 204.553192, 465.696198, 488.068024
441.832245, 204.778046, 462.938080, 487.615295
442.673004, 204.321060, 468.513489, 500.243652
441.738800, 201.710266, 465.415558, 488.167725
442.947083, 226.725082, 450.111206, 475.734619
442.475677, 198.308487, 468.342804, 484.435242
441.831726, 195.940979, 471.884216, 485.986603
441.779968, 197.765839, 470.439972, 481.953186
456.621704, 207.250061, 446.177765, 477.175140
457.634949, 208.542297, 444.278870, 475.372803
455.537415, 208.770157, 445.311157, 479.825165
446.064606, 196.355499, 468.594666, 491.152344
440.299316, 196.619064, 470.761200, 495.137177
441.212097, 201.129333, 464.750214, 490.538574
436.497711, 200.816315, 463.676392, 505.452942
437.943420, 205.066177, 463.388489, 503.221100
450.564850, 220.603912, 441.025726, 480.080536
431.878540, 205.425781, 456.806854, 480.942535
437.995422, 204.888657, 450.250732, 471.114868
444.047546, 211.439865, 441.532501, 460.687958
447.582886, 216.217026, 435.728577, 451.497742
454.017853, 225.595001, 424.867462, 432.907928
445.313202, 208.948914, 440.337372, 458.970764
442.612762, 209.392853, 441.406708, 462.150543
439.632782, 208.707840, 443.510895, 464.264984
439.442780, 206.473282, 445.986633, 467.558777
439.508972, 205.217804, 446.184540, 466.311493
441.506561, 205.693207, 447.167877, 466.888885
444.879150, 207.416183, 447.320221, 469.982819
442.804688, 208.246155, 448.873779, 469.400543
441.518951, 209.144684, 449.936096, 469.508606
442.841003, 208.601318, 449.279388, 471.218872
441.546967, 209.771515, 448.801270, 470.976440
440.050232, 211.288574, 450.692200, 470.508087
438.965820, 210.247681, 449.560455, 470.294769
436.113892, 214.774185, 457.780060, 489.099640
461.101044, 219.410843, 442.170471, 465.641235
466.152374, 236.150970, 436.349213, 452.399628
472.795837, 228.834747, 442.257324, 460.220215
473.079376, 229.987732, 440.546936, 460.444031
471.638733, 228.683899, 441.515930, 461.032349
468.542023, 219.528046, 451.726440, 468.714844
467.720551, 217.827698, 450.007202, 469.051605
445.484161, 203.907150, 461.573303, 499.107971
445.368896, 210.832993, 459.454987, 484.647461
446.716339, 210.153900, 459.676636, 483.809631
441.573578, 204.983521, 467.818115, 497.315582
444.603790, 206.100967, 460.741638, 484.981354
442.068298, 206.028564, 461.531128, 484.139221
444.318390, 208.440842, 466.332977, 499.782776
464.889862, 214.570374, 456.227173, 475.667236
458.683777, 206.550827, 472.973572, 488.787354
440.680328, 205.270691, 459.863586, 482.903625
448.644379, 198.994873, 459.322845, 491.359741
449.971191, 197.388260, 458.664307, 496.164093
448.737274, 204.865784, 448.861542, 486.820190
455.757202, 221.435944, 447.868256, 476.637207
457.984680, 203.299744, 451.886139, 484.863953
443.581909, 218.244339, 467.829681, 493.047089
438.668549, 219.524506, 480.947784, 487.448120
471.941650, 188.616577, 459.703400, 496.166809
469.199982, 216.461578, 450.113434, 472.597931
473.085815, 193.550949, 461.896851, 491.033386
480.611237, 226.657288, 432.566223, 450.832123
440.355865, 217.874542, 488.841370, 490.515961
437.662384, 222.695190, 492.068115, 490.319763
465.872345, 206.491455, 461.062836, 492.628754
459.207764, 211.422394, 461.566345, 487.738312
458.278076, 206.898773, 464.231232, 494.324188
440.310760, 225.906067, 472.819214, 501.328674
455.735840, 220.044159, 447.397705, 485.560211
453.328491, 209.830109, 459.347015, 499.252960
438.211426, 227.200928, 458.319031, 467.681274
447.607697, 224.056259, 452.789398, 468.004669
445.590851, 229.704025, 443.144470, 483.877289
446.035370, 228.940933, 445.541016, 486.212799
443.553741, 219.178635, 459.916870, 498.152802
438.014435, 220.915070, 462.032593, 475.321136
434.992249, 223.742065, 465.676361, 475.545715
429.083496, 221.343475, 467.477875, 476.203186
442.475616, 227.564270, 456.934052, 472.715912
435.962158, 225.394073, 459.814056, 475.223999
440.527527, 228.994064, 458.049530, 471.928192
430.201019, 223.232483, 464.911499, 476.662476
434.451080, 223.325836, 460.054779, 473.533112
428.625732, 200.429596, 479.482056, 490.735107
437.295288, 225.091568, 455.209198, 470.148590
438.519135, 230.087097, 452.915863, 468.731018
438.972260, 231.303986, 451.780334, 467.737549
439.539398, 234.084686, 449.393585, 464.323639
439.820465, 232.380173, 450.329559, 465.339600
440.831116, 231.484680, 447.574768, 461.957520
440.035095, 205.901581, 457.191406, 474.903534
441.379181, 197.057877, 454.612701, 476.315735
442.721069, 204.341187, 444.857056, 469.685303
443.056793, 204.499023, 443.924591, 463.942139
440.060730, 210.682938, 444.585632, 462.212280
435.872559, 193.360901, 460.538330, 466.748016
435.844635, 194.498260, 461.620972, 471.156006
433.718872, 199.484421, 453.642059, 467.331085
432.289215, 205.476593, 453.519653, 467.096375
426.241791, 203.909027, 458.604156, 472.641296
426.073822, 198.899857, 458.482452, 485.327606
428.435089, 197.452179, 458.931793, 480.823486
428.666504, 220.964752, 452.250916, 461.275665
427.361450, 219.753418, 454.367096, 463.006165
429.789795, 222.325699, 454.028564, 463.637146
438.274139, 210.181244, 454.620239, 479.513702
436.247253, 211.254852, 455.414124, 480.237427
437.590607, 210.580734, 453.549866, 480.196747
444.711243, 209.995041, 447.404968, 480.444916
451.411133, 232.138336, 424.874939, 448.151245
434.095490, 202.229660, 458.905701, 489.890411
441.854736, 226.140289, 435.565857, 464.116913
434.899567, 200.465881, 459.947968, 491.374664
440.508820, 205.651917, 453.169952, 486.349670
446.293457, 224.590622, 448.648193, 474.638794
435.136993, 211.221405, 468.302490, 500.613037
437.854401, 210.024170, 464.473816, 499.880280
462.975739, 203.575760, 442.563721, 481.491547
454.991608, 197.778259, 449.579407, 488.918121
444.890289, 215.807220, 462.146179, 488.826630
461.191925, 202.800446, 450.505280, 489.495331
453.625122, 218.486816, 453.329102, 486.894226
448.074371, 221.528427, 459.462433, 492.922058
468.009827, 203.052444, 450.200226, 500.466003
438.367828, 216.716965, 479.762360, 503.617523
465.175842, 202.936981, 457.317017, 498.485474
443.733246, 216.506180, 458.868500, 489.586731
447.452942, 214.879730, 459.074097, 489.277527
446.246521, 230.786362, 438.512543, 472.845337
442.510956, 207.961868, 461.089783, 483.125916
436.002502, 232.746368, 442.181274, 466.136322
447.807190, 236.190887, 448.483002, 462.217804
434.809235, 228.202423, 465.507385, 479.098053
433.601685, 226.803894, 466.676025, 479.581238
434.874115, 229.002045, 464.306580, 477.201843
434.659363, 221.536896, 460.125366, 478.853271
441.204346, 215.216431, 462.777924, 484.430542
433.554535, 217.288849, 479.394684, 500.627991
437.715363, 222.568024, 468.066772, 492.080261
446.829407, 235.469757, 446.487244, 462.363861
429.903046, 214.962219, 471.822601, 494.827179
431.921600, 221.374512, 466.197388, 491.481659
437.346222, 221.332932, 462.519714, 487.582855
441.499359, 238.073105, 448.187103, 460.359924
442.640900, 213.982956, 458.139526, 482.442047
445.167725, 213.791367, 460.375244, 491.791077
441.882935, 216.500504, 457.244751, 485.249115
444.798828, 227.312195, 459.611664, 487.864136
441.935669, 229.732117, 445.532654, 461.284882
449.484253, 204.634384, 456.115479, 480.435638
448.098572, 220.812408, 464.827972, 480.770142
463.356689, 215.593781, 443.005463, 480.174133
447.559875, 208.421234, 465.514038, 491.020660
451.397278, 212.676331, 467.081970, 485.886078
450.306519, 220.380005, 469.155396, 485.555695
447.707123, 224.218430, 464.712463, 485.074554
471.620392, 217.143219, 434.478851, 483.612335
446.529724, 222.587662, 474.704041, 496.698883
447.280060, 208.207153, 454.596069, 497.663727
457.643524, 226.837067, 456.247314, 472.871094
446.877594, 222.422775, 449.127014, 465.614838
454.461243, 213.487396, 447.868622, 489.070404
449.963470, 207.449982, 451.078583, 489.372437
455.297974, 197.810791, 435.611267, 488.555542
451.816071, 212.661011, 451.286774, 475.739685
451.423492, 190.094269, 456.385498, 481.920654
453.964569, 213.850723, 451.502594, 480.356110
449.694153, 214.006073, 459.308533, 482.661499
449.143219, 195.753601, 452.507233, 476.459900
452.956268, 183.327759, 463.869202, 489.038422
450.195953, 211.917847, 475.581299, 485.013184
453.942749, 189.785919, 458.185577, 482.730560
448.814667, 182.915802, 464.231079, 492.951996
448.817688, 181.277924, 464.460968, 494.077667
450.701477, 180.362183, 461.653442, 490.770905
449.639404, 183.634277, 459.286835, 486.002258
451.104279, 183.144638, 456.241058, 477.247284
448.780334, 211.626343, 430.686157, 461.549957
450.651886, 201.363708, 454.726257, 475.255554
441.654755, 192.110107, 459.825684, 495.299011
427.650330, 202.832321, 458.495056, 473.793793
429.935669, 214.038635, 460.308258, 471.831146
424.179230, 219.733978, 460.913147, 471.172394
430.964874, 221.694519, 450.764740, 465.683899
422.810455, 214.299698, 464.533630, 471.263824
420.659485, 206.479248, 456.605560, 476.017029
409.055908, 205.599213, 471.673889, 498.468689
417.854736, 202.158768, 460.587891, 484.296997
416.807007, 202.578522, 460.209290, 478.934204
416.784821, 204.197891, 458.928162, 476.146942
415.765137, 197.131897, 462.992828, 483.633453
424.003693, 212.225708, 454.624756, 460.520203
410.699554, 200.450470, 467.343079, 496.105865
410.199249, 200.234680, 472.612640, 496.652222
407.003693, 196.181854, 477.981689, 503.654327
414.562592, 198.443268, 470.668793, 501.390961
420.089752, 209.091095, 458.539429, 487.726563
416.797180, 202.160141, 461.604431, 498.590088
426.850464, 212.957306, 440.782867, 472.882294
415.994293, 209.119049, 462.889679, 492.213287
426.383362, 212.543015, 454.841064, 486.106354
423.701385, 212.734116, 445.073273, 476.377563
419.591980, 205.602600, 457.207062, 493.129089
414.381042, 217.640701, 468.115173, 480.840546
410.035217, 196.831177, 468.615082, 505.640900
412.635712, 216.301224, 461.320923, 474.781342
415.267761, 213.382614, 459.266327, 479.586487
416.795166, 208.381104, 457.911224, 486.351501
414.482910, 204.587372, 461.831696, 493.453247
427.610565, 199.546967, 441.542175, 475.341797
409.338043, 210.413971, 463.499969, 492.739685
410.617279, 209.733414, 468.792633, 486.293793
412.983948, 204.633163, 453.921875, 458.104492
412.420074, 203.106476, 460.479706, 481.410461
421.731812, 211.229401, 459.150269, 475.790283
429.854584, 202.774780, 458.878571, 477.100647
419.615173, 204.914246, 464.776642, 501.520935
420.368225, 203.945251, 465.109009, 477.122009
422.306702, 192.649475, 469.797607, 495.610596
423.822693, 202.350662, 467.963013, 489.329651
427.771149, 206.123413, 465.617432, 482.488434
439.789551, 196.234787, 462.441071, 487.749786
426.435089, 207.260178, 475.385925, 489.746552
430.643188, 215.027069, 472.397400, 494.005249
433.973907, 216.292191, 468.208069, 491.543274
434.765320, 199.001389, 480.209473, 512.929321
433.318512, 217.020325, 468.745117, 490.716492
431.420349, 213.656845, 467.882507, 487.066528
438.408325, 214.226532, 457.945679, 492.411407
439.438843, 218.223892, 453.313080, 481.920044
440.903534, 215.026825, 452.690033, 487.280579
433.693420, 209.724640, 462.999023, 473.300354
444.598663, 206.869064, 450.308105, 464.991577
450.522827, 221.013428, 450.072571, 473.280243
444.432190, 225.930176, 452.831848, 487.473083
446.174683, 222.751846, 453.474365, 488.602814
446.013794, 226.518295, 453.056488, 479.436859
431.617310, 210.359268, 475.232422, 503.828094
439.930542, 203.078537, 465.396332, 484.807220
441.755798, 201.593460, 466.780975, 482.244995
438.699249, 203.771637, 469.144379, 489.409943
438.210144, 203.310654, 469.344818, 487.403870
436.969299, 202.836487, 471.430939, 489.863190
435.729523, 203.721634, 470.249298, 489.139282
436.903748, 203.785217, 469.258301, 489.023132
434.364227, 206.574814, 476.234314, 491.715759
433.935425, 208.098129, 475.131470, 490.943390
438.082123, 203.355484, 467.133911, 486.210083
435.196320, 199.980255, 467.452179, 483.623688
434.559570, 208.259735, 469.482666, 485.110779
441.557892, 212.689270, 463.613892, 481.713257
437.829865, 209.807114, 469.758911, 485.569672
436.675629, 210.273651, 467.552032, 480.272949
436.674805, 208.353271, 465.231537, 480.689697
436.245148, 204.684326, 467.099487, 490.738495
434.976288, 209.381561, 465.965637, 485.846191
446.686432, 226.112839, 442.658325, 461.063293
430.839874, 209.299500, 469.818512, 493.264954
429.965637, 210.049026, 470.668488, 499.999481
448.368134, 226.200348, 442.826874, 480.845245
447.053101, 228.175964, 442.634796, 484.921082
429.820221, 217.516083, 463.705231, 503.579437
432.992676, 218.019974, 460.077057, 498.604401
433.741028, 210.290878, 457.351868, 496.251434
437.902557, 205.910370, 459.138489, 494.227905
454.474213, 221.372589, 436.026733, 470.765106
453.388977, 225.199951, 445.569031, 468.735138
447.330811, 208.679108, 458.050629, 488.663605
449.540741, 223.810364, 445.124756, 470.967682
451.399384, 198.676086, 443.734863, 468.254150
444.965698, 217.415375, 446.953827, 458.307007
438.208832, 191.759216, 453.238739, 487.303619
450.714996, 208.567413, 448.331635, 471.231232
466.474915, 202.690735, 446.123505, 467.840607
441.507446, 196.715454, 447.457123, 485.547485
441.527405, 194.713242, 450.411621, 485.436005
440.194092, 194.931015, 452.615967, 488.818054
437.040710, 197.520752, 456.798309, 493.682770
429.474670, 204.324478, 464.154846, 502.511230
439.444397, 209.006683, 470.407166, 501.984161
466.730164, 202.957520, 451.168915, 477.649414
460.039948, 201.428970, 451.429169, 481.539917
451.468781, 202.881577, 465.333527, 486.394592
450.231506, 200.768005, 467.012482, 484.895599
453.748322, 203.775208, 456.011353, 479.302307
436.212738, 213.967468, 479.022797, 496.325317
444.970673, 226.273163, 471.063965, 489.288971
472.058746, 214.341644, 443.338287, 479.470276
477.424652, 217.030212, 437.935699, 480.224030
454.673126, 223.508850, 462.187378, 490.274506
484.418701, 223.200562, 435.207886, 479.545898
451.955566, 225.213730, 475.205231, 494.938812
448.874268, 228.082520, 478.380646, 495.261139
468.218079, 209.504440, 457.379517, 497.207855
467.312531, 210.611145, 457.406677, 495.741699
456.495453, 235.234070, 461.284698, 486.727661
444.512421, 224.703247, 483.984100, 499.816833
438.779449, 221.204285, 489.983856, 507.070984
482.437927, 214.069016, 443.253906, 491.302429
458.408508, 229.001175, 460.550232, 493.215607
456.869476, 226.000824, 459.491821, 486.559052
482.052460, 236.916885, 438.371063, 470.130188
484.887787, 235.235382, 433.149689, 470.509552
479.315063, 238.228271, 436.788208, 468.593933
475.790771, 200.951599, 455.714783, 482.411804
478.363129, 201.531006, 452.869843, 479.099701
480.145874, 202.946365, 448.446838, 478.345886
469.129242, 221.086761, 444.080444, 458.298676
488.976593, 207.498138, 437.910431, 473.311615
487.955658, 208.145599, 439.208557, 474.142395
477.374237, 201.600189, 449.097687, 489.104034
480.985809, 211.358093, 435.620117, 470.235382
470.807556, 215.916290, 447.027985, 472.346619
449.197693, 217.901871, 470.365814, 493.703705
465.236572, 208.775375, 453.064606, 471.868988
455.607971, 207.588577, 456.051147, 470.782898
460.348022, 204.752075, 451.010010, 468.158020
453.889740, 197.703308, 460.429016, 477.439117
457.598999, 207.460129, 452.563690, 475.422882
467.399689, 219.282166, 455.847290, 493.642059
453.388214, 206.187881, 456.531158, 498.015228
452.888794, 229.718292, 436.634369, 469.759094
449.274078, 210.720001, 453.649780, 487.016937
445.202332, 214.097305, 451.245392, 498.308868
447.880554, 231.905441, 431.151764, 462.588989
460.466675, 209.413315, 459.089600, 499.438507
477.843567, 218.688843, 452.168640, 479.942627
453.476654, 223.193939, 439.476868, 464.048828
455.827698, 208.556656, 446.432831, 479.594910
456.850159, 226.692398, 439.432617, 468.661194
454.998596, 200.388809, 452.899384, 488.461884
466.263245, 206.574753, 462.643219, 486.160553
451.392639, 197.930588, 463.951721, 489.861023
449.934387, 188.407318, 468.963593, 494.631165
450.087769, 204.440811, 466.751190, 474.267670
453.680603, 198.306366, 469.846252, 496.932770
454.011475, 215.580353, 458.621704, 482.407166
471.358734, 204.411865, 452.611694, 483.475586
476.564758, 211.506897, 439.868866, 476.832123
474.311798, 201.410202, 443.548096, 485.296997
463.202148, 182.919205, 456.809906, 492.728607
476.583038, 188.853653, 446.090820, 488.183563
475.254578, 188.750687, 444.304077, 486.025177
467.640106, 192.026001, 447.668396, 476.084503
470.880798, 186.641052, 451.171844, 486.778412
464.780029, 208.990631, 456.285797, 483.728729
466.651703, 209.049255, 460.156891, 490.553253
460.782135, 212.174225, 461.725525, 490.759399
461.292328, 210.067322, 443.952484, 480.690399
469.172119, 193.968933, 453.335449, 498.562164
454.765198, 195.471039, 474.985962, 504.837097
463.812531, 200.482544, 483.540131, 502.967438
472.053497, 199.102631, 465.078796, 495.066376
473.363342, 189.335632, 451.439453, 487.951904
466.469299, 193.061447, 460.933960, 486.926117
473.674835, 192.456299, 443.804749, 474.854187
469.473724, 188.747665, 462.633514, 486.886322
469.767456, 187.688858, 460.679626, 488.058014
468.579193, 194.254395, 453.226532, 486.211029
468.474945, 201.123077, 452.847443, 478.736847
478.205048, 202.490891, 443.794586, 482.599792
480.202667, 202.134674, 439.242065, 481.772186
449.675629, 213.613098, 480.901367, 496.636444
469.962189, 189.604309, 454.292877, 497.409393
449.083221, 224.644104, 468.992462, 488.775238
460.386047, 194.568710, 461.060211, 486.647034
464.793762, 196.393509, 454.458954, 480.728241
463.799652, 194.066833, 457.594177, 485.401062
466.378937, 193.908615, 457.550659, 488.419922
465.791870, 192.819031, 461.157593, 491.595215
466.108917, 198.555115, 457.335571, 484.208588
471.522614, 192.879059, 451.950775, 484.549347
470.409546, 199.986359, 449.751007, 479.880524
474.219208, 200.865417, 442.725494, 480.229858
435.594086, 208.511292, 482.022278, 499.625763
463.964752, 185.857498, 463.823212, 499.749176
437.389771, 208.347931, 482.216797, 497.926819
462.917877, 188.222900, 462.974304, 496.217743
461.859894, 191.690216, 455.680206, 496.911255
454.823761, 194.080597, 463.474091, 490.069092
436.570221, 207.455780, 473.933594, 497.523804
461.392212, 196.266724, 453.722748, 483.301331
460.209503, 199.553177, 456.386963, 482.920380
455.526154, 203.209641, 442.123138, 477.907349
464.872559, 193.643036, 439.611481, 485.110596
469.087860, 206.618774, 426.366547, 465.342560
453.947083, 183.459412, 449.205231, 480.513428
461.962585, 191.956787, 435.730103, 470.270081
457.816681, 192.485672, 436.512573, 469.317139
444.699677, 199.371033, 457.645569, 472.056915
448.985107, 207.540817, 450.517456, 479.904663
447.934998, 208.307281, 445.561096, 466.467987
452.752228, 203.365173, 464.264008, 476.169983
442.999603, 207.447739, 469.958160, 486.330414
451.280212, 224.065125, 447.578949, 474.921906
448.388489, 221.865967, 450.662415, 478.114227
451.314392, 201.472504, 452.837555, 489.289398
448.761200, 223.156540, 446.574127, 475.142914
451.167328, 222.685150, 441.446564, 472.519012
449.974304, 223.173492, 438.516357, 473.150238
447.512970, 228.160187, 439.460510, 464.509338
456.366089, 232.659668, 445.379608, 466.701599
444.072021, 231.034683, 451.485107, 490.753204
453.679932, 233.044495, 449.808105, 476.092316
442.201447, 226.166077, 449.540100, 481.927002
443.869324, 227.612106, 449.120300, 483.646698
448.958649, 215.652313, 452.485168, 492.231659
445.686676, 229.076706, 445.419678, 473.858734
445.838562, 229.750732, 436.183990, 463.321289
446.519745, 229.443375, 447.218018, 460.035858
446.590912, 225.540558, 441.566620, 469.255493
445.749023, 229.400940, 447.410217, 475.783295
443.868805, 207.401672, 464.797852, 479.202087
442.855621, 205.220993, 465.001892, 480.110443
446.836121, 202.084763, 462.652985, 478.216736
445.186523, 200.472260, 466.528442, 485.386230
447.260742, 202.336243, 462.806152, 479.998474
446.891571, 201.148346, 462.223816, 482.856415
451.783905, 200.492340, 460.809052, 484.805847
447.915100, 197.832230, 467.470459, 490.572968
453.579834, 204.096542, 459.595612, 485.610687
456.929901, 200.176575, 457.066986, 485.993896
463.272491, 199.261948, 451.303131, 481.779297
462.564880, 199.082947, 454.089874, 484.069641
464.810211, 204.968414, 452.407990, 484.976624
467.440277, 216.930557, 438.991882, 482.177856
445.604187, 205.883469, 479.555695, 514.179016
473.787048, 225.229431, 437.352905, 477.790405
436.284393, 204.278625, 485.679993, 516.483826
440.251862, 202.680054, 481.803528, 509.956726
449.195770, 193.372467, 464.915741, 493.073578
454.624451, 185.475571, 462.336426, 496.791504
459.931030, 218.698730, 447.759552, 474.704712
459.908600, 224.782898, 448.930298, 476.099579
469.559906, 200.140411, 444.856415, 484.857941
454.956635, 207.335068, 471.226868, 497.951141
461.712402, 206.042175, 464.050262, 502.785583
471.896942, 206.773834, 461.209473, 505.252655
467.069672, 207.281906, 458.031921, 511.826660
466.049103, 210.450989, 460.597412, 507.482819
462.871307, 211.145584, 467.275513, 501.303955
456.263977, 216.338791, 468.807373, 494.956940
448.496277, 223.233185, 452.528778, 477.670807
448.237335, 214.104813, 453.634796, 483.189331
452.427185, 217.690216, 447.984558, 456.824524
431.693604, 211.456116, 472.936554, 494.777252
455.566498, 225.766357, 446.594513, 459.908417
453.744598, 224.047211, 449.916748, 459.335083
452.237091, 224.244171, 448.616241, 458.824432
450.222290, 193.821899, 451.610809, 489.121399
447.550629, 214.855240, 447.758820, 456.766235
436.862213, 202.819366, 451.510406, 479.487640
431.050385, 188.092651, 451.938019, 488.042816
429.961182, 200.088318, 444.209686, 477.491486
429.559875, 198.770813, 442.515594, 469.554199
429.279388, 199.785217, 445.106232, 473.272980
423.270447, 222.374786, 441.246490, 451.177704
430.869995, 198.949570, 447.951050, 477.563751
430.618011, 197.638626, 451.109894, 480.330841
422.278656, 194.756256, 461.261169, 485.806549
429.317627, 208.392090, 452.750122, 464.926208
435.918701, 203.238754, 458.997803, 484.003632
429.750366, 203.226257, 459.216553, 481.058563
431.932526, 230.234863, 451.280792, 469.087921
429.413177, 225.287933, 459.966675, 473.647980
428.536743, 224.704391, 459.846252, 472.506653
427.116180, 219.712692, 461.948425, 475.564301
426.173126, 218.322662, 463.879883, 478.407623
426.241852, 216.707474, 463.768738, 478.067566
438.365601, 207.710281, 445.960419, 479.922546
423.404602, 203.598511, 460.553497, 487.524902
423.452698, 216.142914, 464.188965, 473.487946
425.847260, 200.212677, 462.068115, 488.631531
422.686554, 214.018677, 466.982483, 479.495117
428.775757, 207.421616, 461.765320, 482.364410
428.102966, 209.526093, 467.257965, 486.027924
419.424072, 205.763733, 477.078339, 497.468872
429.403992, 211.113251, 471.339020, 498.272064
430.644836, 228.195343, 467.488708, 489.291229
426.291687, 233.555664, 479.558960, 492.159271
419.640015, 229.489883, 480.083954, 499.496490
423.447296, 232.708481, 474.848724, 493.819275
419.524780, 220.953262, 482.989685, 506.209412
420.796631, 238.152832, 468.116577, 482.074219
418.057861, 233.564240, 468.265991, 476.289673
436.244873, 239.111481, 452.638336, 486.282867
424.028351, 234.714890, 467.796448, 485.154602
441.077881, 244.658844, 450.457275, 471.618958
445.317596, 243.908234, 448.173523, 470.160217
443.956482, 243.471924, 451.510254, 474.272980
446.109802, 241.785690, 450.914703, 477.769257
428.647125, 215.540283, 484.190277, 502.847534
458.298126, 249.043640, 436.276917, 463.580139
452.603821, 238.295822, 448.148102, 468.194458
440.998474, 225.370178, 458.065033, 494.765045
435.427948, 225.556595, 467.414337, 498.991058
435.296021, 225.193359, 464.578613, 500.135345
427.295654, 225.553619, 477.890320, 497.844818
446.319855, 222.670883, 455.935913, 492.575378
445.812775, 241.137787, 447.406494, 476.832977
454.264343, 224.176834, 452.420959, 486.961792
450.354858, 224.174957, 454.605652, 490.676666
435.425201, 229.900925, 471.595093, 490.625519
453.591736, 232.134247, 445.213593, 479.898132
444.575348, 231.640381, 451.605713, 483.192719
437.647308, 228.874969, 455.799042, 484.026825
442.233307, 238.491699, 446.407104, 472.995026
448.237183, 233.409897, 447.534668, 475.882355
440.412506, 249.854797, 449.966644, 464.998413
432.809113, 242.584763, 461.164429, 477.526093
438.842896, 245.945755, 450.222382, 462.938141
449.920074, 240.398224, 446.638977, 477.620361
450.954834, 249.228348, 445.650299, 461.581512
467.361603, 238.876541, 452.291229, 475.723297
449.322266, 248.862091, 447.788116, 465.644440
448.606079, 243.555420, 452.233368, 467.391968
449.842102, 246.525391, 449.029114, 466.557495
456.861053, 244.561188, 447.395416, 467.339233
459.431580, 245.722382, 444.961639, 462.865234
448.337738, 234.971817, 453.814453, 470.118439
456.962555, 230.389404, 440.295410, 463.990112
451.745270, 229.928528, 449.680115, 472.368622
