530.296570, 155.378113, 191.564041, 185.145309
530.471069, 155.566620, 189.037170, 180.617432
542.835266, 159.679565, 176.912933, 169.985306
538.192200, 152.014954, 181.614807, 178.552612
538.331116, 152.335144, 181.446259, 178.009628
540.226990, 158.789978, 183.330719, 168.580612
533.688599, 154.466263, 189.181076, 183.290482
534.752258, 154.243820, 189.371292, 180.770508
538.451721, 155.793243, 188.882172, 181.499329
538.708435, 155.870270, 188.806122, 181.482635
543.189209, 157.638794, 185.302078, 184.153885
548.047668, 163.070923, 174.693848, 171.768143
549.146301, 162.707443, 174.338287, 171.868652
548.971375, 158.821808, 174.378372, 175.212341
546.305664, 157.870758, 175.897964, 176.685303
540.686951, 155.876404, 180.676376, 173.087402
538.142395, 153.699966, 183.367706, 178.510254
534.635010, 158.658173, 183.820099, 176.668304
537.067505, 158.892410, 182.871964, 172.186600
546.990845, 161.038437, 173.590530, 171.146210
535.367554, 160.408875, 181.845474, 176.283997
542.472351, 164.890717, 177.016205, 172.652359
536.268494, 169.154236, 182.610107, 180.724762
530.480530, 162.667206, 191.732330, 197.987000
530.826782, 161.917023, 191.781296, 199.867844
530.198853, 161.094177, 189.060669, 196.828003
526.626099, 159.384979, 188.300751, 193.000885
525.577209, 161.698059, 192.810822, 195.460922
524.941772, 163.467972, 194.389832, 200.687134
524.821899, 162.718079, 194.621811, 201.024673
526.688599, 161.948151, 194.440796, 203.147018
527.378357, 165.782227, 193.528961, 201.544495
539.670410, 376.645538, 134.085342, 119.764633
516.461426, 165.419159, 186.641342, 198.452988
518.685608, 166.211243, 186.723999, 200.448074
511.859192, 168.699219, 186.852982, 197.560028
506.656494, 178.268616, 182.191376, 192.929672
500.529724, 170.222076, 192.244888, 200.952927
497.285309, 188.627960, 187.151749, 187.485703
497.320099, 188.760468, 186.830231, 186.434525
493.267334, 171.204391, 192.003265, 201.695221
488.448517, 168.291321, 196.936935, 205.307312
493.865082, 174.601929, 201.367523, 215.966843
493.268280, 172.957214, 192.375626, 201.169815
493.019958, 172.587219, 193.891754, 202.668945
490.615204, 170.344269, 196.256592, 206.687653
488.796051, 177.518967, 192.576431, 200.736786
491.870087, 176.449463, 187.158249, 200.893600
492.851196, 177.315323, 186.281631, 200.533325
492.857239, 176.773682, 187.485153, 201.907379
493.032928, 178.346146, 186.718872, 201.259186
490.886444, 181.790222, 188.992722, 202.657196
490.696747, 180.448456, 187.285202, 201.984299
497.102478, 183.631866, 180.946808, 198.984100
495.644348, 182.637756, 180.378006, 196.941650
497.095001, 181.081741, 185.478363, 195.972809
497.165558, 190.357117, 181.999084, 187.056839
499.542816, 187.434296, 189.388077, 189.523972
502.970703, 186.827026, 189.616821, 188.560089
502.942749, 186.784958, 189.286728, 187.790100
511.911255, 182.364136, 188.918396, 191.299332
511.620087, 181.869949, 189.520737, 190.371323
516.505737, 183.594589, 189.058655, 190.694870
529.608398, 176.841309, 192.124924, 197.772232
529.498413, 176.742157, 191.789795, 197.648346
533.661377, 174.772369, 189.646500, 197.642273
541.445679, 176.395416, 184.596710, 190.437561
541.500305, 174.965149, 189.326935, 196.363602
551.281433, 180.700195, 183.975784, 184.975830
551.356995, 180.566391, 184.030975, 185.221863
552.835693, 178.421051, 186.301544, 188.678024
558.082581, 179.000809, 183.636749, 185.919800
557.098145, 178.265350, 186.540909, 187.672791
555.840210, 176.588608, 187.747040, 191.435379
555.564758, 176.437073, 187.603394, 191.837555
553.106750, 171.544266, 188.591263, 194.512909
559.575745, 170.839813, 186.645935, 200.141846
553.299377, 176.885681, 184.860199, 186.024261
550.010925, 166.867752, 190.187729, 195.721649
549.661987, 166.699646, 189.333542, 196.213852
549.460327, 166.251984, 187.795502, 194.867371
547.428833, 164.629868, 187.360367, 196.313522
546.437317, 167.171066, 189.001190, 196.042114
549.211304, 173.936218, 181.219940, 184.001007
545.191528, 172.675766, 188.095337, 191.092529
542.827698, 161.159744, 193.282669, 206.244186
544.911194, 161.414307, 191.324493, 204.788956
543.667725, 162.293259, 191.363556, 203.881012
544.792175, 163.051300, 190.600113, 200.356506
542.930420, 158.431000, 188.533112, 203.895325
546.134277, 166.742569, 187.960251, 191.425308
545.368225, 170.988678, 184.477448, 181.144501
543.160034, 158.065186, 189.383957, 199.354446
547.064697, 171.384796, 177.769073, 171.827179
546.060547, 169.011917, 178.174194, 172.753006
544.511902, 168.461243, 180.294754, 175.864914
541.891479, 167.395020, 180.722885, 176.997849
542.599060, 165.063416, 183.992233, 187.838135
543.750549, 167.176682, 177.478424, 178.677765
541.617920, 166.817078, 182.618500, 185.234390
542.846680, 167.155792, 179.477554, 179.413940
541.539001, 166.378113, 179.686859, 179.996231
544.306213, 164.861099, 183.415527, 189.780838
542.656494, 166.550751, 181.056946, 190.004120
543.073914, 166.076080, 180.930359, 190.539749
540.932556, 172.777176, 182.191879, 182.202332
537.211121, 173.784439, 182.718933, 181.150146
540.182739, 174.051193, 179.591400, 181.744949
532.624939, 169.085938, 184.768524, 182.963959
535.571350, 169.787598, 180.783173, 181.026093
529.557312, 175.011276, 176.633820, 178.116364
532.773193, 161.160690, 183.585526, 197.699234
520.944458, 163.430466, 193.667450, 202.215988
520.462219, 165.293411, 196.880478, 205.871017
524.109253, 163.184265, 193.622971, 208.131516
521.719604, 169.500702, 191.628189, 204.873230
520.433350, 172.286179, 188.452087, 201.293503
517.104370, 177.697906, 189.601456, 202.248352
515.161743, 175.701996, 190.079987, 200.236465
515.150024, 176.706253, 189.147049, 197.669830
514.407166, 176.136978, 190.228928, 199.392914
517.332092, 169.155090, 188.780914, 205.318054
512.986511, 169.824860, 196.479248, 205.319183
549.154236, 380.258026, 86.647423, 82.187355
549.401367, 378.730316, 85.390625, 80.880676
526.530579, 165.892731, 188.422287, 202.394608
527.077698, 161.669250, 197.404251, 208.563751
531.005249, 174.998352, 181.188492, 179.217606
530.929260, 170.559616, 185.890930, 183.232986
531.217590, 170.686462, 186.178879, 182.673721
534.395569, 170.687622, 183.864258, 179.204132
536.741333, 167.588470, 183.136597, 182.271378
539.163330, 167.448456, 181.920319, 173.124771
536.860657, 153.188568, 205.055023, 194.423325
537.793030, 153.149658, 204.370697, 195.007965
545.094055, 149.132904, 189.130600, 187.091614
541.355835, 153.918823, 192.967209, 181.325027
544.431519, 160.347824, 176.770599, 176.788010
548.740601, 150.201736, 183.451004, 178.821091
548.619324, 150.387939, 183.545135, 178.889160
552.046875, 159.396393, 177.963699, 173.096375
553.422729, 162.674179, 174.970825, 172.449585
552.269714, 162.688202, 173.457214, 171.352783
550.502563, 147.001678, 182.913422, 178.752396
550.494141, 146.927826, 182.877640, 178.728134
544.369263, 144.872833, 193.661407, 185.595901
554.300415, 160.443161, 175.933685, 171.084534
555.650940, 151.758621, 177.071899, 181.446854
551.981018, 145.473526, 181.818817, 180.637070
552.718872, 146.242554, 179.390793, 179.010757
544.462280, 152.333557, 187.267746, 179.234329
552.445618, 162.266541, 181.039993, 172.320862
548.144897, 162.253937, 183.385849, 178.141571
549.062134, 157.515594, 187.883255, 193.996414
549.843872, 158.935638, 186.817383, 191.844452
549.348633, 164.460556, 186.108109, 196.431198
543.240967, 169.108856, 191.665924, 198.743042
550.122864, 172.141495, 190.886658, 201.787613
552.011719, 177.275146, 190.199951, 199.743423
551.261963, 177.539597, 191.226395, 199.067627
550.537659, 184.697098, 182.040970, 189.749252
555.023743, 187.885208, 187.564835, 192.869904
549.800415, 197.735718, 185.699768, 187.432968
553.933350, 191.734863, 190.222137, 201.335724
552.052063, 184.026596, 194.889603, 210.453278
560.086853, 189.224396, 189.705093, 202.947021
565.288879, 192.283554, 188.250031, 200.699341
569.187988, 193.230682, 188.705185, 199.337067
572.592529, 192.716507, 189.012466, 201.749252
574.135254, 198.652695, 187.491867, 195.412674
575.888672, 190.797302, 185.663986, 200.729446
574.891296, 191.550537, 187.710617, 201.036545
572.430359, 184.935944, 188.275925, 206.169052
573.837830, 187.644302, 184.802872, 195.882462
573.828430, 187.984604, 185.692963, 195.523849
566.219849, 185.157089, 185.484344, 194.372818
566.981079, 179.002457, 185.568085, 200.559464
559.929688, 184.127533, 184.610077, 191.419464
557.856262, 172.502014, 191.483643, 205.563416
557.902405, 172.482407, 191.450577, 205.597397
555.647766, 175.919800, 188.323929, 196.320068
551.107666, 164.948212, 195.712082, 209.546356
547.857483, 159.944458, 200.157639, 209.453430
554.620667, 166.052765, 187.683273, 192.603363
554.433533, 166.186844, 187.357910, 191.966019
552.765320, 159.304901, 187.611710, 195.098160
552.212097, 158.490967, 186.440292, 191.968445
551.675842, 155.772278, 185.340637, 192.352676
554.193115, 163.473816, 182.462997, 186.274109
554.206665, 163.271179, 182.916702, 186.073288
555.435181, 157.225983, 181.421494, 186.751511
550.114197, 152.588654, 187.942230, 190.832733
559.526855, 154.865814, 176.600739, 181.733658
557.731628, 153.770126, 180.295319, 184.185135
558.025208, 153.719208, 178.795258, 182.952637
553.793518, 149.814407, 179.771667, 182.874237
553.007629, 147.235413, 185.764984, 187.573868
556.346497, 152.504318, 181.835953, 191.773590
551.170837, 160.355789, 188.215057, 193.297226
550.779907, 160.119415, 187.089890, 192.208328
552.988037, 163.031128, 188.110718, 197.714142
551.122314, 168.818436, 189.669556, 199.128784
551.339355, 182.468643, 187.227051, 187.518265
551.135925, 170.857178, 190.508499, 203.236786
549.491577, 169.110672, 192.014923, 205.635208
553.702698, 183.250961, 189.040634, 193.551712
554.358643, 181.852814, 185.972519, 192.474091
548.180237, 164.878510, 193.898056, 206.864960
548.472839, 162.100357, 189.235138, 198.883728
547.731262, 161.708511, 189.934570, 199.214249
545.747131, 169.477112, 181.794174, 182.885483
541.743591, 148.748932, 188.773666, 189.217743
547.834717, 160.673218, 178.504227, 168.799316
544.651733, 155.946457, 183.227646, 180.839981
545.029419, 157.212051, 183.401230, 180.264343
548.525940, 148.232178, 183.041779, 183.875061
547.670166, 161.641479, 177.466705, 175.974945
553.166626, 161.512512, 180.212402, 172.170959
551.328186, 146.778259, 187.630859, 186.010925
550.969421, 146.195206, 188.337097, 187.181778
551.588257, 150.219574, 186.713364, 186.576401
552.906189, 163.374893, 183.633347, 174.288406
557.260925, 169.412201, 179.160126, 175.654678
559.456482, 168.922592, 177.509094, 177.845215
556.812927, 168.444275, 180.956375, 177.394989
553.524780, 157.712875, 182.831512, 184.646240
555.948303, 156.135712, 181.908157, 187.492950
553.775452, 158.067978, 181.961334, 185.315491
558.135010, 154.196655, 179.126297, 187.582809
559.096191, 153.218933, 180.665482, 189.275711
562.802368, 154.215698, 177.610855, 184.924774
552.221863, 143.990936, 182.740662, 189.772568
553.235718, 145.754364, 182.177063, 186.263596
552.981567, 147.483932, 182.403259, 181.698196
552.346558, 147.016754, 184.054855, 181.299652
552.062012, 148.462112, 186.836914, 184.159225
556.167114, 151.781540, 179.423111, 174.086502
544.233704, 144.853622, 184.941162, 174.906784
541.923157, 143.207550, 181.552170, 180.875534
541.898743, 143.178421, 181.643158, 181.130707
534.823669, 136.301620, 189.164886, 186.547897
534.679993, 141.991852, 178.659729, 173.685394
536.974243, 138.902878, 185.602112, 175.565247
539.085876, 140.042679, 181.295547, 175.336487
538.717224, 141.169113, 181.211304, 173.648560
543.152649, 137.092453, 187.553299, 186.383835
538.550110, 135.263550, 191.398651, 187.371170
546.573425, 140.281448, 180.969925, 179.665405
550.047241, 140.222382, 180.182404, 179.400589
550.297546, 140.158630, 180.227203, 179.532516
551.013428, 140.108704, 180.539276, 178.745712
542.208130, 133.414413, 188.287079, 189.051193
543.707214, 132.433350, 187.462189, 186.911240
544.109253, 131.000763, 186.532837, 186.664001
543.179565, 131.138733, 187.133484, 186.124939
546.279114, 131.646713, 187.699982, 185.876450
549.430176, 132.306290, 185.651443, 185.360413
554.885925, 140.742523, 181.245331, 175.276093
551.229126, 136.032867, 185.931259, 176.645248
550.841553, 135.495834, 185.964584, 177.013733
554.266663, 136.831955, 184.209732, 180.844086
560.356079, 141.817566, 184.947540, 183.708084
557.500061, 140.187561, 188.527374, 188.523697
563.780457, 145.026489, 188.471436, 191.900436
564.809326, 145.910812, 187.291763, 190.625595
567.929810, 153.417587, 182.505524, 185.574402
569.751892, 150.141968, 180.615509, 177.173431
560.898315, 142.417847, 187.621338, 191.121140
555.808228, 140.849426, 190.429489, 192.230270
556.231995, 140.340195, 190.278900, 192.313736
554.748596, 142.068802, 190.266617, 188.520645
558.873657, 142.731995, 187.724426, 187.384094
562.787170, 153.959076, 183.309937, 182.442169
552.743103, 149.853729, 191.706192, 187.861542
552.261658, 149.890091, 192.465424, 188.751038
553.631409, 153.250519, 190.751129, 191.008240
550.902344, 155.440430, 192.374619, 197.630341
555.621826, 164.230530, 185.140076, 184.852814
550.816223, 154.731705, 191.499405, 202.102173
549.280212, 154.792206, 192.480164, 202.090912
549.003418, 153.590714, 189.806473, 200.352631
543.282104, 153.409439, 194.590881, 201.051041
548.904358, 163.587967, 187.837387, 186.098679
544.342285, 164.009964, 189.546951, 185.798264
544.789246, 163.651566, 190.094864, 186.440292
544.720093, 162.686890, 191.099442, 189.533188
551.972168, 168.015656, 184.050827, 188.758606
551.375427, 173.491852, 185.745316, 186.731705
557.118530, 171.335541, 182.014450, 182.569901
557.489075, 171.471741, 180.821106, 182.167603
553.621277, 168.508347, 183.375076, 182.418564
551.141663, 167.631134, 184.574783, 182.474075
551.990967, 164.989365, 184.161209, 182.915161
555.311523, 164.547852, 177.393860, 174.402130
555.324097, 165.554749, 176.815903, 172.462097
552.194092, 155.694305, 177.971878, 178.588364
556.490662, 158.293701, 175.634659, 179.213959
558.947144, 158.091049, 172.072830, 170.458496
560.710327, 160.989395, 170.230392, 165.978516
560.561401, 161.176514, 170.545609, 166.395432
561.502991, 161.724121, 173.197311, 167.393066
562.318604, 166.461823, 173.609375, 164.817368
570.791260, 160.863129, 170.296616, 167.036942
568.872864, 160.725784, 177.132202, 176.246170
575.037537, 162.683792, 169.479599, 172.660049
574.041992, 167.818909, 175.989883, 172.865509
570.997131, 163.890259, 182.695496, 187.847748
571.786743, 166.368790, 185.134918, 190.013718
570.012146, 168.396896, 187.047485, 191.419205
569.825439, 168.078613, 187.028961, 191.450546
568.289063, 166.541382, 191.564545, 203.646500
568.922607, 175.277100, 185.550827, 188.084900
567.581055, 179.043442, 186.421509, 192.916382
561.240479, 177.409882, 189.843140, 195.096069
560.940796, 177.069519, 190.866806, 195.728745
560.528198, 176.880356, 191.624969, 196.747543
558.801758, 175.466446, 191.196091, 193.268555
566.072754, 174.007965, 186.809250, 190.443832
565.556274, 172.284317, 187.078979, 189.061966
565.197510, 171.987152, 187.766693, 189.130783
552.381836, 164.181732, 197.499588, 208.055878
562.003845, 168.902435, 187.103058, 197.387161
576.810425, 174.529922, 174.781357, 172.538925
577.961914, 177.477188, 174.830444, 176.467255
577.979126, 177.556290, 174.879395, 176.423721
575.864380, 168.625732, 182.580185, 192.118942
579.473022, 169.416168, 180.433167, 187.393204
576.700684, 158.097122, 184.966812, 194.237778
575.041809, 161.769592, 181.584991, 186.900558
575.338806, 162.258072, 180.597687, 186.259720
572.755066, 161.618286, 190.404099, 199.404266
570.195862, 158.610886, 185.094772, 192.857590
570.861877, 165.780487, 184.581406, 188.211609
565.342590, 159.401733, 185.978256, 188.790619
571.768860, 167.248703, 183.372055, 185.222214
568.075439, 161.662445, 181.896622, 181.738144
565.138062, 175.631805, 180.085815, 171.159241
563.461182, 176.435928, 181.379532, 169.816254
558.696167, 162.912964, 183.471283, 182.431976
558.659729, 162.879074, 183.421143, 182.368698
548.899536, 163.459427, 189.702011, 181.287766
538.851013, 167.795761, 189.255539, 176.680923
530.662292, 167.044113, 193.661728, 185.792618
524.127014, 169.736893, 185.167297, 187.662506
524.154297, 169.781128, 185.391220, 187.879837
520.628845, 168.107224, 189.171753, 188.676483
520.528992, 167.751556, 188.022064, 189.487885
523.998901, 173.196335, 187.616928, 184.945938
526.493896, 169.219162, 191.062012, 196.234177
526.476624, 171.368774, 189.881516, 195.005447
535.287231, 180.125366, 185.367035, 189.421539
542.966919, 184.834976, 187.729660, 189.585938
559.392456, 174.121918, 189.630753, 200.588943
575.731995, 176.181030, 189.802628, 205.601242
576.718018, 179.613159, 184.947662, 199.459991
576.411438, 172.639526, 185.635635, 203.649414
575.506653, 165.952301, 191.965332, 211.660507
586.662231, 169.969223, 191.767929, 208.526459
589.294006, 175.225952, 181.415817, 191.417709
588.870728, 172.670044, 182.379883, 191.929123
578.566528, 164.375336, 189.259521, 206.987488
574.001831, 159.285919, 188.382523, 204.823395
575.050232, 169.286377, 186.571030, 190.169815
564.742126, 162.705231, 187.360504, 191.089264
564.758545, 162.810944, 187.355453, 191.130234
557.404602, 163.837677, 189.123230, 187.929199
552.547180, 162.480438, 188.487503, 188.802109
551.351685, 171.535370, 181.274628, 182.496719
524.635986, 151.927216, 212.649460, 213.325058
524.662415, 151.990784, 212.623047, 212.867157
534.253418, 165.113770, 189.402039, 193.346909
528.806946, 177.526917, 182.421280, 181.603271
520.548462, 165.889252, 194.570969, 196.800110
521.624634, 166.757614, 188.630264, 192.711029
520.786804, 166.919922, 189.931046, 193.064392
519.608398, 166.135391, 191.393921, 192.125183
524.447510, 162.564789, 185.230881, 189.327454
528.266357, 169.543198, 181.807281, 181.990265
529.274109, 166.165497, 179.562744, 182.041794
526.284119, 161.341019, 184.362457, 186.441147
531.953796, 170.784027, 173.240097, 170.729752
533.123047, 159.359573, 183.947174, 185.535583
521.117615, 150.387619, 200.584320, 193.849167
528.098450, 155.214478, 181.961960, 180.880249
532.507813, 155.229858, 181.292709, 178.586838
533.910095, 157.456146, 178.895370, 176.254929
527.865601, 145.089844, 198.109924, 187.460159
536.514954, 152.404572, 181.144012, 176.531265
528.989075, 151.648727, 198.223526, 185.940720
539.163940, 156.847763, 181.568558, 178.214035
539.249695, 167.045853, 177.858856, 170.433670
542.852539, 164.811111, 178.712967, 174.329239
541.884827, 157.003281, 192.111954, 194.041290
551.392029, 167.537170, 179.226288, 177.800507
551.125488, 166.028656, 180.000885, 180.054810
557.069214, 166.797287, 181.482178, 178.501236
563.493835, 166.609070, 179.679047, 181.159592
563.864990, 163.212860, 180.187134, 181.052963
565.461243, 157.628738, 187.155090, 190.204758
565.238098, 156.956360, 187.176010, 191.598419
573.342651, 152.900375, 183.818085, 187.171387
578.653503, 156.998947, 181.959000, 184.514099
574.011047, 169.121460, 186.527176, 187.758575
590.283142, 152.045776, 188.981277, 203.073593
589.943604, 153.270752, 188.641739, 201.875946
598.564758, 163.455658, 181.731735, 188.113174
599.322205, 153.462463, 186.374191, 198.865494
603.600586, 153.559616, 186.943085, 198.634750
612.789185, 162.368469, 182.014069, 182.344086
609.972168, 163.028702, 181.735580, 182.235199
610.248962, 165.104980, 182.315872, 179.054703
606.553467, 157.170532, 185.760193, 191.770905
604.071350, 159.880875, 186.510849, 196.085876
606.703796, 166.166977, 182.787796, 187.324203
607.174927, 164.704849, 182.725357, 193.188431
597.544128, 153.233582, 192.157059, 204.716995
596.240234, 155.257401, 188.178696, 198.738846
597.415039, 162.765244, 182.546219, 187.040451
592.802917, 160.606323, 183.367081, 186.379120
593.290710, 159.675934, 182.968750, 187.402725
587.216003, 154.501129, 185.338745, 195.543381
584.687927, 156.559204, 181.733124, 197.731491
576.154663, 153.935822, 185.945175, 196.018341
568.943054, 155.686295, 185.928101, 194.417725
568.950256, 155.673645, 185.972961, 194.282959
578.264832, 164.942429, 176.654160, 179.037216
567.261536, 157.262817, 182.856659, 189.418900
562.662659, 162.885101, 180.701828, 177.937134
564.587585, 156.103104, 181.172241, 182.696625
564.481873, 155.455063, 180.992172, 183.436432
553.374878, 151.627686, 185.268173, 184.834244
554.257507, 153.017883, 182.978256, 175.332687
550.341980, 153.246704, 184.633072, 175.318375
548.232971, 150.484970, 183.249252, 174.857468
548.348938, 150.487885, 183.110703, 174.812820
548.907715, 149.808685, 181.214264, 174.627197
556.297791, 146.916977, 178.914719, 174.162460
551.171814, 138.139633, 185.452209, 179.175003
558.173096, 136.303772, 175.117996, 169.818283
558.123901, 136.126831, 175.288177, 169.898956
567.699890, 133.956421, 171.694412, 170.844070
569.502747, 130.940109, 178.095688, 174.547211
571.393982, 136.967072, 176.505280, 170.733856
583.158447, 134.311691, 178.964371, 174.655396
583.321472, 134.296234, 178.859146, 174.612091
590.587646, 139.134827, 172.512741, 161.706345
604.457581, 143.336716, 170.073502, 172.098602
600.770996, 149.364349, 177.299667, 173.604416
608.090332, 147.175507, 176.313736, 183.413574
608.220459, 147.295105, 175.291199, 182.230331
597.500000, 151.676605, 181.914780, 182.119644
596.523132, 155.610886, 182.175186, 185.308350
593.432434, 159.138824, 181.619217, 186.446884
587.554871, 162.778122, 184.418839, 187.925278
586.866394, 162.666550, 185.043182, 188.576294
587.128174, 172.159683, 179.641495, 176.465958
573.313965, 161.157913, 190.049561, 195.490005
573.049194, 165.580002, 186.581863, 192.388016
568.355835, 171.557663, 188.028687, 188.910202
568.656677, 172.146286, 187.252060, 188.278122
562.772217, 171.078079, 186.542236, 190.440094
569.748901, 178.102905, 186.608582, 185.477936
572.555298, 177.028366, 183.750214, 185.739090
572.973389, 179.518784, 182.359604, 184.489838
573.872131, 179.727997, 181.822784, 183.936478
565.704712, 179.024307, 182.824219, 182.346100
560.417603, 176.171768, 185.000336, 185.188187
556.926025, 173.314804, 178.628479, 175.563232
549.256775, 169.529739, 184.334671, 179.669144
549.079712, 170.186020, 184.838470, 180.376495
548.426697, 177.461670, 175.864761, 176.390701
526.915527, 166.492416, 193.631668, 193.789566
531.176147, 166.974060, 185.828552, 184.840057
528.337891, 172.218872, 178.915344, 175.692963
528.409546, 172.013153, 179.320923, 174.925232
520.993103, 172.826416, 182.387451, 178.090363
516.888794, 174.378662, 180.980576, 174.568192
513.161133, 175.606049, 175.054306, 168.772614
509.002655, 176.895844, 180.837830, 170.237350
508.775574, 176.535049, 181.994980, 170.790421
503.933716, 179.478760, 174.316742, 161.541992
502.550140, 179.644653, 179.569580, 165.771011
498.679474, 180.121521, 176.096497, 163.519012
499.693298, 173.166779, 177.539627, 167.281784
499.198792, 173.300598, 177.266785, 166.486862
494.983124, 183.829102, 180.669601, 161.544907
498.569794, 180.052719, 180.298813, 167.707382
499.360535, 185.673279, 182.121002, 170.385147
500.476257, 179.862167, 180.619354, 172.503006
500.888855, 180.894348, 179.621140, 170.449341
504.454926, 183.950562, 181.152145, 171.042740
510.974426, 181.218948, 181.038483, 175.684875
515.448486, 178.851730, 179.174423, 177.132828
520.585999, 175.854950, 182.521835, 182.129471
520.011536, 177.273727, 178.759659, 177.722549
522.563843, 173.633163, 181.718826, 182.174927
532.425232, 166.878067, 176.986267, 182.716202
535.848816, 162.498718, 178.439957, 179.590958
542.680420, 167.091766, 180.672852, 176.430725
542.310242, 167.369232, 179.337997, 176.405243
549.498596, 151.097977, 182.075699, 184.195724
553.853149, 145.993958, 185.636002, 186.854492
558.233826, 145.076965, 183.868103, 189.050674
566.280029, 143.320557, 178.123230, 180.741852
566.092468, 143.164398, 178.982010, 181.069489
569.259094, 150.870789, 176.465714, 164.562164
572.504639, 143.075943, 177.619797, 173.725235
573.356689, 141.319244, 179.745331, 178.934753
578.766968, 143.840881, 185.653015, 188.361740
580.110840, 154.062836, 179.639862, 175.237381
581.914490, 150.872162, 173.556137, 173.157120
583.554565, 147.429840, 173.480270, 171.397064
580.135986, 144.860199, 179.193771, 178.450958
580.838806, 143.554306, 175.626083, 171.209610
582.147156, 143.388535, 175.998322, 169.207153
586.488281, 146.485077, 171.356064, 167.023193
585.133545, 148.661865, 172.017197, 167.676941
580.384766, 145.294464, 177.748215, 180.684158
576.450989, 145.340607, 181.285522, 175.595276
576.307983, 145.389862, 181.426849, 175.531891
576.768127, 146.946014, 177.581680, 167.970749
584.255493, 143.453674, 174.568771, 175.898148
576.136292, 141.274902, 180.630630, 185.860641
579.357056, 139.802246, 184.078918, 185.643173
578.941345, 139.118759, 184.043900, 187.007019
586.873169, 136.995560, 177.885696, 178.385315
584.891235, 137.844193, 179.373215, 175.112274
582.785522, 141.941864, 183.966644, 178.204117
599.521484, 147.473755, 171.588440, 166.058136
599.230225, 147.985992, 171.084442, 165.580612
587.362122, 139.721527, 185.394760, 184.738327
600.333130, 151.119080, 173.745529, 175.063065
597.053467, 153.056854, 175.692551, 174.149551
588.553955, 147.333786, 183.901505, 187.568085
588.737366, 147.419464, 183.644806, 187.453644
587.267883, 152.649002, 183.609268, 185.185699
585.149963, 151.838242, 183.111023, 188.231720
577.481079, 153.060760, 190.584106, 196.529953
574.355347, 157.539780, 190.148041, 187.953323
574.510742, 157.545486, 190.072296, 187.971619
575.795044, 166.556076, 185.844177, 178.153458
573.618286, 160.903900, 189.088959, 191.611038
571.448425, 162.682251, 185.752762, 183.699432
573.701294, 165.037018, 184.939087, 182.358826
573.759644, 165.098465, 184.962341, 182.332291
569.869263, 157.792160, 188.161499, 198.192459
574.134216, 150.864777, 186.861420, 191.697174
578.665100, 151.374939, 180.971634, 180.625381
570.554443, 146.874847, 185.889236, 185.532059
570.484863, 146.765030, 186.085373, 185.706589
573.560425, 146.879608, 182.420593, 181.393478
585.355713, 156.140350, 179.599152, 177.992432
586.059570, 150.475372, 180.869186, 193.026123
586.829102, 149.014877, 184.911743, 192.224915
586.795715, 148.923828, 184.905319, 192.416214
593.648499, 145.898315, 186.356491, 191.187180
604.681519, 155.338104, 180.277481, 175.675461
606.268188, 148.887573, 180.575882, 183.370422
608.607178, 150.416397, 179.677414, 181.129761
608.540588, 149.682251, 180.215988, 181.511841
610.306396, 157.672638, 175.609772, 172.380112
609.194580, 154.644730, 177.832703, 172.712570
609.993103, 154.012146, 178.591492, 175.883957
614.243835, 150.431351, 179.363068, 182.813141
612.006348, 157.591309, 178.189819, 173.922974
610.199097, 151.683914, 182.640930, 187.686172
609.561584, 152.672623, 179.712692, 181.179230
610.387512, 154.639084, 178.685120, 181.492340
609.520508, 152.487076, 181.540771, 183.949692
609.832214, 152.371902, 180.868866, 183.882233
616.099426, 156.961288, 177.984543, 172.404633
608.918762, 148.955292, 181.349350, 181.353333
609.349548, 148.428543, 184.571579, 192.074020
614.022400, 157.386002, 177.717468, 175.286026
613.925049, 157.394012, 177.655899, 175.326263
612.181885, 157.800507, 175.322083, 172.801910
611.079468, 151.239395, 181.199463, 184.718170
605.175049, 149.692139, 184.468552, 188.446182
608.519348, 150.913544, 183.349060, 193.120758
608.511108, 150.782547, 183.323227, 193.183701
607.774597, 151.573944, 183.050339, 194.711990
605.659241, 150.752441, 187.052460, 196.039459
602.748413, 155.511826, 181.736206, 195.788086
602.170044, 154.144714, 184.547440, 203.331909
603.046387, 154.353088, 183.542557, 201.291306
594.080261, 150.520844, 186.979492, 199.402771
588.547058, 160.512436, 186.132431, 187.262817
580.202576, 155.433441, 189.624390, 187.314590
584.173950, 165.462494, 178.570572, 173.061066
582.409851, 164.879929, 179.974808, 174.692078
568.947449, 149.596680, 189.561310, 186.032059
563.369995, 151.694427, 186.326752, 187.944794
560.430664, 153.634323, 184.829590, 189.354004
561.361450, 151.342377, 179.597580, 178.940903
561.412292, 151.393677, 179.404343, 178.784500
554.204285, 147.478027, 181.955093, 177.814270
553.136841, 151.870239, 180.931625, 172.506592
550.648499, 149.052368, 178.524765, 174.300735
552.382019, 152.171387, 180.434814, 175.540771
549.176758, 150.054794, 181.102615, 174.569794
550.344604, 150.829926, 178.710388, 174.236954
548.991333, 150.216110, 182.252426, 174.319550
562.888245, 152.183044, 171.678665, 165.370529
555.133606, 148.061035, 175.502533, 165.771729
554.944946, 147.942032, 175.709381, 166.190063
564.247314, 151.073105, 166.664215, 160.054535
554.834351, 142.498291, 175.384583, 168.055817
560.078491, 152.287323, 176.965225, 165.895905
562.122437, 150.346344, 176.553223, 173.012650
561.214233, 146.943130, 177.884109, 176.279053
562.284058, 148.358719, 178.821152, 176.707748
566.786438, 158.775070, 180.155563, 175.349503
569.149475, 152.407150, 180.519867, 183.447495
573.789612, 161.783630, 178.343369, 170.411011
574.622681, 162.162674, 176.743881, 170.075668
566.043152, 148.761215, 190.016357, 180.785980
566.552979, 154.223907, 187.675095, 185.876144
566.914368, 153.847321, 189.768799, 188.555481
566.434631, 154.557678, 187.687439, 193.524704
566.355225, 154.188675, 187.674591, 194.517639
574.503662, 160.398804, 187.631989, 190.234680
570.325623, 162.475830, 188.530716, 188.361191
569.572815, 153.892578, 194.099365, 208.163788
569.412842, 152.559235, 194.955002, 209.235626
570.443726, 152.440186, 194.527176, 209.737732
570.097473, 154.762665, 190.173798, 205.458740
564.777832, 154.557465, 192.397430, 191.419403
560.216431, 149.806732, 197.820984, 195.088867
570.175781, 152.993256, 186.294235, 186.349152
571.994263, 159.756760, 182.891312, 175.721207
570.551453, 153.901321, 183.379929, 174.332260
569.355347, 144.024811, 182.184006, 174.101959
570.502930, 137.541199, 177.904724, 171.786865
579.147156, 142.799850, 171.124649, 162.360321
582.330688, 142.316696, 168.961441, 160.094727
571.622192, 142.363220, 176.872299, 166.652222
574.227966, 143.124161, 176.984192, 168.251678
572.146118, 140.950684, 175.465424, 167.830399
573.023987, 138.788834, 176.615738, 171.952103
573.048462, 138.721588, 176.698654, 172.064087
573.903503, 137.433258, 175.830109, 170.299103
569.442383, 140.396484, 178.577637, 168.062042
568.946289, 144.327667, 180.536377, 168.762817
571.422180, 142.634216, 179.568405, 168.130096
571.667603, 142.679047, 179.360870, 167.957672
570.943115, 143.867767, 184.600677, 177.094376
568.933716, 147.710968, 184.331146, 184.432205
566.033691, 151.995575, 188.226212, 192.813416
573.945923, 162.160797, 184.154099, 179.364456
569.594299, 161.750031, 188.416168, 184.672852
565.208618, 165.148743, 191.812668, 188.856750
559.826294, 165.589920, 192.222519, 196.391159
566.657349, 169.830368, 191.505707, 195.719070
563.615479, 172.939651, 192.382507, 193.445709
563.540100, 172.762115, 192.539139, 194.517517
562.902039, 177.842392, 185.870132, 187.252502
552.357910, 173.265900, 192.448151, 189.413803
550.007141, 171.857880, 193.476105, 195.248169
554.600403, 181.434952, 192.290756, 197.744278
554.485352, 181.435577, 192.424393, 197.648697
545.135132, 175.580078, 199.259109, 204.234161
546.114868, 171.407578, 195.934692, 203.163956
547.092773, 168.390564, 193.317642, 199.765869
549.926941, 164.946198, 187.043381, 192.078903
551.010376, 165.750443, 185.511887, 188.198288
549.228333, 158.995956, 191.956253, 193.758911
547.214233, 153.891403, 191.267731, 195.312576
550.904114, 156.030670, 191.935272, 192.507050
554.303955, 154.752426, 187.005646, 188.646866
550.938171, 157.656296, 188.931946, 182.938446
557.372559, 150.813934, 187.360245, 185.954620
562.834839, 154.932129, 183.455215, 179.344589
557.402954, 152.803360, 191.746826, 186.301407
558.068665, 154.412567, 183.517593, 181.675079
562.836304, 157.768158, 182.869003, 175.634872
567.006531, 155.779739, 183.394608, 178.691193
568.592590, 160.177612, 180.509094, 174.244568
562.190613, 160.896973, 188.102905, 182.713165
560.447754, 159.306793, 191.443268, 189.830246
561.093201, 159.403961, 189.519104, 188.132980
561.447693, 163.138260, 182.951553, 177.421692
566.016907, 164.587723, 176.973862, 177.806915
560.999390, 161.077454, 180.312454, 181.900894
563.396118, 162.222290, 179.163589, 175.094345
563.320190, 162.782883, 178.300156, 174.675278
560.207092, 162.078613, 180.417984, 174.339493
555.341187, 160.556396, 183.521194, 183.826248
554.714355, 159.408127, 184.073944, 187.002365
550.260742, 151.856033, 188.434311, 190.822861
550.449036, 151.389679, 187.828705, 191.597534
547.658630, 147.218124, 191.788605, 192.170731
556.676392, 155.344711, 181.585068, 177.811661
551.308716, 149.024048, 186.515701, 182.811081
558.378723, 158.704910, 184.262970, 178.651459
557.726196, 158.661224, 184.654938, 178.069260
554.954712, 151.136749, 190.387772, 192.241577
555.459961, 162.997467, 188.536636, 189.656998
552.620667, 165.791290, 192.858643, 199.604828
550.345459, 164.807373, 202.780045, 213.408035
550.362305, 164.875046, 202.736053, 213.383026
548.353271, 177.554474, 198.141296, 208.906723
546.236328, 191.849655, 197.448792, 205.866119
543.678406, 186.906021, 192.722168, 209.663834
539.055176, 187.367325, 200.750916, 212.645401
538.991455, 187.553314, 200.513947, 212.390640
535.822266, 184.025970, 201.469498, 216.936646
545.398132, 191.683350, 186.055695, 187.567429
543.694214, 174.922943, 195.800293, 200.554596
549.154541, 174.048752, 185.584091, 190.347046
549.268005, 173.998322, 185.456619, 190.234772
548.471313, 162.632629, 189.314392, 196.289230
544.829285, 154.841888, 194.321777, 199.926880
543.177917, 154.089386, 188.872467, 198.279755
537.197876, 162.597473, 189.464920, 184.310059
537.129883, 162.577682, 189.296432, 184.242920
532.109985, 169.663239, 187.324707, 178.933212
525.901001, 166.898804, 194.971191, 193.896606
524.880371, 184.213120, 190.212997, 186.347641
520.552917, 183.786423, 198.056870, 197.842453
520.520874, 183.825775, 197.903641, 197.754883
515.112244, 176.685120, 199.840408, 202.591248
520.181458, 183.874756, 199.527328, 198.949020
522.986572, 171.680725, 195.266632, 197.990616
531.221619, 176.393814, 188.230743, 189.518524
530.073914, 176.428741, 189.586899, 189.288071
529.791260, 174.205597, 189.561691, 190.035919
521.435608, 164.695618, 201.746033, 208.926239
526.240479, 168.461319, 199.261932, 201.596817
524.419250, 168.770416, 194.908554, 198.789703
524.564209, 168.812210, 194.932938, 198.861572
512.374329, 156.544830, 212.434540, 217.771301
522.693176, 175.063858, 192.364044, 193.083542
519.284424, 171.341766, 200.602402, 204.021759
520.929993, 172.783356, 200.037933, 205.067993
526.266541, 177.538330, 195.102371, 197.406158
532.964783, 185.212250, 190.153519, 197.091812
531.697876, 190.388458, 191.384918, 195.582626
535.662598, 189.630096, 189.540909, 198.685013
532.119995, 190.747131, 194.259460, 202.633209
528.559937, 182.771255, 200.394547, 206.471634
531.007507, 183.818604, 193.616867, 195.808945
538.112488, 189.766785, 189.774902, 188.101563
535.710388, 174.780579, 192.542480, 193.971329
539.335938, 167.959442, 193.782318, 191.791763
539.263245, 168.003571, 193.894653, 191.998215
539.115723, 163.455627, 194.753815, 195.866974
540.885315, 161.530792, 194.352722, 196.314804
546.364746, 162.089828, 194.077560, 193.745911
555.860229, 168.492126, 191.888092, 192.217300
555.816589, 168.386368, 191.982788, 192.289169
557.364929, 157.755859, 189.717758, 192.195297
564.084534, 143.346436, 190.594315, 198.980362
572.458374, 137.950592, 190.234421, 191.307373
581.470764, 133.469757, 190.116348, 187.058746
584.474609, 139.981293, 184.936447, 177.173218
586.424805, 132.417038, 189.507065, 183.500229
590.790344, 133.437256, 188.362930, 184.518417
594.840759, 134.962418, 186.558807, 185.055695
594.288513, 135.838593, 188.157776, 183.701569
594.419617, 135.280182, 187.433456, 185.018890
594.015259, 137.844330, 187.882004, 185.012375
594.949707, 141.986954, 183.349686, 185.670670
590.983154, 139.011963, 191.133591, 193.018463
596.721741, 145.352524, 183.339035, 193.094177
605.490051, 156.548813, 176.408813, 178.903870
593.917480, 149.698669, 186.970673, 192.774612
599.969604, 348.206512, 164.796143, 168.320389
570.662842, 154.913391, 197.345398, 206.395279
562.900024, 168.287216, 199.120926, 189.482376
561.834290, 167.505127, 197.396378, 190.564606
559.102234, 179.240112, 192.027206, 187.759766
538.755249, 180.337357, 204.419785, 200.384644
542.791016, 187.831085, 190.544983, 188.337524
529.644897, 181.979019, 200.032196, 197.119537
529.910461, 182.558990, 199.529343, 196.354523
518.525574, 179.975754, 200.171066, 196.540695
515.068604, 178.864120, 199.749420, 195.084259
517.241760, 173.923782, 195.385391, 195.364716
524.364075, 174.566864, 187.919937, 188.198120
524.463989, 174.601715, 187.469315, 187.927048
523.930481, 165.509033, 196.580566, 194.265854
529.733582, 163.078796, 188.630463, 187.526505
541.678650, 166.148056, 183.606064, 179.651657
544.071594, 164.354523, 183.467880, 179.325958
544.201965, 163.397888, 184.372345, 180.498505
540.939270, 157.367950, 183.148438, 177.468292
547.004211, 163.457794, 180.593216, 171.526413
541.132629, 157.952789, 189.706741, 173.214371
551.368408, 156.588654, 181.959000, 175.779678
551.717346, 156.219849, 181.998505, 176.104095
549.947998, 157.907440, 178.905258, 171.190201
544.198181, 153.140808, 185.798508, 169.044022
542.232605, 152.041687, 183.467575, 170.663956
540.952820, 153.205292, 179.017792, 170.330414
542.313477, 153.315094, 177.179260, 169.171753
534.990906, 158.772964, 180.838501, 169.492706
524.349243, 155.432220, 186.987442, 172.980927
506.658508, 156.338181, 196.424469, 184.158920
495.764008, 159.476959, 197.272888, 180.097061
495.228912, 159.851868, 197.796936, 178.910248
481.729767, 162.368011, 197.249008, 175.769318
473.587402, 161.646744, 202.390366, 177.094025
477.617340, 166.538071, 199.061707, 177.806519
473.205872, 160.561554, 210.335129, 191.371307
484.350586, 166.916183, 196.899689, 185.806259
481.846100, 163.532074, 209.984528, 191.831863
498.726471, 172.701187, 197.694962, 182.104996
510.098450, 170.525635, 200.241684, 185.414337
525.184204, 173.486938, 193.800720, 180.948990
525.954285, 173.404846, 193.495316, 181.360703
539.242126, 169.040833, 195.503342, 187.080627
546.808594, 165.772034, 193.799271, 188.589859
560.756897, 163.679260, 187.598907, 181.800537
567.190979, 156.637085, 184.009811, 179.876602
568.120728, 156.702560, 182.916138, 179.529587
570.254272, 151.397034, 183.205780, 180.997894
570.178589, 149.743195, 182.897171, 180.369659
570.617065, 149.395660, 183.978622, 175.933395
569.420349, 145.481064, 180.926270, 171.534729
569.402710, 145.555618, 181.099274, 171.559586
573.616943, 142.918716, 178.021729, 168.054886
576.860779, 141.703369, 176.551971, 167.464432
577.187805, 137.994156, 179.649307, 173.639008
586.114624, 136.338303, 174.784637, 168.315735
585.990723, 136.202316, 175.099350, 168.553162
590.526062, 140.468933, 173.196930, 174.560471
608.868103, 145.768219, 166.282776, 167.184326
597.913696, 135.617676, 181.474869, 181.075897
605.701538, 138.346008, 178.279236, 182.271545
605.974426, 138.374466, 178.162537, 182.139282
608.108521, 140.314880, 178.662125, 181.827209
609.662781, 143.559982, 180.177307, 183.281418
610.983643, 142.776093, 182.223450, 188.570175
608.949829, 146.565979, 185.570160, 190.568436
609.076965, 146.715637, 185.374649, 190.285751
623.708313, 159.135818, 179.059631, 178.032639
604.798889, 155.079010, 189.512619, 203.821075
605.653137, 160.140579, 186.576630, 199.991272
598.347961, 161.321381, 186.673416, 198.214020
598.318970, 161.443420, 186.086884, 197.791061
593.149231, 162.447708, 190.678680, 201.311935
585.568726, 164.691376, 188.113861, 200.779968
574.075439, 161.189224, 192.664902, 206.768570
574.549011, 164.459747, 186.229218, 189.713562
574.897278, 164.674469, 185.969879, 189.541763
567.863159, 163.936447, 184.761795, 183.815033
559.901917, 162.262985, 186.329514, 183.924515
550.506836, 160.959061, 191.290527, 192.258240
555.385925, 157.854523, 178.257492, 177.449356
554.146118, 156.344376, 179.524429, 178.629852
546.035828, 146.853851, 190.401199, 193.589478
550.255249, 151.500488, 180.833145, 176.028198
552.663696, 150.831757, 177.159988, 172.059830
549.163574, 145.488464, 187.667847, 187.219131
549.172241, 145.953613, 188.223495, 188.416641
553.985535, 149.746872, 185.044495, 189.966766
556.812500, 151.980728, 175.640076, 168.907852
561.453918, 150.212250, 170.449646, 170.467117
568.951660, 149.645493, 167.761292, 166.433090
568.924072, 149.562378, 167.706406, 166.478180
571.700867, 149.325775, 170.605591, 169.160126
576.293823, 145.157150, 176.177200, 173.647049
578.351929, 139.619354, 179.556183, 172.892578
582.186401, 138.934174, 182.853134, 174.406036
582.004944, 138.625061, 183.136978, 175.449112
589.444092, 143.144821, 181.067017, 176.204697
592.271240, 141.894562, 182.040344, 179.494904
599.522339, 143.166290, 176.874756, 177.883469
599.400024, 145.276337, 177.460526, 177.211197
604.769287, 139.272491, 169.747955, 170.707642
598.354492, 144.434189, 181.448151, 176.702072
772.311707, 345.341644, 153.955276, 151.589172
599.115967, 147.146545, 182.495819, 182.794922
603.181091, 149.597595, 179.267990, 177.353653
601.635681, 147.360458, 180.851791, 181.050690
605.441711, 150.560791, 181.266876, 186.264587
605.748596, 150.637848, 179.189362, 192.619293
604.292725, 151.787964, 178.042130, 194.123184
603.237549, 151.350372, 178.191971, 194.119171
603.487488, 151.340012, 177.816513, 193.865189
597.193115, 151.081558, 184.874756, 192.712708
598.635376, 154.808685, 181.158249, 184.262451
593.628784, 153.825012, 183.554016, 190.353760
592.281982, 156.272278, 186.657715, 198.029587
592.106262, 156.043976, 186.875290, 197.706543
589.570801, 159.721466, 181.167206, 196.747665
586.387390, 160.781372, 187.686432, 195.704926
584.920166, 167.928360, 186.821671, 196.458023
583.867310, 171.660049, 184.393204, 194.557785
583.938293, 171.991821, 185.041733, 194.257172
578.200073, 172.117111, 190.160767, 204.726196
576.105835, 170.254074, 190.848297, 207.051285
572.370605, 179.665161, 191.815750, 203.226364
569.469116, 181.276474, 189.516968, 190.770142
569.723633, 181.126419, 189.113724, 191.445709
563.840088, 178.750656, 195.828400, 201.113541
569.154602, 189.546875, 189.272873, 192.175293
559.851624, 184.927078, 184.905762, 190.054077
562.736206, 191.837524, 185.216949, 189.521332
562.423645, 191.734070, 185.287582, 189.490646
557.816833, 188.530792, 188.131134, 189.061005
549.628174, 189.751694, 190.173050, 187.281708
545.828186, 187.465942, 190.726379, 190.577576
545.848877, 191.423843, 189.286102, 184.404739
542.141541, 186.196686, 190.088486, 186.920731
544.429749, 184.193024, 190.805695, 188.895920
543.818420, 183.058334, 189.969727, 189.459137
542.290894, 181.428650, 189.814667, 188.732468
548.485107, 184.052979, 183.620178, 183.598465
548.532288, 183.956207, 183.685318, 183.720917
538.791626, 174.310974, 190.676163, 190.003906
544.094849, 174.798599, 183.655899, 183.858414
539.520264, 169.124069, 191.479797, 188.547241
536.805664, 164.321503, 188.984619, 186.983322
544.084045, 169.313629, 182.848785, 177.395721
541.771973, 167.348343, 182.537842, 178.579529
536.159607, 162.874023, 188.580994, 177.744736
539.685974, 162.728714, 183.820282, 175.828918
539.233398, 163.701996, 182.922318, 173.178879
538.134033, 163.724091, 183.725647, 172.987213
536.002014, 161.779739, 182.907501, 166.592407
538.478394, 163.404205, 182.898300, 168.292419
536.875000, 161.224503, 182.335342, 167.973618
538.060974, 160.121048, 178.460190, 165.331711
537.236938, 159.601105, 178.887558, 164.911255
534.251648, 159.052658, 179.177643, 167.837189
533.899963, 151.281204, 179.735748, 169.653580
533.439026, 152.857193, 180.390900, 167.277939
536.335510, 150.130005, 173.589905, 163.215469
538.411194, 149.692245, 171.935410, 163.594025
530.745056, 149.883881, 178.034393, 170.567368
532.042908, 144.505371, 175.263794, 170.524429
529.708252, 144.895309, 178.783279, 169.903244
528.933044, 151.226501, 179.582779, 168.718552
528.717224, 151.473267, 181.981308, 171.464554
529.694946, 149.529846, 174.049088, 171.125992
529.648438, 151.428802, 176.340836, 172.050522
524.633667, 152.621979, 175.753052, 166.114685
526.233154, 156.167389, 174.187714, 161.576462
526.207825, 155.900269, 174.428894, 161.960999
531.442993, 154.341370, 178.241104, 166.244232
529.902832, 151.677704, 187.009796, 180.791199
539.194580, 156.747711, 179.646225, 168.182816
544.278015, 150.089859, 183.252655, 176.184631
544.021057, 149.828384, 184.095749, 176.866241
548.870911, 149.219925, 179.077972, 176.289154
551.825623, 147.635803, 183.690430, 181.499619
555.572693, 155.605042, 180.343323, 190.346390
554.363953, 153.458466, 185.739029, 190.457260
555.907471, 154.826508, 186.474747, 193.151688
555.265198, 162.585419, 184.844009, 193.330750
551.483398, 158.783356, 187.515930, 195.872025
551.232422, 162.338165, 189.795700, 199.196686
549.572144, 167.074554, 192.601196, 192.952042
549.791809, 167.118027, 192.555069, 192.912689
556.174622, 172.837067, 183.156006, 178.163193
550.553101, 172.620789, 186.389069, 183.150284
558.826355, 176.524963, 182.169128, 179.252213
556.603271, 175.033493, 181.596405, 179.699188
557.360657, 175.019318, 181.234680, 180.916306
559.131165, 177.589401, 180.627548, 181.141647
552.690186, 175.730606, 183.224808, 181.981461
557.658081, 178.904144, 185.406784, 183.526764
555.858765, 171.600082, 184.959824, 183.278595
555.713196, 173.140976, 184.949295, 180.505356
548.801270, 170.391556, 193.500748, 183.407700
559.422485, 170.460022, 177.925888, 174.125778
553.110474, 165.219162, 183.486542, 176.257843
547.979187, 160.895706, 184.523560, 185.192093
548.047119, 161.139740, 184.295609, 184.907501
548.364624, 162.567932, 186.501205, 185.270889
552.853455, 162.819260, 182.818420, 184.987198
548.664551, 163.739227, 182.473953, 181.631851
548.982788, 160.953583, 185.050354, 187.157288
548.987488, 160.933075, 185.111603, 187.283463
557.447205, 168.092377, 175.372482, 176.264496
564.362732, 168.995270, 176.358536, 174.295502
570.065002, 159.024124, 188.163452, 190.426697
578.843567, 165.165405, 184.579453, 190.532242
579.812256, 164.690521, 184.151886, 191.058167
585.959229, 168.999603, 181.137024, 189.214523
600.354248, 178.842682, 172.411804, 178.994873
583.028748, 170.539276, 184.828384, 194.058685
586.227112, 168.686340, 184.395905, 198.980118
586.959778, 168.989166, 183.352081, 198.628555
583.296692, 173.361832, 185.887711, 198.043640
579.332275, 171.483185, 187.521988, 198.552109
575.660400, 175.458832, 183.278427, 192.503036
571.948608, 169.616302, 187.614288, 198.317642
572.165161, 169.362122, 187.095612, 197.897049
560.802917, 164.882584, 195.579956, 203.846283
569.522888, 160.866959, 191.689560, 190.722580
572.615295, 155.646271, 186.272430, 183.304504
570.627075, 152.420746, 191.762955, 194.106628
582.810303, 163.577728, 177.996017, 169.627182
568.911865, 149.564072, 199.242722, 196.600021
571.438538, 164.164307, 195.655182, 193.282120
567.300781, 168.498444, 190.938828, 193.238968
566.590271, 171.109833, 191.970749, 197.184097
548.589172, 170.189346, 202.342514, 198.043945
564.346191, 180.951965, 194.164703, 195.996094
542.051636, 165.172058, 210.992249, 214.215195
565.880676, 178.029465, 189.196884, 200.239380
565.037964, 171.468903, 194.310883, 209.408112
565.104126, 171.393494, 193.932465, 210.078522
576.544067, 179.238922, 184.165497, 193.669510
576.349426, 175.355652, 185.890747, 197.632278
576.565491, 173.179962, 184.732681, 194.332077
577.623840, 172.835236, 180.697556, 190.337051
575.514038, 171.306702, 182.819229, 192.264664
577.979858, 165.342468, 178.634216, 190.929337
569.063965, 162.000824, 186.445572, 194.816040
564.262207, 162.177673, 189.349045, 194.683914
562.720215, 164.837952, 187.695755, 187.485474
562.653198, 164.816162, 187.782013, 187.603363
558.721069, 163.488663, 189.613678, 189.620544
558.906616, 166.399902, 183.165710, 186.574173
559.673767, 170.327866, 184.229507, 188.314011
558.213684, 175.527374, 181.493134, 186.344299
561.418823, 172.179810, 183.587036, 189.037476
564.489441, 177.428925, 181.193039, 187.950317
566.249512, 180.759369, 181.231155, 187.050858
567.548828, 181.104370, 181.670181, 187.665619
567.400818, 179.571381, 182.963394, 189.421234
567.003540, 179.823181, 182.734238, 188.390930
566.924988, 178.198883, 181.762680, 191.073441
559.613586, 170.428436, 192.666779, 205.751221
556.228455, 177.854721, 184.734009, 195.909332
549.874084, 178.383926, 193.396271, 198.947937
549.313599, 178.060303, 194.365509, 200.199707
541.892639, 180.944092, 191.338425, 192.190979
538.952026, 175.232407, 195.695709, 201.527206
540.403687, 177.753265, 188.453476, 186.127258
545.220703, 177.113617, 187.191833, 187.883362
545.051453, 176.844650, 186.625153, 187.996719
551.137329, 174.739075, 186.936279, 190.253906
547.183167, 174.416962, 189.320007, 186.344742
556.791199, 174.169342, 184.941040, 182.630432
551.028870, 172.591629, 188.881287, 185.460892
551.011047, 173.181702, 188.893890, 185.848969
553.413513, 174.244522, 183.104462, 180.803955
550.022827, 169.307281, 185.767685, 181.986557
549.994934, 169.131927, 182.706131, 180.821594
542.529175, 163.470840, 190.116089, 185.687485
543.676270, 167.775421, 187.538300, 181.124420
537.534790, 161.001175, 189.088898, 186.385834
534.938538, 156.556641, 185.805740, 180.501617
534.857239, 153.630844, 185.140900, 181.684280
530.662781, 151.060547, 193.844757, 187.656708
530.503601, 151.097748, 193.769714, 187.706100
532.085510, 150.831589, 187.882248, 177.161987
536.915649, 149.525772, 184.290192, 176.593689
538.976685, 148.011414, 183.849014, 176.133652
540.330872, 144.987839, 186.478210, 176.841461
541.269531, 143.840546, 185.268616, 179.709351
539.094360, 144.712570, 197.876419, 181.470261
552.377991, 141.522461, 180.059418, 174.088608
559.174927, 139.552460, 181.948730, 175.177750
562.578979, 143.605499, 178.893860, 176.788010
562.462646, 143.336456, 178.592117, 176.326584
567.029541, 138.088928, 187.332016, 181.704559
569.407227, 141.324554, 187.295731, 187.643372
568.420349, 145.411209, 186.934891, 191.480713
571.262390, 150.276230, 184.870911, 191.614670
571.218445, 150.354614, 184.826874, 191.643143
577.352478, 155.434311, 180.106796, 186.373474
567.350952, 149.085968, 187.271530, 194.924759
567.775085, 151.993439, 193.738724, 193.602036
573.385864, 171.685303, 180.276917, 173.474686
573.585571, 171.770508, 180.036362, 173.106812
573.040955, 176.375809, 182.486877, 176.254242
566.116516, 178.160660, 185.518997, 177.903381
550.231140, 169.483368, 196.819427, 199.836243
546.646606, 184.357513, 201.525894, 197.881577
546.561035, 184.384552, 201.985458, 197.367249
544.297424, 184.176010, 192.910553, 191.064728
542.010742, 181.577637, 189.292847, 185.847168
540.904724, 190.713501, 188.871964, 185.149979
534.232361, 186.300186, 192.891586, 184.147720
534.025146, 185.763565, 192.463150, 184.454269
533.060120, 184.527527, 187.599228, 176.964645
520.737305, 172.047668, 204.093781, 196.501816
522.783325, 177.593933, 195.562943, 183.065018
524.650330, 184.215424, 193.213364, 182.980850
515.592834, 175.177780, 206.075409, 196.705826
517.803345, 177.927765, 199.448822, 189.774506
505.819183, 184.252350, 216.040085, 199.622452
504.147461, 183.955414, 206.559235, 194.603836
504.013794, 186.762741, 205.802658, 195.958618
503.447296, 186.809006, 205.355499, 195.681625
502.315216, 188.774475, 205.174637, 199.160767
500.144257, 197.564362, 202.227692, 193.950150
500.466949, 205.603241, 200.355865, 184.418854
498.864136, 203.298660, 202.149216, 197.146194
502.206207, 203.780914, 200.790817, 194.915527
488.232910, 199.730011, 203.074219, 187.951889
494.726105, 210.662521, 195.944641, 182.886459
494.066040, 210.679413, 194.272476, 179.356934
483.828644, 200.697449, 203.542664, 189.976685
482.145142, 189.413818, 213.334244, 192.972916
486.733887, 204.441238, 198.578506, 181.604568
479.202332, 191.848724, 202.188370, 185.369431
495.069305, 199.016373, 198.368164, 181.406708
499.792877, 193.301849, 198.163422, 186.209442
499.946655, 193.357727, 198.085159, 186.131012
492.389099, 187.825714, 205.830368, 187.355682
492.602173, 182.974396, 208.736298, 187.108475
500.482269, 180.047302, 206.824112, 184.676056
508.533844, 181.778229, 200.686676, 185.395004
508.389862, 181.735840, 200.773239, 185.396027
507.028564, 183.098663, 204.184769, 189.580688
511.914215, 184.929657, 204.960068, 192.933746
517.188965, 188.745331, 203.298141, 196.751694
521.588867, 195.209412, 199.888412, 197.237640
518.006897, 187.852417, 203.214020, 202.132141
521.999695, 191.776535, 211.693710, 205.599579
531.424377, 206.818420, 192.980804, 192.697815
528.214905, 209.914551, 194.368652, 195.058701
531.134277, 211.801544, 189.286728, 186.753204
530.979919, 212.155457, 189.718460, 186.841599
531.503540, 216.246292, 189.784485, 187.819641
526.549438, 216.195160, 188.226959, 180.874893
520.712952, 208.151093, 197.449234, 197.455200
519.299255, 203.463608, 193.627518, 188.683792
526.240051, 208.012192, 188.537018, 185.477982
514.703552, 202.029907, 197.058212, 187.547623
511.302765, 192.196121, 196.981415, 192.880188
516.137817, 188.165619, 195.095245, 188.130646
518.746826, 190.246872, 192.818314, 187.478912
517.363342, 191.061234, 192.345383, 186.553726
519.153564, 185.387665, 197.923553, 195.632050
516.659546, 176.762802, 201.424072, 196.335938
528.643005, 182.841293, 184.501129, 175.952438
525.121826, 175.293991, 187.331955, 179.831833
525.356750, 173.736404, 189.588089, 181.757217
528.700378, 170.084900, 187.621338, 187.608368
529.088196, 168.321457, 183.106354, 181.750595
529.412964, 162.963623, 183.678009, 185.024612
526.942627, 156.560425, 192.602585, 189.309525
526.329895, 156.913437, 193.287079, 189.063843
524.075684, 161.918106, 184.847794, 188.371887
519.953796, 153.732437, 191.835480, 190.328918
510.705658, 152.452515, 190.921631, 182.814133
516.731140, 152.897598, 184.957169, 179.130310
516.807068, 152.791718, 183.867096, 179.103973
517.289612, 152.817276, 181.011322, 176.396164
519.888733, 153.611847, 187.059830, 186.014984
513.158020, 154.658539, 178.535034, 169.840790
518.352356, 154.070450, 176.186279, 163.237671
518.683044, 154.808792, 175.019333, 162.784683
513.363647, 143.922012, 179.238510, 182.778900
512.937012, 145.590271, 180.036545, 179.537750
513.412659, 149.213684, 173.466217, 171.766876
514.301758, 148.796143, 173.641571, 168.569305
515.009216, 148.760727, 173.036392, 167.759079
510.714539, 156.095886, 174.762390, 168.132355
511.838623, 157.760666, 172.556152, 167.689484
508.199982, 157.241058, 175.021667, 170.975433
503.315338, 158.825241, 183.252335, 172.791245
506.193878, 153.902039, 179.523300, 178.673401
503.058044, 154.087250, 178.931030, 176.582199
503.788635, 162.733170, 172.713730, 165.801071
504.365265, 159.203247, 180.455231, 180.976242
506.476746, 163.307312, 180.555939, 180.354584
507.932526, 161.170593, 181.250656, 184.250580
511.829071, 163.718643, 185.704437, 180.845657
520.428955, 159.311035, 189.044037, 190.242310
531.687561, 162.591034, 186.859787, 185.573425
537.960754, 166.516037, 191.432114, 190.281158
537.940857, 166.546173, 191.481827, 190.242645
548.981262, 168.157578, 187.278961, 189.628998
548.104065, 169.236084, 200.947296, 206.510498
560.563232, 171.098007, 191.518234, 196.190857
568.088135, 179.516907, 187.534836, 199.149536
568.239990, 179.411560, 187.752777, 199.377014
573.640137, 181.143158, 187.104126, 200.218872
575.417053, 186.130219, 186.054428, 195.667389
573.508850, 181.056671, 191.285553, 208.600464
574.253845, 180.894958, 193.004120, 211.860413
574.854248, 181.468414, 191.926712, 211.688690
582.820618, 184.135315, 190.278137, 205.652939
585.414856, 186.560760, 185.291367, 193.657928
579.078979, 176.180145, 194.249512, 210.576935
581.672119, 180.692047, 189.667175, 199.168335
582.427612, 180.188248, 189.477524, 200.359039
581.580200, 176.641388, 189.557983, 199.123734
581.886719, 176.342056, 187.405731, 196.656204
580.846924, 170.857147, 190.740295, 206.219086
581.048462, 170.504028, 187.712891, 199.955383
580.617615, 169.717896, 187.951691, 202.701523
588.509583, 172.471100, 184.864105, 198.540558
587.841309, 174.864258, 183.720673, 188.881363
590.970642, 164.608978, 185.976364, 202.013657
591.493835, 162.235962, 183.479797, 194.997238
599.151672, 169.158905, 175.651352, 184.121567
591.140869, 167.053589, 179.892639, 180.255722
594.296204, 162.656708, 172.314651, 172.302505
587.527161, 151.568253, 178.228516, 177.366638
585.601257, 150.500748, 181.145081, 181.065277
585.320068, 151.181366, 180.930481, 180.105881
594.323792, 154.316071, 172.667236, 169.661774
581.422302, 147.587936, 181.127563, 181.936661
579.336365, 146.359879, 184.375931, 184.729996
579.703308, 146.595184, 183.471420, 182.444443
580.530579, 146.576309, 183.301239, 182.750305
583.084290, 149.689423, 177.719727, 171.004562
584.451172, 153.654846, 177.751556, 169.535675
578.017578, 147.200287, 185.804672, 183.746475
589.179504, 153.324371, 173.821396, 167.252762
589.369690, 153.302444, 173.788498, 167.268250
581.840210, 149.792114, 179.026993, 177.387360
578.132935, 150.700073, 180.483459, 181.803177
576.269531, 147.837494, 185.633804, 189.083466
575.438171, 153.319351, 182.989975, 187.351181
580.005737, 163.401733, 182.210709, 178.257523
574.314331, 168.351898, 183.940506, 182.963303
569.261108, 155.289398, 194.466690, 204.038406
562.637146, 164.889038, 190.494064, 201.663239
559.606812, 169.128387, 189.713226, 194.174927
559.437927, 169.177826, 189.691742, 194.033112
555.028076, 175.616287, 188.277618, 193.167923
551.882935, 183.486542, 183.491074, 184.912674
545.086609, 186.348511, 187.322250, 185.428192
540.458801, 179.276367, 188.711288, 188.830505
540.979675, 179.470322, 188.704559, 189.078812
536.987427, 184.489853, 192.684738, 191.908859
545.721008, 190.070770, 186.265198, 184.059799
543.022888, 186.361435, 185.142288, 185.398209
541.511475, 189.140289, 186.514130, 187.542664
541.636841, 188.696655, 186.621307, 187.722351
536.454041, 186.210571, 188.807755, 184.909958
537.279175, 182.121933, 188.856140, 187.159744
541.898743, 172.213730, 187.250732, 192.056244
542.374451, 168.193130, 190.571686, 192.595474
542.333374, 167.875916, 190.469177, 193.371063
546.781799, 164.377838, 187.947723, 189.215927
549.771423, 160.477921, 189.205902, 185.936981
558.683411, 160.420013, 182.893585, 177.899048
554.304749, 154.089142, 193.690582, 189.095627
554.246765, 154.163284, 193.718994, 189.080536
569.626831, 153.894730, 181.912750, 178.397736
573.117065, 151.636826, 181.396286, 179.875763
571.923889, 148.608032, 184.137085, 183.895615
573.815918, 147.945587, 181.405869, 183.765839
573.705444, 147.859695, 181.575867, 183.897003
574.041382, 148.599121, 183.661377, 189.612717
574.720459, 150.304245, 176.550583, 178.142365
575.652222, 149.212952, 174.132767, 167.213120
571.930603, 140.712067, 172.692871, 166.476959
571.913574, 140.669220, 172.726837, 166.521164
566.348267, 141.360733, 171.420578, 159.922073
563.471191, 139.821136, 175.170990, 157.033752
559.162170, 139.406342, 177.141083, 156.542908
555.859558, 140.985931, 176.762161, 161.848953
555.672974, 141.541275, 176.100143, 160.408295
557.123901, 143.760437, 170.395401, 155.457687
553.841614, 146.173004, 174.958221, 157.646347
556.522705, 149.105194, 174.121231, 160.795044
552.280029, 150.517532, 177.828537, 163.041977
554.690430, 150.826065, 175.272369, 161.595078
549.334412, 152.259277, 186.184921, 169.778152
544.642334, 151.622253, 188.195969, 175.120255
549.007996, 155.033936, 187.962906, 180.176895
553.129150, 160.033630, 178.347595, 166.924423
551.572571, 158.352158, 182.941086, 170.354172
549.223145, 160.290527, 185.698578, 170.057739
544.320129, 161.437042, 184.800659, 172.146774
547.989319, 164.550247, 182.392609, 175.225571
548.788452, 164.706207, 184.421936, 176.378143
549.402039, 165.999329, 183.697479, 174.984283
542.397705, 166.486572, 188.533554, 179.452393
541.738464, 164.260010, 188.413712, 183.276108
540.857056, 165.575897, 185.554794, 180.728088
542.242065, 167.179474, 189.026138, 190.222031
542.042847, 166.667999, 189.406189, 190.822800
544.383545, 168.796600, 184.408707, 182.558411
541.579285, 164.156693, 187.048172, 189.442200
543.714600, 162.528137, 186.060226, 186.891983
544.183350, 161.705750, 186.711334, 186.886551
553.402588, 163.937775, 177.054382, 177.778030
545.605225, 156.691666, 185.781494, 178.314194
549.992004, 155.477249, 183.866470, 180.429169
553.427429, 155.899689, 182.453110, 183.154175
558.274048, 154.306702, 181.916534, 186.019577
558.331421, 154.292664, 181.927628, 186.040894
562.780029, 152.904922, 182.512009, 185.492874
569.547791, 156.284149, 183.021484, 181.043228
573.030151, 152.259064, 181.978226, 186.628891
576.468384, 154.535522, 179.575531, 190.627808
576.110291, 154.962708, 179.893143, 190.342300
578.624878, 153.808960, 185.155136, 188.637863
585.735168, 155.608185, 182.030960, 183.851288
592.741516, 157.054565, 179.523544, 180.875214
595.333069, 152.947998, 184.958435, 186.828827
596.158447, 153.625397, 184.602631, 185.073105
602.180298, 155.799942, 179.731842, 180.268188
602.554810, 151.704132, 184.110306, 187.455521
603.421326, 150.680359, 185.626175, 188.860611
605.146667, 153.713272, 184.033112, 188.223099
605.248108, 153.508804, 184.005325, 188.319397
609.622864, 157.450089, 178.556961, 185.701248
606.957031, 159.175980, 180.367401, 189.673431
602.354309, 157.052719, 186.564407, 202.852997
601.496155, 160.053238, 183.240753, 192.349152
601.488403, 159.944931, 183.210815, 192.697220
601.168335, 171.073425, 181.239212, 184.164612
595.472534, 163.310944, 184.808975, 196.773148
593.420715, 164.252594, 188.137939, 201.728485
592.783264, 167.337601, 186.991776, 205.110931
592.714355, 169.546432, 187.322693, 202.385361
584.706726, 171.716995, 186.187256, 201.447983
581.145630, 166.359436, 186.650284, 207.444580
587.056335, 172.659576, 184.013016, 199.135345
578.435486, 170.801910, 189.083923, 208.681885
578.893127, 170.237411, 189.255356, 206.855331
583.072205, 173.214340, 185.716400, 196.426544
579.078125, 171.710052, 188.919846, 207.542557
582.051025, 173.382385, 185.623596, 194.616241
582.357727, 173.177765, 186.131485, 199.866074
582.381226, 173.139572, 186.234695, 199.995834
574.788757, 168.533142, 191.184937, 204.312454
582.937988, 177.520370, 185.040405, 193.875320
580.137024, 170.853333, 188.117264, 206.051849
583.491760, 173.924728, 186.763824, 195.147995
576.612610, 168.506699, 189.529312, 201.438248
587.840576, 170.673157, 187.871475, 198.800949
590.337952, 168.831039, 189.005035, 199.566940
591.070801, 171.685165, 182.868759, 189.429642
592.286194, 169.278946, 184.507248, 194.718353
589.679260, 168.239929, 189.291519, 198.670868
608.666443, 179.099518, 176.130325, 177.854706
596.195251, 167.444092, 186.685883, 194.629135
596.447205, 159.476852, 188.973465, 200.991394
606.954651, 164.032776, 184.268204, 194.179077
606.964233, 163.591705, 183.845047, 194.788269
610.882690, 168.695404, 176.393127, 186.124878
599.663574, 158.301483, 188.156525, 196.717651
597.234924, 160.181335, 189.907532, 194.784470
604.246948, 166.191925, 180.137741, 190.272247
604.005737, 166.323502, 179.941910, 189.717194
593.568359, 164.369019, 187.267380, 197.263840
593.227356, 167.549286, 188.849716, 204.682419
595.046753, 167.033478, 184.658142, 199.582672
598.719971, 169.856140, 183.922913, 194.607056
599.896423, 170.624146, 181.812073, 190.393707
591.231567, 164.733704, 186.490250, 197.807220
596.883240, 167.018402, 185.182800, 191.161469
595.931274, 164.997864, 184.130966, 196.545593
596.445679, 165.729416, 184.429489, 197.794968
596.094788, 165.729843, 185.267609, 198.572662
601.180054, 170.714645, 188.724396, 196.820404
597.961243, 163.756958, 189.393280, 206.900208
606.906555, 172.701752, 187.042130, 199.362183
607.495850, 171.588806, 189.574997, 198.206390
607.721680, 171.102875, 189.445953, 198.132355
613.579590, 171.078247, 184.934799, 200.600845
607.383911, 166.945740, 193.746658, 208.631546
615.592407, 168.274658, 183.465683, 199.120422
609.741699, 161.894836, 190.632874, 208.224289
609.770203, 161.815643, 190.669037, 208.312897
614.767822, 162.552368, 187.017807, 202.232269
617.777588, 162.389786, 184.417969, 200.832809
614.994202, 162.584457, 180.995880, 197.373032
605.031006, 153.355194, 192.213577, 206.354568
604.876587, 153.214584, 192.694885, 206.648026
600.630432, 156.507202, 187.642014, 197.684723
599.174744, 157.553116, 187.614410, 196.732025
596.283875, 158.955505, 188.014374, 197.492325
595.890137, 157.791931, 189.547134, 201.549698
595.960571, 156.493423, 189.108307, 200.622437
594.891113, 157.226807, 190.333649, 198.471298
596.880310, 159.476288, 189.170364, 198.370682
598.869080, 163.271637, 188.157089, 196.229721
602.997498, 160.740341, 184.658585, 197.734650
603.191101, 160.926483, 184.527908, 197.532791
603.668030, 162.841309, 186.171188, 195.629684
594.817139, 165.642181, 194.500031, 204.245850
605.545410, 167.511154, 186.759293, 193.178955
609.440369, 171.190994, 186.072510, 188.469254
610.146057, 169.281189, 186.908295, 191.063782
612.848694, 168.416809, 186.263550, 191.968018
621.965576, 176.417587, 181.937576, 182.949997
623.478638, 170.487762, 180.856949, 186.687653
623.358826, 179.807526, 181.370712, 183.452072
623.639038, 179.013824, 180.784180, 181.196869
619.163513, 171.332550, 183.941376, 185.876404
619.869568, 167.388885, 183.566422, 189.684158
619.198425, 168.668854, 180.846558, 184.322540
621.070068, 167.342682, 183.612106, 184.270004
621.241638, 167.282120, 183.114792, 184.137314
612.149292, 162.427017, 186.699112, 191.483566
622.360229, 170.669968, 182.339249, 183.776505
623.023254, 169.309418, 182.977509, 186.518204
616.234375, 163.705856, 187.105133, 187.160431
617.519226, 165.833832, 186.018204, 185.437134
621.969421, 170.407623, 180.862564, 181.972214
622.143555, 171.634888, 181.056870, 182.579361
613.090759, 160.971802, 191.629883, 197.513748
611.431152, 158.539124, 191.956894, 197.092529
611.987610, 158.096130, 191.751556, 197.542343
611.867920, 158.947693, 188.522461, 193.166214
615.397583, 167.733398, 180.710464, 174.495743
615.090698, 171.687103, 181.460556, 183.285568
606.608521, 162.863647, 189.699997, 202.306915
606.710205, 162.808868, 189.939545, 202.323212
612.263367, 165.686279, 187.593994, 189.331161
608.183411, 166.098633, 184.098831, 188.158508
596.774048, 159.777252, 191.053879, 195.912842
595.311340, 172.962860, 178.795700, 173.348038
595.222046, 172.897278, 178.255859, 173.584412
588.477844, 177.905273, 180.603790, 173.754776
578.313843, 173.674683, 185.612625, 181.545212
574.465271, 161.166077, 185.835983, 204.661743
566.963623, 161.583908, 192.865891, 201.689636
568.482178, 161.501617, 191.928787, 201.948608
557.573608, 162.544540, 195.032181, 201.679825
551.337891, 171.163345, 192.680832, 195.612671
545.935547, 171.702118, 187.328232, 187.877228
545.570557, 174.436310, 181.965179, 187.611130
544.908691, 174.984711, 181.593063, 186.150574
538.081726, 169.617157, 186.149948, 188.782684
538.582458, 174.732590, 181.989304, 177.818832
526.447876, 165.720734, 193.538300, 188.032150
524.117188, 164.960571, 190.711945, 185.874756
522.834961, 164.978531, 194.399719, 188.444916
523.917480, 170.176437, 189.270920, 184.344910
525.054260, 170.518646, 188.689682, 190.292496
526.239319, 174.749756, 190.283875, 189.564713
529.523865, 177.031586, 188.790054, 194.803024
529.811523, 175.505981, 189.669693, 197.385590
535.067139, 183.270401, 182.885635, 187.047821
536.207886, 182.021484, 183.794830, 187.571701
537.228516, 181.376129, 187.543411, 190.544815
588.637695, 382.906677, 95.090996, 85.058922
588.728333, 382.771698, 95.602043, 85.305992
536.511719, 175.140335, 192.071121, 187.819717
537.495361, 174.913040, 187.101730, 187.359283
538.678955, 175.088196, 187.053650, 189.343811
543.241394, 180.598785, 182.986450, 180.781265
537.979187, 173.392181, 191.166916, 193.798416
542.338623, 182.136169, 186.449478, 188.771698
541.318970, 185.076828, 189.167145, 191.515274
537.982605, 194.482117, 189.434616, 187.654327
534.625977, 192.659988, 192.120148, 194.715561
534.682678, 192.574905, 192.307770, 195.105392
535.027344, 194.542343, 193.542389, 192.807068
538.330383, 209.266907, 176.176697, 171.027023
538.316956, 207.341919, 175.785492, 169.735413
539.328735, 188.458496, 193.363708, 192.494141
538.236511, 186.321365, 191.745377, 190.063553
531.287659, 182.686325, 194.939178, 194.256409
526.701599, 175.233749, 194.504944, 194.441650
527.933533, 181.843994, 195.172119, 199.898849
525.262085, 176.988159, 192.141495, 198.038666
525.242432, 177.031876, 192.233551, 198.032166
521.624451, 167.712936, 194.693451, 194.784515
528.322632, 184.234955, 185.555740, 187.317688
527.260742, 184.170914, 190.650070, 191.535629
531.724976, 184.903030, 189.627975, 187.086533
527.225159, 184.140656, 194.614136, 189.007980
530.547058, 184.381256, 189.979813, 187.262863
529.307068, 182.572693, 193.903549, 194.433975
522.485291, 180.525986, 198.276581, 196.167694
525.786133, 180.646942, 195.652664, 196.185532
525.208923, 186.708481, 188.552826, 179.322998
530.781067, 179.300903, 190.365967, 190.241302
530.696655, 171.741058, 189.051468, 192.032913
531.701477, 172.052277, 188.693466, 187.940536
530.590271, 164.637085, 189.027405, 187.503036
530.442566, 164.811813, 189.156876, 187.036499
539.223450, 162.915619, 183.817383, 182.150116
538.431824, 159.094269, 185.722076, 179.694717
543.538696, 164.087448, 185.652710, 175.487137
546.534851, 162.847260, 181.944077, 172.116165
541.670166, 155.533264, 188.880280, 179.345703
543.035889, 156.013336, 185.762146, 177.912613
546.840820, 156.643112, 179.256592, 172.309280
556.076843, 159.517700, 176.611069, 167.911850
554.604614, 159.770264, 176.605652, 169.319275
552.953918, 162.180466, 176.047409, 165.072510
538.554199, 157.267273, 186.056702, 171.502029
535.881775, 159.750824, 186.766785, 176.859497
535.664978, 169.826904, 182.887665, 173.978958
530.392700, 170.039597, 185.530212, 173.266602
530.182373, 170.256134, 185.906174, 174.372314
533.735107, 173.813538, 180.334000, 171.736298
531.107117, 171.844177, 183.581863, 176.005219
532.185425, 173.661987, 183.067230, 176.849731
531.842529, 170.130615, 189.171112, 185.760895
531.648315, 170.064728, 188.538849, 185.431458
531.500061, 154.594666, 189.957382, 182.602661
537.578857, 168.381958, 188.178192, 182.175842
537.974487, 170.914886, 187.562180, 182.542770
543.787231, 170.057327, 186.778381, 185.466492
543.603821, 170.428085, 186.524719, 185.351913
543.815613, 169.202850, 184.040863, 179.930038
543.792847, 168.075562, 190.382858, 185.405914
545.292542, 167.410919, 187.303040, 189.359589
554.462891, 174.180923, 181.947418, 186.204132
554.047974, 174.489563, 182.424500, 185.840073
556.805298, 174.417328, 182.500610, 186.133316
551.912170, 168.719116, 184.659271, 183.987610
551.506348, 164.715012, 193.451721, 193.625763
558.705811, 172.172928, 189.589539, 194.242188
558.912476, 171.705322, 189.564850, 195.031281
555.720215, 175.366547, 188.991364, 187.141968
563.078857, 172.730896, 187.479645, 194.430511
567.463684, 175.174042, 186.612549, 194.867050
572.442444, 176.253860, 191.160294, 202.896805
574.436340, 175.336212, 192.576187, 204.095551
578.951782, 178.090393, 186.091919, 195.332611
584.381226, 181.083832, 185.080734, 197.952774
585.490662, 176.514587, 188.073105, 206.968536
585.451843, 175.323303, 190.742371, 208.315414
584.638794, 175.090225, 191.718475, 207.913147
588.953491, 179.445175, 186.938034, 199.105698
587.227417, 177.780457, 188.192429, 202.847992
585.432495, 372.941071, 75.749420, 77.992401
591.510498, 177.486450, 185.201828, 199.533279
588.025024, 174.231812, 187.672058, 202.252991
589.530396, 176.025513, 186.779572, 199.493820
588.105591, 172.184311, 192.129654, 208.719376
589.574036, 171.359955, 188.458572, 205.245117
586.453735, 169.226501, 186.195511, 205.509506
585.717957, 170.059875, 192.612289, 211.174088
595.405823, 173.286072, 182.897614, 196.449432
575.441711, 165.861588, 195.393326, 205.495743
581.739624, 176.461044, 187.468430, 190.899475
584.534363, 178.836884, 183.900177, 190.265915
584.575317, 178.741364, 183.908310, 190.447220
574.694458, 171.612122, 191.065659, 199.334702
576.473633, 171.808426, 184.849503, 191.686722
573.837036, 173.199539, 184.233032, 193.007065
571.367798, 171.523834, 186.997772, 197.958954
572.381470, 172.388901, 185.797424, 196.951752
565.892639, 170.481461, 188.054764, 198.994537
563.145813, 172.093704, 189.352768, 200.155502
567.545715, 176.416870, 189.661316, 197.106598
563.480530, 176.005890, 184.675339, 191.213898
562.519409, 176.876160, 186.195953, 191.770859
561.749878, 179.985870, 191.925644, 195.641998
561.457642, 178.868042, 190.337936, 193.080399
562.987549, 177.229355, 188.282654, 194.623901
563.302002, 175.206421, 187.348587, 197.894257
563.274048, 175.051910, 187.322311, 198.499725
560.336060, 173.804535, 188.350021, 194.249237
558.003662, 170.164536, 186.440414, 196.513046
559.963074, 167.674408, 189.659866, 200.227036
557.436401, 163.112183, 195.713791, 204.131958
568.242798, 163.700134, 184.243820, 191.283386
576.011230, 168.785416, 181.204376, 178.130753
581.615356, 167.486618, 178.530945, 183.732315
581.480591, 160.363647, 183.095703, 193.494888
590.565430, 172.462921, 181.071747, 185.448944
589.723083, 169.811249, 182.144943, 187.289871
594.241577, 169.519119, 184.249161, 193.073578
594.344482, 159.932373, 184.921066, 197.648087
598.799622, 169.521179, 181.146530, 182.595398
598.186829, 163.951172, 180.063446, 187.622391
598.551636, 165.590469, 179.424820, 187.408737
595.017883, 162.146484, 182.676834, 187.774521
596.840698, 162.917801, 179.557571, 184.034210
591.292358, 160.434601, 182.585358, 192.439056
594.298828, 156.258896, 184.860718, 194.834473
594.860352, 157.846039, 183.641022, 196.747757
593.306702, 156.784531, 185.725723, 198.318085
588.351318, 158.734619, 182.387329, 194.050385
588.028503, 172.036301, 179.013702, 183.435623
586.121460, 171.398346, 181.096313, 177.219162
585.790649, 171.283051, 181.677307, 176.567581
577.931030, 164.577087, 186.333862, 196.983444
575.792603, 175.337204, 184.986023, 185.951874
571.614441, 162.038483, 187.456390, 205.918839
569.629211, 177.170502, 184.791473, 191.214966
570.283081, 170.381378, 185.322418, 193.164063
567.939819, 169.324188, 186.260712, 194.580307
565.646179, 169.146408, 187.580963, 192.698700
563.648132, 168.962173, 187.443726, 191.300446
557.551819, 169.359131, 185.822632, 187.928238
557.637451, 169.069290, 186.159836, 187.600967
559.609375, 176.140198, 181.746170, 182.031998
543.320068, 167.062775, 192.617828, 193.388382
544.114502, 176.995163, 181.479279, 184.647629
536.306458, 176.534912, 183.467957, 188.103699
536.320007, 176.612823, 183.409790, 188.053177
531.469727, 172.688995, 189.536423, 192.197083
525.345215, 172.399200, 191.924377, 193.442032
525.988037, 171.917038, 192.401276, 189.262085
530.277283, 176.420990, 183.577011, 183.143021
529.973206, 178.155380, 183.394547, 182.965424
529.605225, 182.364594, 183.571655, 181.975677
527.341492, 178.402039, 186.447021, 183.746948
526.965454, 175.333466, 188.055023, 186.971298
526.039246, 178.332092, 183.283600, 180.287354
527.418335, 176.930908, 183.230728, 182.080383
566.252625, 370.639374, 97.252190, 89.761208
557.069763, 368.678070, 107.088966, 98.574608
519.581909, 180.117920, 177.860550, 166.151657
505.560822, 168.491409, 190.208893, 184.372040
505.647491, 168.573792, 188.775848, 183.773346
511.713928, 171.803558, 181.230530, 177.948990
505.314972, 169.853729, 188.676605, 184.288300
504.766724, 162.820190, 191.130524, 192.660889
510.994202, 166.973267, 185.576843, 180.432175
509.532715, 165.964798, 187.219086, 183.978653
514.653564, 168.421448, 183.924118, 176.898560
512.768921, 165.569687, 188.569092, 187.801041
514.498169, 165.887939, 196.188797, 192.569946
521.902771, 171.812607, 186.252457, 185.383759
519.712769, 171.726837, 190.816284, 188.652069
526.546082, 174.275085, 184.175262, 190.217361
531.339478, 178.400879, 186.150452, 184.396301
535.068970, 178.624619, 185.136169, 186.638702
536.849609, 178.364838, 186.341049, 187.478455
536.696899, 177.259064, 187.208908, 188.084839
542.323181, 175.768356, 187.516754, 192.114243
542.276123, 185.510742, 185.573700, 181.870728
550.653503, 177.884308, 189.382690, 191.481888
552.829468, 179.935837, 187.646301, 188.173691
552.226318, 180.507507, 188.704239, 189.781509
559.300964, 171.529755, 192.457855, 196.010925
559.430969, 169.305923, 194.488876, 201.973511
563.877136, 165.911758, 192.042450, 198.749237
561.213806, 171.895081, 190.776581, 196.642670
561.401306, 171.835297, 190.673706, 196.621674
564.152710, 169.689026, 187.654678, 193.166946
559.779968, 178.773407, 185.805237, 187.602646
560.325867, 175.519775, 184.487900, 185.125687
554.833313, 174.643753, 190.101913, 191.999939
555.119690, 175.398560, 188.734802, 189.952362
553.976440, 176.818466, 186.994553, 187.348877
553.903198, 175.161346, 186.465103, 191.108154
550.090759, 175.896255, 188.009964, 183.256195
542.427307, 172.083832, 187.635651, 188.838745
542.004211, 172.250732, 188.494049, 188.767166
534.768188, 172.705917, 192.764252, 188.007523
537.028625, 167.532623, 184.338638, 183.838608
538.327454, 168.942215, 187.185272, 187.625748
540.991028, 171.361069, 185.227982, 191.846191
536.406555, 165.457489, 189.249435, 198.076538
546.143127, 172.364746, 188.796799, 189.520340
556.622131, 174.092957, 185.933075, 186.136505
554.804810, 171.063278, 189.669495, 194.651596
559.635010, 167.758606, 188.902954, 193.587357
559.599121, 167.658966, 189.020844, 193.654205
559.621643, 166.882004, 194.456741, 201.984299
564.764343, 166.007538, 192.979233, 203.133072
563.590210, 166.324585, 193.049988, 202.318298
566.075806, 175.662949, 185.416809, 185.418365
564.982544, 167.947601, 194.144608, 198.537811
569.092102, 173.845398, 186.896271, 186.255295
572.637939, 166.985474, 185.297470, 196.392212
581.333252, 170.810333, 185.212280, 192.013199
582.282043, 170.937958, 186.145035, 193.463684
582.143860, 171.443329, 186.608521, 194.364548
586.456177, 166.473907, 182.220352, 195.693848
587.631226, 166.114044, 185.521393, 200.856674
588.753906, 169.287201, 182.602173, 192.112366
578.552124, 163.127960, 193.222382, 202.451584
579.114197, 163.170593, 193.011993, 203.411835
589.684570, 176.099884, 180.898102, 179.692551
587.361023, 179.018951, 180.020355, 179.718689
580.583679, 169.827362, 183.443878, 190.003586
576.344299, 165.813492, 188.031891, 192.828812
581.316040, 170.458221, 182.156723, 188.923340
577.658630, 167.596222, 184.306259, 192.401505
583.711426, 173.656418, 178.771179, 179.379456
575.877563, 164.321365, 190.363892, 196.987350
579.804504, 174.752502, 185.758057, 182.677383
579.471436, 176.132523, 183.166153, 182.998993
578.329102, 165.392456, 186.761688, 199.690247
581.178894, 159.775696, 186.587601, 202.580124
586.181702, 166.725311, 189.106598, 198.254837
588.410278, 164.452408, 193.394577, 205.928894
588.326233, 164.503876, 193.433701, 205.893646
588.737915, 159.101013, 198.052719, 211.118713
590.434387, 161.653564, 196.039902, 209.023453
597.310791, 160.304962, 189.005157, 205.107483
606.617493, 168.417953, 181.824738, 188.867966
597.432861, 160.823517, 190.397415, 200.097214
600.168457, 163.307434, 191.715134, 201.175354
603.021240, 162.601074, 190.508560, 198.882263
599.972107, 166.368652, 188.816635, 201.486160
598.917358, 166.792709, 189.186996, 205.249161
598.343079, 165.835144, 190.910355, 206.822876
594.371460, 163.306335, 193.070663, 205.273773
592.727478, 164.354691, 191.248566, 203.961761
592.108276, 167.172424, 186.877167, 195.172165
588.914001, 170.152328, 185.123260, 196.036407
588.645386, 169.521790, 186.309036, 199.001175
593.014099, 175.411819, 182.205872, 195.034592
589.986389, 176.888947, 184.777100, 195.043091
591.133484, 179.205261, 182.780731, 195.380035
589.641724, 177.897369, 186.473618, 196.573532
589.618530, 177.881180, 186.365372, 196.599396
590.266357, 178.632782, 186.680405, 196.313080
588.248291, 178.217728, 188.031082, 199.880646
588.648682, 178.176895, 188.749161, 199.787796
592.073120, 177.073029, 183.650787, 195.092606
592.025513, 177.704590, 183.569397, 194.034439
590.795410, 175.107666, 187.886230, 200.380402
588.631409, 177.323502, 185.347748, 196.214661
575.616577, 171.723648, 190.204681, 201.463547
572.830994, 174.864914, 191.332245, 199.401810
572.938416, 174.612122, 191.490265, 200.513931
573.268433, 174.760178, 187.550217, 200.165512
570.330811, 173.779724, 188.815002, 198.314331
567.296570, 177.236649, 189.294922, 197.037628
566.155640, 176.446457, 184.630615, 188.766891
567.265503, 181.221634, 184.230209, 182.817749
565.686462, 176.991318, 185.785904, 190.553329
553.188721, 172.124329, 191.800186, 198.215958
550.020630, 175.198135, 190.130203, 192.840240
549.449890, 180.296387, 186.646255, 181.328217
552.469604, 179.889130, 184.917221, 179.542664
542.332642, 177.142273, 191.672409, 194.016876
542.045654, 177.189240, 193.827057, 200.026443
544.111023, 179.663025, 192.376007, 198.659424
548.292969, 180.510834, 186.696854, 192.511581
548.206299, 179.795685, 186.630432, 191.858765
543.662964, 179.662384, 191.252670, 197.322845
544.548950, 179.472977, 191.745941, 195.160324
543.670471, 181.133179, 188.073166, 189.547195
542.678894, 183.251709, 189.970551, 185.752716
543.816589, 183.484833, 189.143829, 184.710846
541.589478, 186.275162, 184.219498, 182.127533
526.701416, 187.141739, 194.696671, 190.058762
521.125122, 193.905823, 185.767319, 179.316422
512.558533, 198.682755, 192.751404, 185.664154
512.583984, 199.143753, 192.308029, 184.658691
502.999481, 199.573608, 188.431885, 173.963333
499.890259, 197.348633, 195.265656, 187.887665
498.462036, 200.784317, 195.962067, 188.865601
494.866333, 199.581116, 196.151047, 189.196075
494.584991, 199.702576, 197.390762, 191.142899
494.997223, 198.625549, 195.705627, 190.566116
493.767883, 195.871262, 201.154495, 195.975555
496.102661, 188.466858, 199.545914, 190.704941
497.157074, 194.209869, 211.045837, 204.146530
509.433716, 199.387955, 194.863922, 192.199707
504.229828, 191.838913, 196.882721, 187.898605
506.076019, 188.911789, 198.881470, 189.628677
515.672363, 194.478455, 195.382813, 195.983856
517.575317, 187.002258, 193.251801, 184.343582
517.443604, 187.559570, 191.355179, 182.609970
521.668335, 193.411453, 190.880615, 187.432770
525.463867, 179.337296, 198.434662, 191.562027
529.616882, 185.967285, 189.277603, 183.175583
530.841370, 176.578125, 186.077805, 178.154892
530.902710, 175.917328, 187.066879, 179.271225
530.475281, 177.361237, 189.378342, 181.000137
536.400330, 177.225403, 184.684036, 181.081604
531.504944, 171.535645, 185.732285, 181.215729
534.823792, 178.312790, 185.205048, 184.027359
534.931641, 178.352753, 184.958496, 183.764389
531.975830, 176.450104, 184.102615, 182.885986
537.000488, 178.441681, 183.418488, 185.701126
530.770569, 176.685486, 189.150574, 182.001190
532.597900, 178.955505, 195.063309, 185.281525
532.422852, 178.980606, 195.515503, 184.518219
535.060852, 186.801926, 195.135254, 182.517700
547.073608, 187.653290, 189.987305, 182.301453
544.058105, 192.630692, 198.311478, 185.339310
544.169922, 190.286758, 196.074814, 190.457047
544.102722, 190.311707, 196.194016, 190.496216
551.544434, 194.160614, 202.515411, 193.858200
559.343506, 202.729111, 191.767746, 191.059784
557.773743, 204.186249, 189.719147, 196.994171
564.472290, 210.930389, 188.673615, 193.467117
564.697754, 210.770935, 187.838776, 193.532501
