390.786499, 202.881653, 260.368805, 265.544250
389.462738, 215.209930, 266.205536, 254.416824
394.063629, 212.416077, 264.393768, 269.966644
386.179108, 218.030304, 266.354828, 261.507111
392.356140, 207.371338, 267.292969, 270.562378
397.815338, 207.306335, 268.006683, 266.938263
399.245483, 213.283997, 263.130829, 264.203979
408.004547, 206.295502, 260.858765, 266.064423
412.567444, 208.907745, 257.364624, 259.017151
417.787323, 211.055267, 254.667419, 257.037109
415.249237, 219.149506, 265.559967, 245.813385
425.270111, 201.406738, 255.905655, 262.278625
433.386475, 204.026184, 252.331161, 258.798523
443.746552, 207.887573, 250.055145, 252.597519
435.257324, 203.923370, 259.071411, 265.761597
439.570465, 212.793777, 256.357239, 252.656006
439.402191, 216.851456, 257.524689, 254.707993
440.964996, 217.488327, 261.706024, 257.930115
443.923584, 217.783890, 262.698517, 260.934967
454.034515, 225.431244, 248.446686, 249.556870
449.577789, 222.762695, 253.857498, 255.060394
443.428040, 222.926224, 259.809906, 256.423523
444.815094, 216.548584, 260.334076, 261.060211
428.698303, 214.666412, 276.453796, 272.663452
437.635925, 228.297577, 267.049377, 252.284973
436.860321, 214.516052, 261.733917, 264.669220
444.160858, 215.380325, 245.916901, 263.975525
419.675049, 217.058670, 265.051575, 272.902527
422.370117, 233.031982, 252.281387, 251.840607
411.850800, 229.221420, 262.212952, 271.935333
419.578522, 231.061920, 254.761230, 268.271851
411.858124, 238.668915, 257.611877, 257.310944
408.172668, 235.828674, 262.028809, 260.453064
408.778503, 238.721207, 258.340485, 248.786469
414.325317, 240.397766, 251.489746, 249.204010
416.269470, 241.312790, 250.373550, 246.840012
406.483307, 233.967697, 265.160156, 262.108551
415.628510, 235.772919, 258.513000, 259.502045
420.212463, 227.660919, 256.399628, 262.665619
428.684662, 242.299927, 250.056778, 248.965439
425.442719, 232.971832, 255.571777, 256.452026
426.693542, 237.114075, 248.219757, 256.070343
421.042725, 220.852005, 263.834900, 273.381989
423.685120, 221.834564, 254.219116, 269.141205
428.123627, 215.097977, 253.019516, 265.391907
427.687103, 205.704758, 255.597992, 271.257721
422.417938, 199.540222, 262.348877, 278.463379
420.778381, 202.955811, 264.191437, 271.115967
417.539856, 196.431122, 257.236511, 275.085663
421.818115, 194.824341, 252.520020, 274.079132
415.838989, 197.430115, 257.646179, 271.794617
421.692749, 194.300613, 253.273544, 268.241333
409.392792, 192.612106, 256.755310, 272.923065
419.012665, 190.273972, 251.950287, 273.212036
419.806763, 199.759125, 254.737198, 270.172028
417.774994, 197.637970, 257.718445, 274.228821
424.013916, 199.659546, 257.065125, 272.771515
425.625031, 205.593109, 255.242508, 264.312469
423.626984, 207.083069, 260.056458, 266.381409
421.279999, 205.617783, 266.805756, 272.561554
422.959167, 205.067261, 257.579468, 274.807068
414.839081, 214.654205, 273.678009, 269.114319
422.809601, 217.157654, 259.856476, 255.560043
427.015350, 208.457809, 258.953308, 268.411957
421.564270, 202.818359, 261.519257, 269.997467
412.810638, 201.846100, 271.283112, 270.816223
421.711517, 202.055176, 257.290955, 269.381866
415.174591, 203.710144, 263.086670, 256.471802
416.154419, 203.276047, 262.883392, 261.764130
413.599640, 201.221237, 265.531128, 266.634674
407.321991, 200.472504, 267.805023, 274.087982
404.245728, 202.781143, 272.114746, 273.350281
398.868378, 208.405441, 272.194946, 270.528168
401.971100, 211.404266, 267.412689, 265.129761
407.850342, 204.334854, 266.719940, 273.376312
401.358704, 208.257599, 268.564362, 268.967651
402.571899, 208.580841, 269.212494, 267.694031
406.845337, 204.946396, 264.018188, 267.662872
406.158447, 205.772827, 264.617401, 267.776489
407.243561, 209.467773, 262.100830, 264.643768
405.328369, 206.583405, 263.701691, 259.434174
400.780457, 213.655533, 264.794342, 243.272308
395.185303, 210.233459, 272.147339, 253.506241
408.124939, 210.067261, 258.507751, 258.887238
409.942444, 212.416794, 258.546997, 257.210541
410.345245, 210.167358, 259.443909, 262.227539
409.833740, 209.408783, 259.559998, 269.195160
409.962799, 211.183548, 258.332367, 264.845856
410.625366, 209.496674, 258.152130, 265.705444
411.005798, 213.541306, 254.992081, 253.501434
408.394379, 213.005524, 255.645874, 244.330948
397.918396, 201.287140, 267.558258, 263.820526
398.828522, 203.210739, 263.618103, 259.883270
394.169617, 204.345367, 270.555176, 260.917542
384.780914, 222.252716, 273.690155, 245.615875
389.148926, 199.069229, 270.179260, 275.265045
391.595276, 203.784149, 258.077301, 262.404083
393.104919, 203.542282, 263.709991, 268.300415
394.482574, 204.762619, 264.681244, 271.511932
393.206970, 196.895081, 270.181641, 278.549011
401.223724, 205.933243, 262.813141, 267.666016
397.855377, 199.341888, 273.445465, 273.316986
403.993408, 196.862305, 262.790070, 274.375793
408.465546, 192.487305, 262.957916, 272.032745
413.799408, 198.526367, 250.966370, 262.873230
407.664368, 199.263733, 261.664337, 268.930023
416.118011, 204.017456, 255.978775, 262.872925
417.538269, 204.405121, 255.439774, 262.868988
419.628937, 211.830872, 251.890121, 252.667038
416.592468, 205.347382, 254.862015, 255.094833
415.483856, 207.452042, 254.948776, 257.527557
417.426849, 208.932800, 250.118118, 255.300140
417.713165, 209.002014, 249.803558, 254.289139
417.653229, 207.793884, 250.576202, 254.762009
416.580750, 209.025986, 255.424469, 256.145569
408.207550, 203.395645, 265.619568, 268.234833
414.772919, 208.013977, 254.024338, 249.552490
415.937469, 205.387787, 260.162537, 260.966858
416.628998, 204.797760, 260.870880, 273.786072
414.594025, 208.068771, 263.537506, 274.996307
420.057007, 205.087921, 258.737274, 276.638092
412.976410, 204.824402, 271.026520, 273.466003
414.067657, 203.889114, 271.064484, 270.978241
415.138824, 218.772263, 265.824188, 255.165207
418.609802, 218.752838, 267.889160, 250.972595
419.152283, 212.585373, 259.905396, 255.885559
423.772949, 213.318237, 250.265991, 258.718658
419.143158, 212.053772, 252.424438, 260.040131
417.422333, 217.209839, 261.802399, 260.120148
413.415405, 217.839905, 256.193939, 254.406982
413.911957, 217.043701, 252.807938, 253.788437
412.832336, 217.625610, 253.943878, 257.377563
413.034760, 216.314346, 253.615173, 245.009689
408.305267, 214.527985, 255.822235, 259.255157
408.892273, 209.163300, 258.034790, 265.925873
404.228912, 205.250824, 258.552673, 261.370819
388.600739, 200.447250, 274.882324, 271.711334
390.429749, 203.140259, 270.485565, 267.103027
393.514465, 203.169617, 264.681030, 260.895721
393.654114, 202.399658, 260.227112, 262.591888
393.466766, 204.147064, 263.905334, 262.445984
394.285309, 204.580948, 263.289185, 260.107056
399.799164, 210.608948, 260.067627, 257.357147
397.109650, 209.744507, 264.290894, 278.396484
394.275421, 212.492432, 262.435730, 275.538116
387.190155, 198.026230, 275.753021, 281.381531
372.250977, 204.124023, 287.817291, 277.643768
394.071106, 202.699707, 262.730865, 267.168182
391.840637, 200.134308, 264.795776, 269.743042
400.014435, 207.353638, 259.350281, 265.103699
400.991913, 205.527390, 257.233063, 260.996460
399.923889, 207.420593, 257.387421, 263.673004
395.987915, 203.225220, 260.613800, 275.822723
397.622498, 201.907593, 253.469666, 273.015686
399.112274, 204.652222, 260.661835, 273.298340
402.148590, 208.010864, 253.247253, 256.208832
401.990662, 206.290466, 250.153503, 261.639832
405.240875, 206.358459, 251.082397, 269.466797
406.012970, 206.948425, 255.402298, 270.141357
408.192657, 202.652145, 251.769180, 272.151154
412.811676, 212.779846, 249.327164, 259.349304
409.720154, 214.362259, 253.695755, 263.054260
417.191406, 220.962646, 249.929672, 259.879944
417.657013, 219.897476, 253.648376, 268.211060
422.679840, 225.601593, 250.224625, 263.661804
422.441376, 226.986176, 252.286682, 258.619934
413.774811, 220.361237, 261.058838, 269.538513
414.695313, 222.502914, 269.787750, 253.411148
413.918884, 222.374969, 268.158356, 257.186340
419.077515, 218.728760, 262.935608, 265.401215
408.477356, 213.925934, 263.512573, 258.589996
409.444366, 208.716095, 262.749329, 265.619720
402.579895, 208.602142, 266.691437, 266.360352
409.492523, 210.777145, 258.578522, 263.851624
410.995697, 212.836243, 255.121185, 264.647736
396.254181, 212.647583, 269.734467, 258.478210
407.155884, 213.851746, 265.527161, 265.564087
409.061493, 205.534592, 259.177338, 278.899414
400.866455, 195.278748, 271.605438, 288.374359
403.995941, 192.740112, 272.152832, 283.728180
397.514252, 199.498749, 270.361237, 271.859833
398.940247, 187.620316, 269.029083, 283.018524
406.168884, 188.968781, 268.287323, 288.221252
406.621674, 190.181488, 272.639038, 288.554199
404.441345, 194.878052, 270.816528, 272.863556
410.976715, 200.789948, 266.163879, 262.255585
404.502563, 191.979279, 276.561981, 269.903961
418.405701, 199.426575, 262.832214, 256.453827
417.577728, 195.584824, 261.632355, 253.986816
419.264954, 201.698120, 257.379395, 255.006882
423.929382, 207.450531, 254.855545, 251.014694
428.086517, 207.263779, 252.677475, 253.168549
430.016388, 201.137222, 255.260345, 263.094452
417.741150, 199.243866, 271.480988, 276.053955
423.855377, 214.324799, 257.898438, 253.106506
423.417450, 205.714966, 269.334045, 267.576141
420.409607, 208.975403, 266.722504, 264.690186
425.774170, 211.890594, 260.270630, 254.922394
424.975830, 209.246979, 262.605469, 257.005981
423.300140, 209.965179, 260.580902, 256.765747
426.898102, 209.445694, 262.961548, 264.927032
427.729553, 214.111176, 259.333984, 255.294067
426.959961, 216.076202, 256.423828, 251.781235
428.102661, 217.315750, 258.425110, 252.777573
428.627747, 218.687897, 256.490173, 248.846558
429.782715, 208.492538, 254.893829, 261.128510
422.973572, 209.400879, 260.668518, 267.979248
424.166870, 209.632111, 261.603363, 266.790741
424.885376, 220.352112, 251.848251, 250.744659
420.943726, 214.563934, 259.832886, 259.594696
416.714569, 205.809357, 265.023651, 260.353973
411.684143, 213.798889, 263.817322, 255.752823
410.591736, 212.716400, 266.733276, 261.028442
416.524353, 217.455444, 262.905457, 258.428040
414.994354, 212.199341, 265.143646, 268.479187
413.654938, 214.356964, 266.207367, 264.622528
419.885620, 211.748322, 259.201996, 266.169220
425.596741, 211.696609, 252.212112, 260.717346
405.734802, 204.136414, 273.572205, 278.616364
406.872192, 204.941025, 270.753998, 276.676941
422.641174, 205.973846, 256.462280, 267.767670
420.882294, 205.175751, 256.449493, 267.173401
421.291260, 204.907837, 255.561035, 267.805908
421.558502, 204.461838, 254.920822, 266.860687
420.870117, 204.525208, 255.433990, 266.496918
420.157684, 204.958466, 255.934921, 266.808655
420.376617, 203.654602, 255.468887, 267.328888
419.971436, 203.610260, 256.330444, 267.699890
420.240051, 205.028046, 255.281631, 266.581848
420.020844, 204.695450, 255.718552, 266.459534
421.111603, 205.120819, 257.630463, 267.890991
420.337189, 204.724487, 257.497375, 267.470184
412.454590, 200.207184, 266.222076, 277.802063
421.376282, 206.767670, 257.624908, 268.255768
415.097260, 204.406357, 261.565552, 268.925537
414.824280, 204.686218, 263.263000, 268.544556
410.307129, 195.875946, 273.387207, 274.753143
418.206390, 205.727600, 257.561462, 268.280548
415.848694, 206.620132, 260.819458, 268.491547
419.156799, 208.774445, 255.843277, 265.859497
419.802979, 210.215088, 258.231903, 267.669403
421.111450, 212.362320, 253.671402, 260.247437
422.203735, 213.129608, 262.343811, 267.531555
428.303070, 215.931747, 254.608444, 259.795349
429.159698, 216.651962, 252.022522, 258.412323
421.759583, 227.919189, 259.295654, 256.471069
421.696259, 227.651855, 258.081787, 256.540253
419.681244, 225.215790, 260.464203, 257.532593
427.038239, 225.554199, 250.357391, 260.422241
420.943787, 230.017380, 252.941483, 255.480347
415.467407, 228.827972, 254.864883, 255.901917
415.248016, 229.616974, 254.276993, 256.164520
411.612427, 229.463028, 255.395584, 257.029938
410.632355, 229.692123, 255.555832, 257.324951
402.944763, 221.312073, 273.136597, 279.855103
404.730774, 225.180817, 268.556061, 277.007568
403.347748, 229.604095, 266.959167, 269.036621
406.295380, 234.099915, 258.382965, 259.388000
394.863770, 234.822083, 265.271454, 260.889648
398.847626, 233.349945, 260.304810, 252.083954
399.683044, 232.487808, 262.037384, 257.233093
393.645447, 228.838531, 265.775574, 262.701477
393.121399, 223.904419, 268.144623, 268.718201
382.963074, 233.628189, 271.735077, 252.543137
389.625519, 234.025269, 266.277527, 260.472382
392.774170, 235.196426, 262.659271, 260.739563
383.388702, 222.782669, 277.101257, 279.312408
379.372559, 218.303345, 287.390747, 284.773987
387.008453, 233.730408, 273.260040, 263.843811
393.641022, 239.822632, 262.920441, 255.961761
404.184052, 242.798782, 261.692657, 252.917480
408.394440, 245.890656, 266.111694, 254.283020
410.528717, 240.666748, 257.270386, 248.353500
415.545074, 240.326263, 261.700653, 250.577469
419.993927, 244.600433, 256.595947, 263.354187
421.916901, 235.524078, 262.105164, 266.271210
412.952789, 243.874878, 263.520508, 257.534210
418.242432, 243.960037, 259.819000, 253.465317
418.534149, 247.306305, 256.164703, 246.391937
416.693115, 249.440414, 256.726624, 244.817688
412.889343, 233.755005, 263.723694, 261.464600
399.758087, 241.840027, 264.134583, 255.515900
409.898254, 247.255157, 254.474197, 247.514359
395.811523, 245.306030, 269.935486, 261.359589
386.325500, 217.513489, 285.087708, 293.021729
384.291718, 231.923065, 272.710785, 273.331360
387.505402, 247.700562, 266.959320, 267.983124
385.764832, 245.813873, 268.273560, 272.737854
373.619354, 242.945953, 274.694946, 272.127563
371.291931, 244.895325, 274.597473, 270.902069
376.877289, 246.024719, 269.948730, 269.442871
379.780334, 244.046555, 271.332153, 267.987946
370.613373, 234.233032, 273.787720, 268.456604
361.249084, 244.713989, 285.773315, 267.180481
387.071503, 252.782440, 258.188782, 245.650162
391.639862, 232.094543, 265.980103, 265.445953
390.534637, 232.613708, 268.789093, 264.091400
403.029663, 233.212524, 261.770477, 266.644531
399.330109, 224.099701, 267.665222, 269.067566
408.135376, 227.236023, 262.502899, 264.932922
415.285156, 222.838684, 264.290466, 268.946930
416.775574, 223.908142, 263.576538, 267.727020
409.515320, 221.569336, 265.929718, 277.531677
407.363739, 227.552353, 262.146667, 261.338654
396.761505, 215.993454, 264.427856, 265.074310
377.948730, 225.464020, 292.697144, 264.093719
384.411591, 203.755966, 262.826202, 273.473419
377.403473, 200.237305, 257.391998, 266.241943
364.836029, 207.410782, 270.262054, 266.816650
374.633179, 207.840332, 260.486145, 267.835419
367.712769, 208.420868, 256.293427, 269.041138
368.532043, 210.280457, 266.540161, 273.636414
376.491211, 208.607086, 256.849762, 274.533875
380.356750, 210.430725, 264.459534, 275.402466
400.513947, 209.401917, 257.114594, 268.582977
400.197510, 205.586319, 267.525940, 283.094788
409.592499, 208.467255, 265.802155, 273.772797
415.128510, 208.824066, 264.673737, 262.798828
426.678589, 220.350372, 247.273621, 251.530289
419.150818, 220.036743, 255.219482, 252.823914
424.353210, 216.251190, 253.918259, 257.694183
413.849487, 210.125519, 268.563751, 282.957062
416.829987, 218.016022, 265.073486, 265.509857
415.842804, 222.377563, 266.780029, 260.247528
418.983826, 224.778595, 263.276062, 260.014862
417.953735, 224.568420, 263.114136, 259.774811
411.685181, 215.322968, 271.161652, 262.033783
419.731476, 214.364960, 260.349579, 268.381866
417.918488, 214.501709, 257.278931, 265.879944
419.403839, 206.755569, 259.383026, 272.605560
415.416016, 206.151749, 261.367096, 270.581055
415.753540, 216.137985, 258.073059, 254.473312
420.238739, 213.952515, 257.241882, 257.025116
417.500458, 214.152039, 258.861877, 260.944763
414.937622, 210.766434, 260.357971, 266.195862
407.448273, 204.870819, 265.444885, 275.393555
395.739258, 199.303680, 272.894958, 272.824707
395.519073, 197.025681, 258.952759, 270.717438
391.688812, 195.158020, 257.961151, 268.398193
384.029205, 193.476807, 270.956207, 273.879242
393.230927, 197.227356, 256.925415, 265.158936
391.935059, 196.356964, 261.891205, 259.589813
394.297089, 196.047943, 257.399933, 257.183838
380.871277, 187.841431, 274.505493, 266.849274
396.732056, 193.488678, 261.391357, 263.208374
389.946228, 193.371643, 264.350952, 259.637543
406.928650, 198.632553, 246.894730, 247.665909
397.074158, 195.401535, 262.072388, 254.095154
411.547211, 193.443420, 250.392166, 253.277451
413.426636, 198.384033, 248.872345, 248.367889
410.481659, 194.893616, 257.262543, 259.764221
412.199463, 190.876724, 258.289246, 268.895355
403.767761, 199.139008, 282.647827, 266.805176
418.643188, 197.205643, 258.280945, 265.279205
418.104279, 196.736572, 267.734497, 265.648224
423.847595, 202.089874, 260.103088, 265.209595
425.597992, 202.388458, 263.845673, 260.235535
427.611908, 203.423096, 260.438507, 263.824463
430.896271, 203.649460, 261.733490, 265.503632
439.902100, 207.850769, 253.118149, 255.999298
438.139465, 205.128845, 254.328949, 257.477783
427.821198, 201.751312, 263.185211, 268.775024
429.255859, 200.790710, 249.568130, 256.461334
428.582489, 195.964905, 259.228394, 271.227325
427.369385, 194.206390, 256.507111, 270.219391
418.542999, 192.554108, 255.787231, 269.867249
413.423615, 190.653961, 259.365173, 273.017059
400.383301, 184.869019, 269.255768, 273.632904
403.984955, 193.645294, 259.547852, 272.741669
401.006744, 196.253479, 258.260284, 258.718048
397.628235, 186.315186, 254.076035, 266.049133
394.561646, 192.046021, 265.678833, 270.736511
392.220978, 187.830246, 252.925308, 264.859772
385.350830, 186.365326, 256.995544, 267.786346
394.847321, 186.272507, 256.594452, 277.535126
399.739441, 199.309937, 256.180725, 270.962677
402.257660, 201.411972, 254.864151, 268.814758
391.192047, 196.167877, 275.640625, 277.368286
397.971069, 199.420975, 270.991882, 277.286194
409.996002, 201.136398, 260.385803, 272.834930
409.497620, 205.508057, 262.269745, 268.879333
413.080841, 206.045135, 260.598846, 268.794464
410.155060, 205.562653, 262.805939, 270.013397
411.855255, 207.396408, 260.075104, 267.168274
416.099731, 208.310776, 258.240753, 267.153839
415.571228, 214.831772, 257.409698, 261.383728
413.352600, 214.369370, 261.103882, 258.568481
414.689270, 217.592682, 260.414398, 257.846863
413.260437, 217.802460, 258.068695, 257.197083
410.655243, 216.208557, 264.160858, 258.031219
414.528595, 212.991013, 262.792816, 260.010986
411.854919, 213.967453, 265.259003, 261.333679
410.929291, 215.379883, 264.763550, 260.206207
411.654449, 214.076874, 265.817810, 263.234436
413.276550, 214.190094, 263.941315, 264.893829
412.783081, 213.229004, 262.786682, 259.870331
413.505554, 215.019592, 260.233154, 255.997803
409.533600, 205.513123, 264.489624, 265.821960
415.501740, 221.560974, 253.489975, 247.200241
445.189575, 243.554749, 239.834305, 220.077148
398.307983, 203.320251, 272.071472, 273.455505
408.020050, 208.277786, 262.325470, 266.988403
447.206024, 240.313690, 235.847687, 217.521378
403.172028, 210.520111, 268.672577, 264.653717
403.245758, 220.492615, 262.279938, 268.749023
406.062195, 211.316254, 260.279266, 281.676666
397.071381, 212.475891, 269.713501, 281.907471
400.289429, 212.641632, 269.036316, 282.028107
402.738312, 215.880188, 269.017548, 277.750824
406.115356, 224.754333, 260.209930, 268.808380
413.990631, 234.429260, 254.307327, 255.342911
416.892090, 243.943085, 250.975739, 244.532059
414.571472, 233.194427, 262.797668, 258.122955
410.919525, 230.963074, 263.578156, 256.059692
414.257660, 228.165405, 259.394653, 264.211823
421.660980, 231.857666, 256.540466, 253.669128
427.817047, 224.480927, 253.864685, 261.361053
429.946808, 223.058792, 251.267899, 266.463867
419.774261, 221.442871, 266.699646, 270.216492
418.958099, 212.986862, 258.819366, 273.136841
418.874573, 220.061646, 269.451355, 262.341431
417.742004, 218.152344, 269.925507, 263.432678
420.916016, 219.878494, 269.421082, 262.130432
417.457275, 217.836975, 274.855438, 268.153198
421.739410, 218.236023, 266.399017, 269.678314
422.617462, 218.315308, 265.168854, 265.651459
423.702423, 220.936340, 261.577759, 261.406555
413.938354, 219.308746, 271.703369, 261.701691
417.037445, 214.842072, 266.306641, 271.330200
420.239655, 221.584747, 259.381683, 262.424438
421.416656, 223.173370, 262.466583, 254.610458
423.223389, 224.599915, 261.660126, 252.926834
422.883698, 223.924103, 261.912140, 253.398422
420.673920, 222.444366, 263.454376, 254.743347
421.710754, 219.464661, 261.980164, 256.828827
421.618927, 215.825470, 262.358856, 261.699432
422.661133, 215.749939, 261.993408, 261.434357
408.573547, 214.377747, 269.712524, 262.715942
414.593994, 215.226257, 265.959747, 259.761505
427.667938, 214.026642, 255.767883, 259.920929
419.545929, 215.333710, 265.640656, 262.293823
419.300598, 215.890701, 265.592560, 262.276764
414.422180, 217.497864, 271.087677, 261.493652
416.068634, 216.755341, 269.107910, 261.594666
414.310883, 217.226807, 270.883118, 262.114746
420.908997, 216.370178, 263.562744, 262.175934
414.233978, 215.393402, 270.649506, 262.231476
413.780701, 215.637329, 271.313507, 262.863281
413.191803, 215.588257, 271.732574, 262.630188
420.590790, 216.561859, 264.210968, 257.118896
421.905731, 214.289825, 265.168671, 262.674866
425.686859, 210.872223, 254.234787, 260.146973
416.248260, 204.070404, 262.967224, 267.215332
429.639008, 204.224167, 263.055145, 255.256836
434.485718, 203.636002, 256.640472, 252.699295
446.031738, 196.390656, 257.714600, 253.608017
447.341583, 192.712280, 260.051453, 257.932800
437.305511, 190.653732, 273.052704, 264.002594
448.397858, 205.785645, 258.160522, 249.701462
441.542786, 205.242722, 267.881378, 263.722473
441.640198, 204.673340, 265.178589, 262.600067
438.858063, 207.771912, 261.239807, 253.826828
433.513519, 202.026413, 272.731659, 258.510681
428.831696, 200.033051, 269.132782, 263.314972
431.951141, 189.605377, 269.244354, 274.685455
425.178650, 204.112122, 263.750854, 256.666382
422.244812, 203.109528, 270.015167, 259.189606
419.669952, 201.628479, 269.819702, 256.554840
428.667267, 216.049271, 251.136108, 234.753067
427.545624, 203.597534, 256.862885, 251.233688
416.334961, 199.358978, 268.920898, 256.844696
419.953827, 209.092270, 262.845581, 252.450653
417.762482, 205.218826, 263.921356, 257.922821
415.252472, 203.761200, 270.022522, 259.475525
412.883911, 194.265717, 258.641510, 263.900391
414.642670, 198.421936, 264.415161, 264.178680
404.053375, 206.790283, 277.727966, 262.912384
408.231018, 198.339600, 274.639038, 268.724762
403.264496, 198.956177, 274.161682, 256.824554
410.638672, 192.165283, 265.049072, 276.015381
405.850220, 190.006531, 271.751587, 285.275299
405.444885, 193.758224, 261.590729, 272.608032
406.472198, 193.491943, 262.609802, 269.287201
405.412811, 192.900970, 264.127045, 271.411194
402.098969, 207.686157, 277.667969, 252.858139
409.171570, 191.976196, 258.954803, 264.093597
410.784088, 194.687485, 255.540558, 261.340179
410.249603, 193.663467, 258.721741, 266.675262
410.487671, 190.137314, 261.040924, 265.523468
413.067108, 193.809555, 254.464249, 258.450867
414.060883, 191.252106, 258.525360, 265.330627
411.228882, 195.862091, 258.363464, 261.244629
411.367645, 196.116730, 256.197083, 259.355072
414.181458, 196.978943, 258.892212, 261.587555
420.865723, 194.357391, 263.137878, 265.543884
418.706238, 196.040405, 253.673172, 259.478882
412.113678, 193.019302, 266.694031, 265.785675
419.140015, 198.905258, 261.957855, 259.394806
416.899963, 199.389938, 263.652283, 262.684692
421.192871, 191.538208, 267.145538, 267.281860
422.034668, 192.217010, 265.103241, 265.237518
422.616516, 193.156067, 264.601166, 262.694000
415.354065, 195.265228, 267.443878, 268.216278
418.905334, 197.127884, 263.885803, 264.228302
404.335083, 196.595032, 270.865173, 265.673859
416.523224, 196.639587, 264.077393, 264.585999
408.210388, 195.343933, 270.084076, 272.937042
403.488312, 195.519226, 271.854065, 266.475403
400.582367, 193.691956, 271.872681, 267.432922
402.846313, 197.388367, 268.359924, 271.868591
396.729919, 196.121796, 266.806976, 274.551605
390.131989, 193.964569, 271.476624, 264.577423
395.568756, 194.346207, 264.647797, 263.850403
387.648834, 199.438644, 269.845490, 260.530670
383.628021, 195.616302, 279.996582, 276.252289
377.872467, 196.948166, 281.315918, 275.055084
383.323364, 197.553223, 274.995300, 271.051727
397.187592, 199.803375, 261.525116, 272.115479
400.206543, 201.545929, 263.479156, 272.656555
400.894623, 204.099335, 265.996857, 267.044525
407.636108, 204.770874, 265.698761, 265.482483
409.885193, 207.890656, 265.637115, 265.983002
410.283356, 206.486908, 268.032318, 266.981873
420.806641, 209.164825, 254.437500, 255.808121
417.428864, 207.707184, 267.046356, 249.751663
415.408569, 194.596939, 264.596710, 269.578949
409.176361, 190.308228, 274.004608, 282.693512
413.974762, 189.355850, 265.334473, 272.094574
414.610504, 190.533752, 260.376740, 258.719910
406.830597, 185.393494, 259.237152, 265.146484
417.901154, 187.201172, 259.279236, 271.003601
418.486084, 182.279312, 255.990997, 266.337646
408.682709, 182.918335, 255.712479, 264.928406
404.397888, 181.125580, 261.683350, 264.007660
407.755798, 185.216492, 260.478333, 267.268707
405.297394, 185.392670, 262.067841, 268.757385
402.961823, 186.487366, 262.384735, 267.890503
406.996552, 185.172562, 258.915161, 269.441376
405.260162, 183.772400, 259.646484, 272.175171
402.295715, 185.470947, 260.921143, 272.189545
404.551575, 185.949036, 259.613495, 271.210144
399.988861, 184.702148, 264.549042, 272.453156
397.379425, 186.738571, 269.173950, 272.039856
402.354065, 192.798187, 263.395935, 266.187042
391.980621, 190.897003, 273.834747, 272.718170
394.033386, 192.431290, 270.814972, 284.484039
402.897827, 193.072296, 262.031067, 275.862549
402.550079, 196.183868, 263.052094, 272.527161
403.286346, 197.675110, 262.531708, 269.870300
401.386536, 198.723434, 264.345001, 270.211731
397.762299, 198.161316, 267.447601, 268.704865
403.564758, 199.004074, 259.592407, 266.081451
397.483978, 196.468750, 265.411804, 265.531525
405.712311, 198.464279, 257.285309, 258.354980
406.392517, 199.994843, 253.743637, 254.972519
396.100220, 199.272461, 256.566589, 257.740417
391.679840, 197.154785, 258.457123, 269.235016
391.314240, 195.887451, 256.527710, 268.946808
396.015320, 204.823975, 252.648300, 264.235382
388.269196, 202.138367, 265.403870, 270.842194
391.611450, 202.500839, 253.475494, 267.324646
387.536377, 199.092499, 272.584473, 276.699646
394.601990, 203.628265, 264.379547, 266.433899
403.098480, 219.365784, 270.067535, 261.374847
399.876007, 204.045410, 258.188354, 267.812103
391.686279, 202.635559, 266.417267, 268.379608
402.144226, 208.345688, 259.006042, 269.726807
403.501404, 199.617386, 260.625031, 274.238800
408.694397, 207.101227, 251.837128, 263.046539
402.475677, 200.673141, 263.472473, 274.113068
401.858154, 201.558929, 253.423691, 267.904907
400.858307, 199.852966, 253.382019, 266.361420
403.950623, 204.873932, 255.076019, 263.374176
403.272644, 204.634384, 250.795883, 259.516174
405.609955, 204.098389, 251.486404, 261.918121
404.195496, 199.343170, 255.742081, 262.875244
403.424774, 201.300125, 256.349701, 257.726013
405.305481, 204.048859, 248.465042, 257.884521
400.588531, 207.175018, 256.320862, 266.910492
395.943634, 204.258881, 258.114319, 265.917877
386.478119, 194.276337, 257.086243, 267.395203
384.789612, 195.900970, 259.016266, 265.961853
377.298340, 185.494553, 262.134125, 272.808411
377.143707, 188.533417, 267.690765, 279.099213
370.608459, 194.621613, 268.155731, 267.802551
364.748840, 189.068146, 264.554016, 273.645203
358.772247, 183.638672, 281.417358, 283.271576
360.212128, 191.971634, 258.505585, 268.924316
357.490631, 196.632095, 274.457428, 275.870697
363.838470, 199.617264, 271.882904, 271.754547
356.312256, 190.395599, 280.447052, 280.556976
375.617126, 196.723587, 268.585266, 271.959595
383.347382, 194.292725, 259.096100, 261.405029
373.391571, 196.816818, 277.771606, 272.018036
382.141205, 193.976624, 270.616058, 274.744904
381.177094, 202.580353, 270.349609, 257.546478
383.144867, 211.121918, 269.014160, 251.662415
386.926483, 206.089645, 268.007416, 263.600311
393.950165, 206.323761, 259.664429, 258.380188
389.626862, 207.786926, 265.749268, 262.322693
387.633911, 203.741455, 267.476898, 268.379303
387.067291, 199.210175, 269.059326, 273.403839
387.178467, 203.763931, 263.915131, 261.658142
386.125397, 212.321198, 266.974060, 255.104309
385.239502, 203.856964, 265.920837, 266.659424
386.559540, 208.811523, 270.606079, 263.898376
383.293640, 206.784637, 273.435974, 268.494995
374.546570, 217.494873, 278.034546, 256.733582
377.255615, 208.223877, 276.546509, 263.626343
384.844238, 208.442810, 266.958649, 266.900330
374.169891, 217.904266, 275.840088, 255.056534
378.561096, 208.871307, 277.061707, 265.063354
373.601837, 212.977386, 279.160614, 260.946198
390.013855, 207.552277, 261.864166, 257.805328
376.482025, 215.256195, 271.735870, 257.153687
385.569214, 209.383255, 265.296906, 271.210999
368.177551, 208.636993, 282.879578, 267.152954
371.291809, 208.034958, 281.377869, 266.011230
394.974701, 213.557373, 256.745422, 255.535339
387.237396, 202.778534, 274.650482, 282.951996
393.593689, 210.286499, 261.036713, 260.408234
390.239288, 206.500076, 266.067963, 266.832306
388.230530, 208.229034, 269.344513, 276.607330
390.024933, 210.176056, 261.616150, 262.146606
380.505951, 215.161240, 275.037598, 253.632431
399.150055, 207.511536, 254.542099, 260.979462
384.808777, 200.193726, 275.442932, 281.225464
386.036469, 207.646759, 271.516602, 275.954254
392.901886, 208.375061, 260.830505, 266.632355
389.059082, 207.963470, 264.890594, 268.144135
389.458374, 208.046158, 263.302277, 268.533997
388.820374, 207.811295, 263.759369, 267.557678
386.943237, 209.224686, 266.492126, 267.707886
387.934387, 207.843719, 271.076508, 272.900116
394.692169, 212.423599, 255.329208, 257.433746
389.623138, 210.150421, 261.569824, 260.229095
395.823242, 211.187943, 257.364899, 268.244293
390.526520, 208.535721, 267.593628, 271.113312
389.663422, 210.846497, 268.509979, 266.704437
401.579712, 211.314148, 253.183395, 255.617157
398.853119, 214.540070, 256.878204, 248.936752
385.838501, 207.503387, 263.289215, 249.934860
389.735626, 208.400040, 261.627655, 248.472870
396.508972, 206.302704, 266.242493, 261.679138
394.740967, 207.307220, 258.024231, 252.401230
384.477448, 197.470840, 277.829071, 271.013519
395.852875, 205.878784, 265.130585, 260.890076
388.869476, 196.758530, 266.238068, 270.245605
394.735779, 197.586517, 266.387299, 272.344849
388.801422, 195.901901, 268.197998, 270.817596
391.653778, 196.184265, 271.393890, 270.857910
387.192535, 198.103592, 271.511841, 268.800446
393.936615, 206.488419, 256.062958, 241.500000
390.705048, 203.240860, 266.109528, 262.532104
389.267029, 208.950653, 264.613861, 245.986053
383.602783, 208.496643, 272.241364, 255.608856
383.353088, 208.494293, 274.042542, 259.922699
386.110107, 209.484833, 271.237061, 259.679840
393.007111, 209.702942, 264.784515, 261.111115
391.497009, 206.294403, 266.962952, 270.627838
392.683319, 212.027008, 265.766022, 271.218201
403.110291, 214.477585, 253.331451, 252.305618
402.650085, 213.936890, 253.353973, 251.060684
406.027466, 213.881088, 253.463303, 258.693207
406.729614, 215.237030, 251.843811, 253.845917
396.203156, 214.131714, 257.632507, 254.987091
397.623901, 207.234222, 270.911407, 270.958344
389.722504, 212.869110, 273.928070, 262.438049
404.218201, 213.531891, 258.094116, 259.353668
393.302612, 207.308960, 268.919617, 275.763153
396.959991, 208.451706, 270.365295, 266.376343
399.780548, 208.795441, 268.461182, 266.230988
401.025635, 202.800751, 266.961395, 268.389618
401.692993, 208.846375, 266.442841, 257.649414
400.937469, 208.788193, 269.208313, 264.350494
402.788391, 203.030273, 269.069763, 269.251648
404.132507, 200.796753, 261.983887, 266.271393
402.044189, 203.688293, 257.914978, 267.402863
413.662567, 209.554840, 249.189941, 256.574463
412.595795, 213.255524, 254.000336, 255.320587
411.747070, 210.996277, 253.969772, 261.043488
401.444397, 217.671967, 271.066040, 253.885040
404.913879, 201.627747, 260.995392, 269.632050
411.357697, 205.829132, 260.352020, 263.724335
412.915222, 207.152771, 258.208069, 264.784943
412.698425, 207.163544, 258.924896, 264.932495
415.112122, 210.408020, 257.275146, 260.539337
417.040527, 214.764664, 254.729126, 257.250183
410.058289, 207.898438, 260.104279, 264.855927
417.509338, 213.089462, 253.654205, 251.459015
422.267151, 216.258606, 250.375244, 247.977341
416.292908, 209.350586, 250.091843, 254.732208
410.568634, 211.718582, 261.672150, 255.037262
413.627838, 216.209167, 262.722076, 253.057159
416.618286, 203.750076, 262.659210, 275.804779
421.122528, 211.790146, 254.761353, 261.260498
411.659149, 208.567322, 263.257965, 259.403992
416.364380, 212.134384, 259.478424, 255.060547
420.001465, 202.325653, 262.681885, 272.859924
421.645813, 203.476807, 262.888123, 272.598236
419.519012, 203.718384, 261.093781, 269.946686
419.066956, 209.013687, 253.119278, 256.563385
418.009796, 209.063538, 254.996490, 256.067169
415.824860, 200.098480, 266.391083, 267.635742
417.108368, 205.686935, 260.880829, 264.147339
416.575714, 208.456711, 259.236542, 259.260834
412.896057, 204.981018, 260.976410, 262.865540
414.341766, 202.079010, 263.463776, 270.922577
413.592285, 203.469803, 252.208740, 262.391052
402.911682, 198.276642, 267.280396, 276.724915
400.273590, 199.765091, 265.630249, 278.456696
399.928589, 202.490250, 257.072357, 271.072845
402.746674, 203.869263, 256.887085, 271.926605
403.407257, 202.950348, 259.477417, 266.953033
404.773132, 203.805328, 256.589630, 265.247986
402.950897, 201.088089, 260.685638, 267.565399
408.531677, 207.054047, 264.112579, 257.448242
409.791962, 206.379913, 266.918671, 258.244598
414.145844, 204.397552, 258.736511, 263.904663
416.409760, 202.828674, 259.879608, 266.679443
413.628174, 208.165375, 259.254211, 260.104950
421.493835, 215.782913, 253.145050, 254.424515
418.265381, 216.260620, 257.427612, 259.555756
419.290070, 216.435028, 256.019928, 257.473175
418.238617, 211.837463, 256.098114, 258.133209
413.243469, 201.557678, 261.301392, 270.750793
414.815186, 204.225571, 257.298035, 265.449554
418.870972, 208.205933, 252.994019, 265.822754
415.043335, 204.192993, 252.892960, 269.518738
408.211823, 198.173325, 262.283997, 278.532349
412.096497, 198.777618, 256.646637, 269.085205
409.170197, 196.272018, 259.966370, 275.295410
405.118225, 194.895401, 257.080353, 272.312195
400.774048, 195.837616, 256.471558, 268.694763
399.472473, 198.363281, 256.548035, 269.204956
397.200439, 211.264297, 286.142731, 263.457062
404.992584, 196.799332, 260.272675, 274.667419
406.660461, 196.829422, 261.810364, 274.685150
410.679169, 198.306412, 259.383270, 272.838989
410.964600, 201.357452, 268.993073, 266.400848
410.986450, 198.630005, 264.828491, 270.616119
416.816315, 209.728973, 257.672424, 255.785172
411.848663, 204.526031, 270.540619, 264.868896
419.823456, 202.747040, 258.326752, 266.657501
417.469757, 210.710007, 249.157608, 251.847885
417.049164, 207.940002, 255.437195, 258.265900
416.498260, 209.835526, 255.831558, 258.075928
422.175995, 203.834518, 254.389084, 260.430817
423.498566, 204.734100, 253.737122, 261.420532
421.397186, 205.523041, 255.190247, 257.856384
412.689545, 194.750595, 267.372192, 271.307617
416.837311, 201.750671, 257.271423, 255.332108
409.906342, 194.928009, 257.919739, 263.356201
408.292236, 195.460846, 256.653809, 262.939911
400.170288, 199.536072, 272.735626, 261.957642
402.228394, 192.791779, 257.725037, 275.194336
402.238434, 194.412903, 260.792145, 272.681824
397.537659, 196.833923, 267.551575, 274.972412
400.234283, 201.317139, 265.606567, 269.009827
398.549500, 203.060867, 267.563629, 266.230011
408.582642, 210.779068, 262.138214, 259.050598
401.197968, 207.841324, 263.148895, 264.320770
402.425568, 208.537979, 264.890686, 267.303253
402.295898, 211.561584, 263.438477, 261.978271
400.677887, 208.218231, 268.399353, 264.264008
402.645752, 210.335602, 265.784882, 266.454132
403.460938, 217.037781, 262.558533, 260.102051
400.499298, 212.183029, 265.770538, 266.728241
398.466949, 209.465912, 265.844238, 268.412292
395.422577, 209.333832, 267.846924, 266.145172
400.653992, 208.997223, 258.380035, 253.412704
402.153290, 212.147110, 260.766144, 260.022217
403.524750, 217.662720, 254.306015, 251.341080
395.625519, 212.543762, 265.574677, 262.543823
401.614105, 213.650970, 258.256012, 253.873779
399.848907, 220.874573, 259.320709, 261.066528
394.994873, 212.420609, 259.536804, 262.275208
385.056915, 219.555908, 264.593506, 260.494202
374.128326, 213.160660, 267.096436, 263.593903
376.339722, 222.787537, 265.821716, 264.391785
354.232452, 223.797073, 278.014313, 258.231537
350.850067, 224.261642, 275.133453, 257.190125
364.726044, 201.687332, 278.925690, 273.825256
361.083130, 198.204407, 280.699982, 271.299622
367.485138, 194.071472, 265.533173, 267.580322
369.048584, 191.874664, 272.853760, 260.920319
374.038330, 190.849182, 266.576843, 263.495880
375.071747, 192.909943, 276.274384, 260.059784
390.811401, 201.436768, 259.199554, 247.692368
386.109802, 209.996246, 267.584381, 244.471313
387.688751, 200.106842, 266.606476, 244.392471
386.649689, 203.035431, 267.085571, 235.566895
393.704926, 201.738922, 266.221680, 247.257584
405.129395, 224.337006, 259.456329, 235.423874
399.902161, 210.827728, 267.010956, 255.073334
400.066589, 212.556580, 257.554138, 245.341888
406.067169, 213.962234, 264.632782, 254.145248
413.466217, 210.725952, 257.587677, 247.353149
409.249237, 223.511780, 263.757874, 250.694260
410.760437, 233.106567, 263.760651, 242.312180
410.375183, 229.114594, 264.588593, 240.512665
412.097778, 236.589661, 261.079865, 237.658005
410.055511, 230.912933, 264.839539, 242.211990
411.385315, 210.481262, 263.988678, 254.067123
410.362396, 215.118195, 264.312225, 260.047424
410.567444, 215.149750, 263.899353, 258.901367
408.025635, 230.016754, 264.225769, 238.277451
408.631256, 227.535187, 264.994965, 243.032501
406.532684, 229.266891, 266.257324, 246.063919
407.543335, 224.183914, 265.572449, 249.326828
407.262177, 223.771561, 264.173126, 247.776321
410.777313, 224.304443, 262.569672, 241.565018
410.547882, 223.649933, 261.364014, 244.088867
410.051544, 218.352005, 264.400696, 243.924423
414.115082, 211.531281, 253.289215, 260.858215
414.186066, 215.611084, 248.618469, 258.146881
418.152100, 207.475037, 257.702911, 279.861969
414.134277, 205.545044, 260.716003, 271.445496
421.957123, 205.394196, 259.470367, 250.767456
420.113098, 191.806824, 267.284821, 276.241150
419.412231, 194.813187, 268.456421, 267.119751
422.128632, 191.398499, 270.743652, 267.375305
429.904633, 193.736557, 263.818939, 258.451324
433.290161, 198.597992, 261.917664, 253.641968
430.461517, 198.495697, 267.764343, 257.450623
430.528229, 193.901947, 269.375061, 255.738159
441.166016, 200.635620, 260.947205, 244.964569
430.541290, 201.243591, 268.382080, 254.947754
438.781006, 208.753296, 257.293213, 247.267731
445.865723, 206.761871, 255.144318, 263.740784
423.635651, 211.210938, 274.407715, 260.588165
432.229523, 221.888565, 258.127747, 247.545746
434.763672, 222.314651, 254.124084, 248.881012
424.826904, 219.383209, 266.164795, 269.269745
429.796936, 229.118530, 253.525391, 247.318100
426.416931, 232.223953, 254.376297, 246.262482
420.869995, 223.516083, 251.076294, 268.515869
416.698700, 237.355164, 257.926056, 252.158417
407.024048, 229.956604, 265.502716, 265.785370
404.769257, 230.954224, 260.897461, 263.893799
397.219574, 214.428589, 262.360046, 277.819183
395.721771, 227.957153, 260.117645, 247.435181
386.060730, 206.953812, 259.929535, 269.752930
378.591248, 198.205246, 270.209290, 282.327148
377.705902, 201.074097, 257.659210, 262.355255
365.740753, 195.231674, 282.272369, 277.070526
371.839355, 195.867065, 268.408722, 273.268982
374.617523, 191.561584, 263.557129, 275.730957
370.341644, 201.814514, 278.273285, 254.764008
372.177094, 189.274475, 267.474304, 267.585297
374.509888, 187.919556, 268.004639, 267.593658
379.540161, 182.330292, 264.780853, 268.473175
379.143097, 180.928070, 260.978394, 270.018188
384.026733, 182.930389, 266.045532, 270.514252
392.108704, 196.790833, 260.074005, 259.759216
403.173401, 192.815857, 252.854431, 270.300690
392.440399, 197.854462, 276.294189, 275.573181
409.834778, 203.932724, 256.090271, 267.162354
397.937378, 206.233505, 285.785889, 262.787842
408.979034, 211.464569, 263.970612, 253.898895
415.956696, 208.615906, 260.909241, 266.837128
418.344635, 210.416794, 263.120880, 263.683105
423.811768, 213.629181, 258.887299, 260.710449
427.104523, 214.958145, 258.009827, 260.353638
423.068604, 214.426346, 261.230286, 263.210541
425.727783, 214.527481, 260.571136, 268.066010
426.407196, 214.801788, 260.154205, 267.776794
425.837189, 214.763016, 255.734940, 263.343597
419.935120, 219.574814, 260.981812, 262.861084
418.146057, 216.505432, 266.694672, 269.309784
423.694946, 227.574982, 253.481064, 249.213333
425.285339, 215.564804, 256.641327, 269.979492
419.498840, 213.722488, 261.489990, 272.199341
410.148407, 215.832031, 264.262238, 264.787994
414.429291, 209.372192, 266.255432, 273.964020
412.095154, 224.198669, 260.574371, 243.630096
408.505646, 216.668396, 263.523804, 256.348419
409.946350, 215.884781, 261.712189, 253.266815
404.464386, 211.702759, 266.510529, 262.754456
400.957764, 214.206833, 264.547638, 256.965698
403.284607, 213.007080, 260.647614, 260.465454
395.707947, 201.302704, 264.920532, 270.720947
395.546204, 201.302277, 258.486115, 267.867859
392.739441, 194.366333, 272.699097, 271.975525
377.616791, 216.785370, 295.989563, 273.741241
392.566101, 207.365128, 269.829773, 273.826080
397.506104, 211.151886, 260.412292, 267.069641
402.530182, 215.331757, 255.386795, 263.683350
397.684998, 217.426025, 265.671265, 258.001801
402.269012, 213.389786, 264.232910, 263.177612
403.924957, 208.956268, 269.228668, 270.047211
417.489471, 210.226288, 257.153961, 263.662170
407.110718, 215.681580, 261.106384, 251.280762
410.560730, 213.125458, 265.387146, 250.923492
415.098907, 208.594635, 259.413330, 271.753693
408.948151, 207.564453, 268.343628, 276.474335
424.160522, 210.455429, 258.424347, 269.629669
419.316803, 214.690582, 257.851654, 262.128204
425.195526, 209.086136, 259.156128, 267.356262
427.482025, 217.625916, 251.052383, 251.907242
429.867798, 218.555038, 248.506821, 250.506653
430.104950, 208.766647, 258.126129, 268.971344
428.510651, 212.722961, 254.728851, 267.601288
424.460358, 216.283600, 259.349762, 269.041412
417.148407, 215.707489, 262.433563, 271.599609
419.458130, 216.515198, 259.563965, 267.076111
408.004547, 215.668488, 267.214691, 262.513214
413.025818, 218.297241, 252.939301, 250.546021
408.566895, 215.807648, 254.436432, 252.390518
395.098175, 213.782227, 265.347595, 257.201752
397.919647, 208.045425, 267.690308, 265.861237
384.221130, 202.774124, 272.363770, 270.996643
377.180634, 195.597702, 274.302216, 283.346954
382.912201, 209.289063, 257.453674, 260.162048
370.979828, 208.254211, 265.050842, 256.462524
363.525391, 200.453369, 270.203766, 267.769196
355.767059, 206.604492, 276.720276, 274.634705
354.513947, 206.845276, 278.197540, 277.124115
354.227142, 203.909332, 281.283295, 277.214294
361.907471, 201.394714, 270.959503, 266.559174
361.332733, 194.125259, 271.972809, 270.970032
368.929138, 204.938354, 268.614655, 261.030792
379.518799, 202.637817, 260.545563, 258.572723
376.905640, 203.518967, 271.415955, 278.377319
375.924805, 204.951187, 277.357330, 278.538757
381.965057, 206.055038, 280.603271, 270.104370
390.636261, 192.518555, 264.248047, 271.923767
404.509247, 202.058319, 260.589355, 269.182373
407.241791, 200.384949, 261.253052, 267.715027
403.110962, 192.946045, 265.935669, 271.444214
408.851532, 200.786835, 262.122650, 268.754364
397.539551, 193.084351, 269.181366, 271.913422
397.970612, 196.393524, 265.264069, 267.662750
391.167542, 196.924118, 271.822052, 270.996216
385.815338, 195.274811, 268.467712, 270.712891
383.274811, 200.057632, 261.181091, 262.763733
376.887390, 201.792236, 262.814728, 264.227600
371.895996, 207.453705, 267.420685, 256.850433
365.633423, 199.437500, 278.343445, 269.402893
374.079926, 205.126678, 268.007294, 258.559448
367.760925, 206.869843, 275.641113, 260.448578
367.892670, 205.494690, 270.936310, 271.397064
368.418518, 205.277344, 279.015778, 270.052734
369.123962, 202.445496, 275.096222, 279.750427
373.826538, 196.702209, 272.936737, 278.087097
381.927429, 202.723572, 262.778259, 274.809204
386.135406, 201.558304, 260.492188, 270.035248
389.356506, 194.171906, 265.697113, 275.519531
383.780579, 192.162506, 276.348724, 285.679993
393.391907, 199.143768, 266.124023, 271.230072
375.639557, 197.238129, 274.136230, 266.447205
370.293945, 201.497284, 264.407410, 265.127472
372.985291, 213.732330, 254.809708, 244.047318
359.061493, 203.314514, 272.688507, 264.814209
352.242615, 208.384003, 273.504974, 267.662628
357.054871, 210.649261, 279.619507, 266.231110
353.570709, 211.207245, 260.990601, 263.338684
362.013977, 214.685486, 253.064178, 259.516724
364.405579, 212.305969, 255.592072, 257.077087
365.337158, 199.589508, 274.602539, 272.846924
370.005646, 199.688385, 275.675171, 271.635590
376.001495, 202.232254, 272.132416, 266.037598
383.459839, 202.024185, 277.481537, 268.055420
380.905823, 206.712799, 283.143372, 269.840637
403.890167, 215.144455, 266.663422, 259.820953
399.467560, 214.895966, 272.041473, 257.136383
413.891083, 204.236908, 260.720367, 260.821777
412.797211, 208.725098, 265.806915, 271.910217
417.638824, 212.636597, 266.755615, 268.489227
426.730988, 212.485901, 258.701111, 263.328217
414.225647, 213.349808, 267.172760, 259.420746
433.206940, 209.929794, 257.977203, 261.495850
425.951294, 210.823013, 266.407501, 266.659546
428.221741, 214.141663, 261.410645, 254.483414
431.768738, 214.545868, 259.597778, 251.979782
436.459137, 210.774567, 253.393890, 255.434006
438.601349, 207.945465, 258.553314, 254.888382
442.805634, 205.541351, 253.811401, 249.377182
443.225922, 204.691895, 251.572189, 248.761047
431.191345, 196.500504, 265.043243, 259.296021
423.415802, 185.242493, 269.580383, 269.395874
413.284332, 187.790924, 272.945099, 273.638214
405.156952, 186.826416, 282.518280, 272.465088
391.828308, 190.881210, 278.770050, 263.804474
395.036743, 185.124146, 273.253967, 276.198059
388.468658, 188.087326, 271.395599, 272.810272
379.741211, 191.669556, 275.253754, 272.795898
363.732513, 204.755859, 283.337891, 258.575043
371.061554, 196.596817, 275.330536, 276.843018
368.903961, 203.116776, 272.440399, 257.242279
369.397705, 197.485504, 271.996185, 267.275391
372.507172, 200.777206, 265.739136, 256.520630
366.353149, 194.530121, 271.446167, 263.617462
372.435242, 198.399445, 268.139984, 266.180817
377.903259, 196.914490, 263.615021, 265.774231
378.250488, 201.436890, 269.966400, 276.524780
387.076935, 199.706131, 261.861053, 260.994995
379.217163, 208.789124, 268.240997, 252.441040
386.762177, 199.282257, 267.420258, 271.536499
387.409576, 195.716385, 273.270569, 280.064545
391.526855, 201.421082, 275.043884, 272.944946
390.514465, 205.307739, 270.976807, 259.083313
405.558624, 203.166168, 264.312469, 263.431152
405.858124, 204.206116, 270.331512, 266.479736
400.301147, 202.333954, 273.463867, 268.187103
407.022186, 194.779358, 268.699738, 274.471008
409.973206, 195.779846, 266.208008, 272.734894
392.551880, 208.919571, 287.573334, 270.178894
417.934540, 203.776855, 261.421021, 267.001129
407.077240, 202.851990, 271.165161, 261.204041
410.922974, 209.706116, 264.071289, 258.864349
411.072876, 209.208252, 268.855774, 264.418182
407.914764, 209.266800, 267.626007, 263.616974
403.641663, 210.800018, 270.366211, 261.354706
400.355743, 207.321869, 270.527039, 263.307220
400.777069, 213.419724, 271.909576, 256.782715
401.268463, 210.909637, 272.987244, 258.325226
403.682556, 210.569901, 271.977020, 257.444031
400.958344, 207.377869, 273.301422, 263.603027
402.909454, 206.529282, 269.465179, 261.592743
401.996643, 206.858459, 270.501801, 262.641296
402.478241, 206.387695, 275.893677, 265.416840
406.720825, 205.467926, 274.206848, 267.610596
409.277222, 214.243958, 266.172668, 256.384216
417.666565, 211.748688, 253.523026, 254.530258
409.291504, 189.335083, 268.463745, 274.534332
417.186615, 212.994781, 258.367889, 259.046387
417.199188, 212.716370, 257.453400, 260.177612
417.568237, 212.974365, 256.642334, 261.017853
415.948914, 212.266388, 259.311188, 260.036926
415.635101, 212.460083, 259.423279, 259.258423
414.826355, 213.166702, 258.753845, 261.001068
406.502991, 208.602112, 269.617615, 269.934814
406.617950, 208.289703, 270.181671, 269.249359
406.711121, 208.064484, 261.671478, 254.757599
402.702606, 208.226532, 266.140961, 256.443085
405.677521, 208.096237, 264.326355, 257.378204
406.060608, 207.509125, 264.750763, 263.529205
404.144684, 209.472824, 265.854767, 260.360321
402.625793, 206.003845, 265.513519, 264.870331
404.334778, 207.701050, 263.815125, 260.181915
404.124115, 206.116852, 273.622314, 272.335480
402.830353, 214.144714, 269.331085, 256.912262
404.690643, 206.850647, 264.711823, 266.274200
406.748291, 211.191620, 260.671570, 263.099060
403.856567, 205.349274, 268.320221, 267.832306
408.682648, 208.543610, 253.459961, 268.512268
400.916138, 209.794113, 267.129852, 267.613434
405.287659, 202.390564, 257.309601, 269.405304
404.656189, 203.064178, 256.830231, 268.375671
399.632294, 197.309570, 260.848694, 274.018005
395.968323, 196.117737, 272.219513, 264.691254
399.568298, 201.020233, 265.118652, 257.729675
401.049805, 202.964630, 254.987198, 264.999054
403.122894, 196.996979, 254.070679, 275.059875
400.964874, 205.817993, 267.540100, 267.259064
397.100891, 195.959778, 262.781219, 273.718079
402.192841, 201.264130, 266.196411, 265.485260
408.717987, 201.541855, 257.239410, 268.328186
402.657959, 209.280212, 288.411469, 269.615753
418.111176, 210.043320, 248.349304, 251.844482
421.356110, 208.900467, 248.526230, 251.335709
411.055481, 206.411407, 259.284668, 261.888916
418.770142, 207.928528, 255.549973, 264.856567
418.163177, 208.576019, 257.929596, 266.045166
420.705872, 209.154541, 256.528870, 263.112091
418.127716, 206.712631, 259.364044, 263.167084
417.978485, 205.927338, 260.450623, 261.847961
419.836609, 204.710144, 260.229492, 262.245453
414.243347, 198.700714, 259.229187, 265.124786
417.683105, 203.067551, 265.522522, 266.090363
416.723145, 202.004333, 267.398895, 267.524567
413.697571, 197.311493, 272.278290, 267.878754
421.170288, 192.895142, 264.841553, 266.529816
419.868378, 187.342972, 271.913879, 266.274231
440.425018, 194.938599, 255.507111, 255.475006
439.583618, 198.325806, 256.510254, 251.706558
439.091125, 191.353149, 268.557404, 257.664917
442.864746, 184.850845, 265.638977, 269.046448
449.252838, 199.850311, 258.681854, 250.200348
450.864807, 206.013763, 260.773499, 245.907898
452.214783, 205.855011, 259.626495, 248.207886
470.461670, 221.382385, 241.939804, 223.509995
449.186462, 202.158264, 253.131226, 253.558258
451.061340, 207.920532, 260.141357, 255.129913
450.957977, 205.221252, 263.121338, 258.514404
442.792633, 207.069107, 253.473877, 250.486649
446.657684, 213.029419, 246.421829, 249.397278
445.478180, 213.623810, 244.422012, 248.951797
436.389587, 215.244156, 253.532318, 254.268234
437.820770, 213.730530, 252.769272, 261.621124
423.284241, 202.361755, 265.848846, 269.483765
407.874298, 197.849823, 282.085266, 262.888489
414.274963, 202.915100, 270.135620, 261.228363
411.726929, 192.695313, 255.461807, 261.935181
402.611847, 197.762970, 264.723785, 262.855743
406.875183, 190.606537, 253.920563, 263.126007
404.530701, 192.741058, 252.521851, 262.655975
400.981812, 187.246780, 262.555878, 274.385406
404.672241, 192.265259, 259.612610, 272.797028
403.749420, 190.266296, 264.412079, 274.770935
414.788025, 197.981842, 254.718292, 258.713501
418.632996, 200.384369, 254.672455, 257.769958
410.460327, 200.506042, 257.157806, 255.183182
417.153046, 200.321045, 258.894714, 269.011688
413.539703, 202.957489, 264.351318, 269.456909
403.807037, 195.939728, 281.224243, 287.742523
407.603027, 200.209259, 278.192902, 278.318939
416.523468, 203.218613, 264.712463, 265.410950
418.667511, 210.025696, 253.438950, 248.374298
419.585205, 211.332748, 251.623825, 245.051147
420.562378, 209.659592, 253.374741, 245.382736
421.016357, 210.488632, 250.915817, 241.133041
420.502472, 203.418167, 257.564545, 252.180069
422.634583, 203.445068, 258.861053, 251.110184
417.015503, 207.973663, 256.024963, 250.496521
419.551117, 213.175003, 259.404816, 251.100555
423.569580, 214.919037, 248.770782, 247.811432
420.361969, 212.296051, 256.280823, 257.578674
419.664154, 212.239716, 257.148376, 258.016724
418.514435, 209.783264, 258.144287, 257.745453
417.486816, 211.361176, 261.701263, 260.518097
418.250641, 213.735809, 259.250732, 257.918640
419.985107, 214.626526, 257.428680, 256.677643
419.404907, 216.305450, 257.198608, 254.717590
419.107727, 215.831940, 257.655060, 256.160797
416.314575, 209.643921, 263.438782, 265.478821
417.476196, 215.081192, 259.712158, 258.789246
412.685150, 212.464203, 263.124695, 261.824554
422.770386, 208.765076, 255.583374, 263.058502
396.426910, 209.219116, 295.668915, 285.686127
398.976379, 209.599884, 287.504242, 278.980682
410.038177, 206.669647, 265.677094, 269.246094
415.184723, 207.401855, 256.300171, 263.714661
416.572052, 207.178360, 255.392502, 262.533081
417.657196, 205.632324, 255.707565, 261.289948
418.247955, 205.884979, 256.435669, 261.516663
417.257751, 205.870850, 257.470398, 262.160187
416.387085, 205.644791, 258.573486, 261.751099
414.571960, 206.998444, 257.067474, 257.878204
413.829681, 205.881744, 256.617798, 259.462158
417.790314, 205.291748, 261.475555, 264.558411
399.350006, 199.793518, 285.075134, 282.801208
408.247925, 204.815735, 267.268951, 264.581116
405.544800, 204.174133, 270.194214, 265.770233
406.858521, 202.710571, 269.108429, 268.513092
409.621674, 206.104462, 263.805786, 263.065399
408.064056, 206.694580, 263.028717, 259.887177
406.813904, 196.313232, 265.741058, 273.556549
411.137238, 199.349945, 262.428345, 268.845459
415.110657, 199.571411, 254.199371, 268.468353
411.907990, 197.713501, 258.865021, 274.510712
415.781372, 196.128967, 259.737305, 275.517853
411.970764, 198.303589, 261.952911, 270.598022
417.243500, 206.569656, 258.002350, 261.157532
416.290161, 209.508484, 259.100372, 260.214844
416.071442, 207.441345, 258.542633, 260.897034
416.692322, 208.263855, 257.575134, 259.643311
414.933228, 208.945862, 259.557648, 263.539825
413.090454, 208.885315, 262.724548, 263.099243
413.126801, 202.183228, 261.640533, 268.712433
412.936096, 203.111877, 261.974304, 266.967560
412.692535, 202.772232, 262.485443, 268.370270
412.179810, 203.203064, 262.319733, 269.666107
412.798767, 203.990341, 261.374481, 267.557007
413.112885, 205.063248, 260.027435, 266.074982
413.100250, 206.420288, 259.855835, 265.070679
414.079681, 206.361954, 257.200439, 267.088409
411.604675, 205.406235, 264.434143, 268.139404
411.108490, 205.682175, 265.283295, 268.391754
415.494690, 208.843903, 262.574463, 263.194275
416.004211, 209.417389, 260.273193, 263.683014
416.379730, 211.229660, 259.938965, 260.864685
417.259430, 212.997162, 257.139343, 256.089844
419.356079, 212.854065, 253.963028, 244.074936
417.008728, 213.530807, 254.623184, 240.967987
421.456207, 215.033905, 252.059357, 240.069504
421.976898, 215.372467, 250.508469, 239.836319
421.901825, 214.842590, 251.653992, 241.721298
406.545807, 205.022842, 267.036896, 269.201813
419.868408, 214.025269, 253.530151, 247.088150
417.140198, 213.083832, 257.621674, 254.221542
414.856720, 212.200409, 252.217346, 253.483643
413.828247, 208.782257, 260.817139, 260.696838
412.529114, 204.684265, 260.532288, 264.707092
410.528351, 202.972107, 261.359619, 264.629852
405.575073, 206.113312, 261.160919, 263.845795
404.422638, 202.036911, 263.440338, 276.367828
400.363098, 200.705811, 265.544312, 270.987396
395.790680, 197.082184, 267.825195, 269.748505
393.426849, 199.957916, 266.385834, 272.561462
406.402679, 222.438110, 253.675369, 250.692291
408.243591, 224.391876, 251.196976, 249.055374
405.177246, 212.464279, 253.583801, 262.702026
406.850739, 217.303116, 252.971207, 251.265518
397.764343, 208.319794, 261.638977, 267.341370
398.925201, 209.543823, 261.314240, 268.163940
402.483124, 216.922821, 261.763641, 257.455048
394.273712, 210.589264, 264.144501, 272.256653
392.211731, 209.726563, 265.217163, 275.763489
392.227600, 212.051239, 265.645050, 274.268280
393.557495, 211.948639, 268.305206, 271.718170
403.311523, 214.329437, 264.165833, 277.668304
403.925842, 219.090942, 263.273163, 260.480713
413.405121, 220.867157, 253.527191, 260.828888
408.825012, 217.725143, 261.321136, 255.744400
409.144409, 216.861755, 261.655212, 256.501892
408.693634, 217.393768, 262.754852, 257.665588
412.173523, 220.840363, 258.918488, 251.559921
409.276093, 217.454987, 263.461151, 253.673218
408.645203, 211.312103, 261.732697, 266.497528
409.322937, 211.192810, 262.226563, 265.999268
415.917053, 208.093292, 255.496017, 269.541290
413.034637, 217.058044, 263.871948, 257.774292
411.792297, 215.514572, 262.038879, 260.801270
411.704346, 215.655945, 261.840759, 261.161316
412.906219, 216.189392, 262.924408, 260.391724
412.124664, 215.816132, 260.790314, 260.872589
412.669525, 214.363571, 263.348511, 262.740356
409.625610, 204.429626, 260.352448, 268.888702
419.090454, 213.866760, 255.698639, 260.036255
413.451691, 209.963013, 264.104279, 262.016907
406.299774, 203.200394, 269.391327, 264.033264
411.524475, 198.863235, 260.226044, 271.298431
396.530365, 197.239410, 279.392090, 272.580536
401.576324, 202.708771, 267.228088, 263.159546
377.067505, 204.645996, 273.391663, 254.444214
375.770447, 201.872437, 269.100922, 268.495850
369.829102, 206.669373, 276.830139, 262.134094
365.873779, 204.833954, 273.560791, 271.695862
360.487518, 206.551544, 278.512207, 272.728699
359.967407, 207.392639, 270.178040, 268.758362
355.384033, 197.635773, 275.618042, 278.243958
349.975159, 213.525452, 274.403076, 255.714600
348.783936, 217.224960, 273.665802, 259.474792
363.175171, 213.027206, 263.542450, 262.872528
351.399689, 219.587250, 277.233551, 258.223755
339.734558, 218.182648, 286.081818, 259.436371
371.177551, 217.980682, 264.696350, 262.054474
358.534576, 218.751221, 278.586548, 267.525848
361.483948, 223.336609, 270.426392, 259.622833
369.347046, 214.799072, 271.868286, 265.128845
366.380798, 211.463440, 277.273529, 268.499878
379.221161, 210.406754, 266.662384, 265.900604
390.230103, 210.656281, 257.193420, 260.320770
395.371948, 211.290527, 256.772766, 262.717682
384.605743, 203.197571, 280.532684, 280.713379
406.293396, 210.505630, 256.972748, 270.312927
401.824280, 205.690521, 267.230865, 256.502075
406.197052, 207.787827, 264.010590, 260.369507
404.000214, 203.674133, 273.251648, 264.025391
410.737366, 203.911926, 265.988495, 262.427551
411.255646, 205.575485, 263.927368, 255.978333
409.440369, 202.236542, 267.894318, 261.202545
411.463867, 200.265717, 264.441803, 261.575043
420.744690, 202.387024, 255.931763, 259.046112
412.666199, 203.126526, 262.703461, 259.358429
414.138275, 205.128632, 261.974121, 258.534790
413.849518, 205.534836, 260.752350, 256.396362
418.103027, 202.763184, 256.399872, 256.957947
414.398529, 206.782623, 258.773071, 252.007553
410.023804, 202.301819, 267.602112, 268.789276
411.970764, 203.865143, 264.913239, 269.705658
406.701813, 202.059891, 268.263092, 270.907074
402.759338, 204.056595, 269.280212, 270.863190
410.731201, 205.944519, 266.114899, 267.465546
404.031281, 205.152725, 273.746429, 271.481934
403.115784, 205.985703, 271.151306, 270.525269
410.540802, 206.538452, 263.662720, 257.770813
408.435242, 206.902344, 267.619934, 268.465149
414.464081, 211.820847, 260.880646, 267.188934
417.516235, 213.764496, 257.689392, 264.703033
418.749359, 213.100876, 255.944061, 262.347565
418.851837, 212.277832, 257.067169, 262.960327
410.999146, 207.136230, 260.091156, 271.906586
408.802917, 206.389938, 270.489868, 275.874786
423.314270, 217.227264, 255.455444, 262.546448
417.206360, 215.031158, 253.943024, 258.295502
421.750702, 216.873260, 253.374649, 258.125183
422.623138, 219.054001, 252.612610, 256.570221
422.356232, 218.448273, 255.062714, 257.477631
422.799011, 219.598938, 253.700867, 255.890488
422.348267, 218.557648, 252.867813, 256.898895
424.259277, 215.340759, 255.216354, 262.758698
417.298004, 217.334106, 255.250763, 259.379395
414.890961, 213.841339, 261.291962, 265.898499
414.449341, 217.849716, 256.121002, 251.998871
420.505127, 221.153351, 248.379791, 245.075745
417.941925, 210.501007, 252.155212, 259.072479
410.980225, 209.103729, 261.217529, 263.271637
412.810547, 209.932907, 261.040710, 265.678101
408.632904, 210.230713, 265.018463, 265.534668
409.281860, 210.541885, 262.825043, 258.254822
410.407562, 209.809418, 260.531189, 260.859528
409.417389, 209.907547, 264.738281, 263.217499
408.673187, 209.902588, 265.681793, 264.384827
410.577789, 212.965775, 261.861633, 258.065643
412.041992, 210.519135, 261.373352, 258.859772
410.762543, 207.918198, 263.368835, 262.197357
409.642639, 209.943573, 263.421906, 263.085785
410.402374, 210.174500, 263.093842, 263.329376
407.946075, 210.323853, 265.549347, 264.300720
411.449432, 210.722656, 262.196716, 262.031738
415.643402, 212.510223, 258.875427, 260.352539
416.647980, 217.769409, 258.298218, 255.013626
415.817841, 212.550262, 258.821289, 259.762390
416.445435, 211.902542, 258.782562, 259.937683
415.857513, 211.829559, 259.697968, 260.026642
421.158173, 214.599640, 253.584335, 257.303406
421.107819, 214.594589, 253.929916, 257.876587
419.682983, 214.504929, 254.340378, 257.843719
420.098114, 211.605362, 254.458176, 259.223633
420.042175, 210.386703, 253.708206, 258.900940
419.668152, 211.009583, 255.445099, 261.187012
417.220917, 208.938232, 256.685394, 263.652252
420.742035, 213.778931, 255.067657, 260.335876
418.104187, 213.622406, 256.158325, 259.490173
410.895782, 208.670837, 263.390350, 262.622314
412.688171, 208.686523, 260.989746, 255.300415
407.089447, 205.876587, 263.905731, 255.815872
407.996613, 207.413498, 262.646423, 258.626953
406.818634, 207.859039, 264.061005, 263.616455
407.818298, 205.001190, 263.055176, 267.715302
406.726074, 202.317780, 264.392670, 269.444092
408.463379, 203.388702, 262.453278, 267.256134
405.097015, 203.678009, 265.663391, 269.291199
404.052979, 203.181274, 263.463287, 274.662842
414.304077, 211.042938, 255.115829, 261.178619
408.078186, 197.900208, 265.796783, 274.426147
405.086304, 198.600235, 267.116272, 277.711945
411.414215, 204.391205, 259.952667, 267.378967
407.017273, 205.215744, 260.145630, 268.959747
399.448090, 200.800568, 265.600006, 268.026886
406.744293, 203.853882, 260.004395, 270.928284
406.920837, 205.511230, 262.928650, 269.401123
406.245575, 202.110901, 266.850861, 276.552460
408.672150, 208.710358, 262.963257, 264.164398
409.050171, 206.475922, 264.089874, 267.578857
412.284210, 211.498535, 261.581177, 265.551453
413.482300, 211.861755, 261.006317, 265.266205
413.832306, 211.649506, 261.510284, 262.469666
410.846863, 208.499451, 265.439178, 264.388763
410.349884, 209.968170, 264.428528, 261.270172
413.458496, 210.900574, 261.383911, 259.567993
414.887878, 208.399826, 260.936737, 261.575043
414.695038, 207.633148, 259.252625, 259.118378
411.107086, 207.008667, 262.918457, 263.162994
411.525940, 204.456299, 260.327667, 268.689911
413.146576, 205.316742, 259.235687, 258.476044
415.297028, 205.795380, 256.065887, 257.089508
409.893860, 205.423889, 262.812408, 257.698975
408.703522, 204.964462, 265.496552, 261.335724
413.220551, 207.670639, 259.815033, 258.860809
410.426758, 206.653305, 263.072693, 259.440948
407.308594, 208.305267, 263.703369, 260.669891
409.284088, 206.976639, 268.851807, 270.800690
411.875336, 209.735474, 263.688599, 251.428650
409.232910, 207.074066, 265.337921, 264.114319
413.204742, 209.362167, 263.638123, 255.071976
412.699677, 209.859024, 260.036346, 253.464676
412.916931, 209.209259, 260.353180, 256.284027
413.228516, 211.754242, 260.132111, 254.626221
412.228271, 209.413116, 261.418060, 258.280823
412.515930, 210.398148, 260.163147, 257.685486
412.663116, 210.714294, 261.298431, 257.914001
412.387390, 208.930466, 261.894562, 255.265121
416.468170, 209.780075, 260.755066, 251.472076
410.207825, 207.125153, 263.024170, 250.367218
408.444275, 203.594025, 266.350098, 255.990616
413.705322, 204.154144, 261.452850, 259.153290
414.592316, 205.341660, 259.355927, 258.172394
422.393066, 212.535370, 252.062027, 247.966644
415.719391, 206.199463, 255.690674, 257.199615
412.880798, 208.351685, 262.171204, 265.249359
410.817627, 208.842361, 264.056915, 265.198364
410.774384, 209.554947, 265.829681, 260.772034
410.734436, 211.511292, 264.411469, 258.325317
410.948517, 210.761337, 264.623199, 258.364746
410.696136, 210.386017, 265.915344, 260.019714
418.229950, 208.609955, 256.471375, 261.642303
418.906281, 208.819153, 256.986938, 262.003571
419.426575, 211.802536, 256.740784, 265.818604
414.914459, 211.602448, 262.884552, 269.605225
411.544617, 210.351868, 277.521851, 268.018066
422.927673, 214.045502, 248.614807, 257.329987
424.407166, 216.838959, 249.159698, 256.889221
416.143127, 216.573532, 256.370850, 263.697449
416.290710, 222.262756, 253.042542, 260.881714
408.423615, 215.273499, 260.728668, 270.614227
411.537140, 227.761414, 252.534134, 252.483032
410.560303, 225.707245, 252.013168, 252.388962
400.484436, 227.585297, 259.656677, 257.571289
394.348938, 216.420380, 265.447937, 262.784668
399.835327, 220.438690, 260.293640, 255.135117
394.252930, 219.764740, 260.665222, 258.605804
390.634491, 208.378998, 267.498871, 273.948120
391.808258, 213.606750, 257.176697, 259.022064
384.875916, 214.288132, 260.017792, 260.381195
382.102997, 213.932053, 257.978607, 250.646942
374.466614, 212.370438, 268.425079, 264.393585
373.671417, 204.225662, 264.549500, 254.407089
385.079163, 198.559601, 262.668671, 262.536469
376.409485, 197.908661, 265.600037, 254.358215
368.937714, 194.755951, 259.334961, 259.036835
367.886047, 184.500793, 257.367950, 264.287201
367.554504, 189.561813, 267.691803, 267.827911
372.139130, 198.841599, 264.442291, 263.184998
375.317566, 198.999603, 262.942719, 261.380188
385.071411, 201.575577, 256.693176, 264.778748
382.736847, 188.729736, 268.628571, 290.745880
388.457733, 200.315109, 264.942596, 268.722961
392.557617, 200.798706, 262.446747, 269.318817
393.582703, 203.101837, 266.058350, 268.675385
402.630554, 203.161896, 261.317749, 265.690216
399.177368, 207.379761, 261.021332, 262.883423
407.847015, 207.411957, 260.669464, 257.364136
414.132019, 203.336624, 259.018738, 264.037109
404.857025, 206.582825, 269.914185, 268.015045
417.753052, 207.502563, 254.294724, 257.256989
418.922760, 217.591202, 250.725571, 246.821503
409.059174, 215.529449, 264.944946, 256.327728
405.846558, 213.949371, 266.523407, 265.370483
408.151489, 219.977631, 255.620331, 251.560730
401.234589, 212.096649, 265.695679, 267.222076
399.891571, 210.457642, 262.196838, 256.049530
407.462830, 216.237122, 247.576248, 251.497528
392.080383, 212.601379, 271.153534, 266.823364
395.695129, 203.123657, 265.502014, 276.747467
392.679321, 214.417450, 266.252716, 259.359100
397.375763, 208.027405, 261.960480, 264.330658
400.461304, 205.766174, 272.133301, 272.459442
400.536560, 205.532532, 274.562836, 272.121185
399.441132, 209.535980, 288.348022, 273.182495
427.052490, 213.082123, 252.002426, 255.147644
416.399292, 218.327759, 264.579285, 253.759384
430.118774, 223.137451, 254.553757, 251.575089
427.524261, 221.989105, 254.692169, 257.000305
432.863800, 224.556183, 255.444382, 256.005066
434.371735, 217.893326, 260.055969, 263.756500
433.911835, 217.290634, 259.375244, 264.626953
434.088654, 217.673080, 258.985626, 264.706146
435.611481, 223.932175, 253.401993, 257.940796
432.940796, 223.446350, 250.329346, 250.499268
432.509735, 223.547028, 250.558624, 249.607315
429.383606, 217.566895, 257.264374, 258.600250
427.544769, 216.052246, 261.437134, 270.047974
439.442841, 218.370392, 249.248154, 259.386566
430.479523, 223.335938, 255.854019, 260.542114
429.968384, 222.103775, 257.527924, 264.208893
430.270569, 222.655579, 258.219543, 265.083618
428.202484, 220.365997, 247.200439, 253.928802
434.692383, 223.645035, 253.012009, 261.664093
430.557343, 222.362122, 256.490387, 262.386780
419.366760, 221.875977, 264.482605, 256.924072
418.968323, 219.111359, 263.845978, 254.832977
417.444366, 216.263138, 265.028778, 255.337738
435.450897, 216.094223, 251.777359, 258.180328
423.860443, 222.630005, 257.224884, 258.317749
435.363739, 216.401215, 250.159454, 260.006348
423.340942, 214.389481, 260.036102, 266.256836
422.348602, 213.415039, 264.063568, 268.933533
421.592468, 218.362183, 258.164948, 262.688507
425.700806, 217.958313, 247.596725, 254.310455
433.812775, 216.061646, 249.127472, 261.565369
435.100922, 215.442688, 249.544098, 261.096954
431.847473, 213.604980, 248.787292, 259.266571
428.805542, 211.871582, 254.783920, 264.283569
417.118530, 207.003510, 265.547485, 273.107635
431.282745, 210.709244, 250.339340, 263.271729
429.787994, 210.608749, 251.605392, 263.276184
422.755280, 217.274353, 254.407959, 247.600494
416.045685, 208.237457, 259.876434, 277.098663
425.803040, 219.336945, 250.342361, 248.345413
414.766479, 210.318817, 263.185547, 272.746643
415.283203, 208.723663, 263.122650, 263.685089
426.515259, 222.635010, 249.785156, 246.347015
422.751801, 220.854767, 252.380875, 251.174622
419.564575, 219.620026, 253.572479, 250.783173
423.944763, 214.108414, 257.358643, 259.754761
421.986267, 215.386780, 258.438782, 261.642365
412.731445, 221.613052, 261.559265, 255.711594
414.831024, 211.918900, 262.734009, 266.500580
403.123260, 214.774780, 266.297394, 262.945801
407.747925, 229.486603, 258.658295, 245.950531
402.518127, 211.194458, 263.674316, 263.765045
388.744263, 195.157227, 274.198853, 272.201141
386.073547, 206.244812, 269.739197, 267.431671
369.626770, 202.872009, 273.399078, 270.105499
360.315033, 202.423737, 277.640656, 267.615540
362.256134, 206.888092, 271.908173, 251.080307
345.205627, 218.045074, 275.615662, 244.898743
336.029633, 217.002579, 275.857635, 247.772583
318.418823, 204.423462, 285.523926, 263.952789
317.131744, 206.402756, 283.099548, 259.327301
311.370148, 208.543762, 283.414490, 255.566498
306.372101, 197.002594, 288.901794, 266.782471
306.205383, 197.251877, 284.779510, 263.577240
317.229950, 206.264221, 269.662598, 257.717255
311.507385, 200.685364, 282.006500, 271.059601
315.359344, 199.902451, 279.019104, 270.211304
331.506927, 206.748734, 278.734985, 269.826263
340.019745, 203.223145, 271.454193, 269.422882
358.858093, 203.974243, 267.000854, 268.703125
351.989227, 208.821060, 273.760193, 257.696259
373.863708, 202.288239, 276.708496, 271.853516
381.911591, 204.886688, 267.092896, 268.865082
385.171051, 216.353806, 262.376038, 251.779938
396.119476, 215.099762, 265.004303, 255.438553
398.583282, 205.878998, 261.646545, 265.282318
401.123169, 206.032333, 264.483643, 266.117126
403.409882, 212.594131, 263.226440, 257.724396
402.963562, 206.725571, 265.456635, 262.023956
401.986115, 208.875443, 266.065460, 255.986023
409.680145, 213.101593, 262.291046, 254.619827
405.277313, 209.850388, 265.904297, 265.349854
405.505249, 210.650452, 264.987701, 263.229156
404.541840, 210.061813, 266.087036, 265.209106
404.713562, 208.771347, 265.251923, 266.193237
410.619263, 212.499115, 254.458267, 256.363281
403.523987, 203.543442, 257.488861, 264.464752
405.280334, 203.895294, 253.510651, 264.576202
402.702026, 202.229126, 257.648499, 268.964417
400.537964, 200.980667, 257.496857, 267.334839
398.157440, 199.026367, 261.935486, 270.078186
397.585266, 197.541565, 256.579803, 274.411133
397.095154, 200.387711, 255.678513, 273.000885
392.770447, 199.385590, 262.653748, 275.695801
392.866760, 199.943665, 262.846161, 276.488953
392.030518, 199.503967, 265.939423, 276.572937
397.557617, 202.431549, 261.311798, 271.407684
397.310699, 201.764038, 261.612549, 272.870148
399.805603, 205.628357, 254.965240, 265.704071
394.386536, 200.325409, 264.175232, 276.271545
397.220825, 203.306885, 259.339813, 273.853851
395.664703, 202.627197, 262.628845, 273.190674
412.163940, 226.048279, 263.574738, 249.244186
394.999359, 200.278046, 266.210236, 274.848511
402.712189, 204.213348, 256.013611, 271.459320
402.375580, 222.801270, 263.092834, 251.913101
417.652435, 216.358292, 252.877777, 254.287628
409.495422, 211.405487, 261.829193, 269.201813
415.674011, 213.781891, 260.546448, 262.167938
415.294525, 216.176727, 260.054230, 252.523407
412.728058, 211.450546, 268.547577, 266.327484
420.371613, 221.658966, 254.046478, 251.227844
419.299500, 212.342194, 263.524292, 265.898193
420.214447, 221.631027, 257.113586, 255.998627
417.195679, 216.233276, 260.941803, 262.260986
418.096497, 217.943008, 258.525208, 257.501373
407.468475, 205.235275, 273.225952, 277.127258
411.447418, 205.006439, 265.248016, 271.649841
412.533936, 206.452850, 267.761688, 270.260254
409.630249, 202.436951, 270.473389, 278.168365
410.914642, 206.347046, 263.090027, 263.672516
411.572510, 211.827850, 260.218109, 259.008240
400.858337, 201.857544, 275.412170, 272.630676
396.763367, 201.244232, 278.191132, 273.186829
400.390961, 198.603455, 276.208496, 272.762543
399.122437, 202.162796, 270.210480, 268.148682
393.208252, 195.226273, 274.684662, 277.139954
390.060303, 197.283112, 273.165100, 275.038055
390.774597, 195.203354, 274.928497, 277.644714
390.200500, 196.519012, 270.750214, 276.048248
398.615997, 196.152985, 263.767700, 274.485596
392.181488, 198.558685, 265.628906, 270.532471
396.245392, 196.695526, 264.495270, 269.281677
396.425476, 196.303986, 262.875519, 270.518738
389.998108, 192.181915, 271.560303, 279.822937
390.482025, 191.977768, 270.338318, 279.624084
390.631104, 189.577332, 272.809143, 291.979889
393.440216, 198.017395, 264.590454, 271.806702
394.818695, 192.021393, 264.381897, 276.277039
401.813751, 191.383743, 260.657562, 271.455811
403.374664, 190.457764, 272.553101, 283.374176
423.947327, 202.903198, 246.695663, 249.601593
418.367249, 201.426758, 252.295715, 256.955231
411.533173, 194.834503, 263.984711, 274.471344
415.463043, 193.501450, 274.899323, 277.272827
428.155945, 193.418152, 270.871460, 264.628632
424.715759, 200.412415, 260.117096, 256.556488
429.805695, 198.684723, 257.945007, 260.937592
446.577881, 210.394714, 245.814194, 249.914658
447.709991, 210.822784, 247.361115, 255.455811
449.936493, 211.141937, 246.895020, 257.558929
447.626068, 209.560181, 250.237518, 256.596802
440.872345, 206.764435, 255.119644, 259.796967
429.949768, 200.474670, 258.518768, 266.612946
421.704956, 194.393341, 264.430634, 272.369293
421.069000, 194.403305, 257.784302, 260.252258
414.334961, 194.744415, 268.744019, 265.783264
406.086365, 183.810699, 268.633270, 282.755127
400.687836, 185.346893, 268.604034, 281.405731
394.518341, 199.387024, 268.067474, 265.020538
390.415466, 194.534271, 266.476624, 261.643555
375.120819, 192.156631, 272.056366, 271.330078
373.333038, 198.890503, 266.446320, 271.848389
371.266266, 213.642517, 274.780243, 256.606689
370.213745, 212.962494, 267.916840, 249.781464
374.204346, 224.208176, 256.731628, 231.329178
373.990082, 212.328415, 276.078918, 255.829437
382.797363, 211.697815, 259.355957, 248.355301
370.229675, 198.691010, 268.963348, 264.230011
379.269928, 200.643005, 268.538513, 261.709351
380.616486, 209.957657, 269.729340, 250.701019
386.428070, 199.821396, 261.528351, 268.162628
397.500702, 204.307816, 258.690460, 264.218140
403.154114, 204.903137, 263.028870, 266.206726
412.005798, 209.692978, 255.267044, 254.602097
413.614044, 203.754456, 261.484436, 261.152313
425.738037, 208.142029, 248.491074, 249.148193
417.145477, 206.273834, 258.582397, 260.216888
424.145294, 204.876892, 258.914337, 259.610138
422.129883, 196.530945, 266.299805, 269.111877
431.142853, 202.952454, 254.740097, 262.075958
429.623718, 205.804352, 259.054230, 263.104156
429.214172, 201.777130, 265.563934, 263.103180
431.448425, 206.269470, 261.523132, 273.167999
430.017578, 209.172058, 267.415985, 263.210175
433.586273, 205.358673, 262.585052, 270.022827
431.234253, 199.674805, 264.940338, 265.964478
425.506561, 198.639130, 265.383545, 269.341797
430.807587, 196.805817, 251.459686, 258.805756
427.897278, 198.301147, 255.134048, 265.722961
427.309814, 202.396545, 254.572525, 253.441376
427.687836, 209.669830, 257.248474, 254.912003
423.220093, 204.357025, 261.392120, 265.152466
424.858154, 204.800049, 260.485260, 261.038727
424.311432, 204.778473, 260.701996, 262.336761
423.425995, 202.631912, 262.189880, 263.598450
418.207123, 201.008514, 266.305481, 270.698669
418.914703, 197.967819, 263.523499, 267.237000
410.223114, 203.854431, 287.878448, 269.815308
418.259277, 202.987091, 260.433655, 260.918610
415.692993, 198.861084, 261.751282, 261.801422
