73.118805, 78.737617, 309.581818, 301.335297
73.342972, 78.685005, 308.994476, 301.360352
73.057381, 78.701164, 309.184814, 301.471588
65.855484, 67.273552, 315.871429, 303.443848
65.630302, 66.805191, 317.026794, 304.093781
65.760437, 67.229744, 316.046387, 303.565308
69.590546, 54.484024, 328.386475, 319.723083
69.502853, 54.496506, 328.285400, 319.616364
69.519470, 54.618423, 328.155090, 319.581116
80.487564, 53.396332, 324.773193, 304.669281
80.568130, 55.005291, 324.729950, 302.623230
80.507538, 53.435505, 324.637787, 304.426788
87.186005, 55.771935, 319.325592, 294.722961
87.109169, 55.621468, 319.505310, 294.833740
87.204926, 55.647259, 319.464050, 294.857361
110.849312, 39.076378, 323.989838, 284.387787
111.723244, 39.959866, 323.359344, 284.028809
110.721497, 38.897182, 323.924011, 284.427979
107.891579, 38.974644, 326.051941, 283.968170
110.667038, 40.252743, 325.426514, 283.589905
110.287086, 39.999687, 325.091248, 283.294525
118.035332, 41.360065, 322.607239, 277.237427
116.046700, 38.219692, 325.863525, 281.156982
114.258308, 37.761959, 326.579865, 282.105225
116.909317, 34.550224, 330.847992, 289.152222
117.877457, 35.032639, 329.031891, 288.606659
117.910370, 34.955154, 328.994934, 288.708893
116.210625, 31.785522, 326.125702, 286.329681
116.064697, 30.829746, 326.266846, 287.535187
116.164413, 30.869007, 326.208221, 287.391144
115.101624, 44.863762, 323.790131, 281.942047
115.094727, 44.645264, 323.907806, 281.975403
113.833672, 44.164219, 326.223755, 282.192322
119.156158, 42.468906, 320.140167, 281.607269
118.964050, 42.532204, 320.070404, 281.571625
118.849815, 42.472534, 320.276520, 281.696442
112.158600, 41.845478, 331.180023, 289.831024
112.185204, 41.909389, 330.885162, 289.531555
112.204384, 41.823311, 330.838531, 289.492035
108.523987, 43.772751, 330.371826, 288.338623
109.842148, 44.622475, 329.315826, 287.812683
109.130814, 44.295395, 329.685730, 287.774994
114.759598, 47.829155, 321.060608, 280.125549
114.873383, 47.928825, 321.020721, 279.896240
113.466347, 47.198357, 321.754761, 281.336090
110.875565, 47.519279, 322.177643, 286.499542
111.842468, 46.802364, 322.209351, 286.951477
111.625977, 46.715763, 322.291656, 287.126740
110.778809, 48.177612, 320.886261, 285.776947
111.151016, 48.480125, 320.215485, 285.265533
110.638107, 48.052944, 321.041168, 285.880463
109.438492, 54.013283, 325.447266, 288.525024
110.495773, 54.566574, 325.083740, 288.162262
110.267166, 54.655537, 325.815857, 287.982086
96.114426, 49.939148, 321.751312, 295.353821
96.412590, 48.187572, 322.316345, 295.704987
96.372841, 48.203552, 322.298645, 295.741272
88.753822, 59.609844, 321.932434, 287.118439
89.874886, 60.730091, 320.358643, 285.477051
89.241631, 59.940521, 321.783752, 286.671509
78.728485, 55.219833, 328.841553, 290.363434
78.545349, 55.346664, 329.426514, 290.305664
78.523407, 55.325714, 329.490479, 290.342743
75.755905, 66.160828, 325.080383, 299.989471
76.172417, 64.363808, 323.603210, 302.896973
76.171616, 64.385193, 323.643555, 302.909576
70.348808, 69.234787, 322.656860, 315.875885
70.297989, 69.240761, 322.711639, 315.778809
69.757385, 69.126678, 323.376801, 316.718475
66.780945, 79.772911, 309.522675, 306.903992
66.826248, 79.797188, 309.495697, 306.755707
66.893753, 79.915840, 309.461609, 306.767548
53.697159, 88.612122, 311.792450, 295.991089
53.990467, 88.387146, 311.548035, 295.907715
54.031792, 88.376022, 311.546204, 295.892639
36.260513, 91.305344, 320.411957, 310.716614
36.017975, 91.381363, 320.218536, 311.901215
36.219711, 91.365944, 320.533142, 310.824463
30.411514, 73.879379, 319.124847, 320.840790
30.370344, 73.955170, 319.121216, 320.802032
31.474758, 74.368233, 317.875549, 320.444458
19.991207, 85.855003, 314.230164, 303.938263
18.923382, 86.633606, 316.736847, 305.929443
18.819412, 86.570732, 316.642853, 306.411713
19.400558, 82.881409, 306.205872, 302.914368
18.754704, 84.653671, 307.629578, 306.425842
18.804638, 84.864990, 307.718872, 305.827148
8.070766, 89.728500, 309.922516, 296.883148
8.034747, 91.096725, 310.611572, 295.911133
8.086405, 91.140129, 310.720947, 295.950073
12.030031, 73.664192, 302.225555, 295.236511
9.344511, 72.949097, 303.264618, 295.449158
9.300425, 72.961151, 303.314484, 295.471100
0.965653, 74.115532, 306.921814, 296.320679
0.968663, 73.667450, 306.531219, 296.022095
0.982367, 74.280441, 307.080688, 296.304199
-2.917184, 71.393967, 302.854980, 302.449799
-2.876265, 71.792297, 302.479736, 302.604614
-2.979180, 71.738586, 302.570313, 302.610687
-3.887590, 82.167236, 297.786163, 295.374634
-3.993125, 81.763870, 297.947021, 295.667908
-3.893035, 81.771858, 297.837860, 295.520630
-10.384600, 72.667953, 328.510681, 307.221405
-10.228556, 72.904465, 328.325562, 307.392426
-10.210272, 72.917038, 328.275085, 307.373810
-0.997632, 67.315475, 303.757996, 302.178101
-0.877546, 67.274246, 303.710907, 302.306854
-0.922220, 67.342712, 303.688812, 302.248810
-0.034616, 65.960938, 305.316925, 300.692993
-0.019827, 66.980621, 305.298218, 299.132965
0.252001, 66.939064, 305.046692, 298.894196
2.847896, 71.149925, 302.308411, 292.816223
3.075161, 71.319809, 301.883972, 292.613861
3.046726, 71.321854, 301.917664, 292.543030
5.911316, 70.123245, 298.199219, 288.569794
5.933635, 68.700439, 298.201965, 287.651428
5.865892, 68.614265, 298.430542, 287.890198
11.054707, 62.753387, 308.681335, 296.896729
12.163718, 64.531555, 308.598022, 293.241974
11.101593, 63.010872, 307.715271, 296.216675
21.146980, 62.281490, 301.836090, 289.668091
21.187057, 62.413235, 301.453461, 289.467590
21.018650, 62.315712, 301.008606, 289.684357
25.570690, 61.663422, 304.405823, 295.794617
24.624578, 61.520447, 307.210999, 298.530273
25.449497, 61.266048, 307.599701, 298.694946
29.460926, 47.617123, 320.119019, 299.167511
29.597202, 48.791447, 319.023499, 299.488739
29.263208, 47.607529, 320.920746, 299.350403
45.489956, 50.745544, 302.618774, 293.524689
45.701283, 50.891266, 302.389832, 293.389771
45.268742, 50.658665, 302.366333, 293.251801
38.906929, 38.116554, 323.906830, 299.372955
38.951454, 38.208435, 323.838135, 299.230835
40.909668, 39.854042, 322.981567, 298.809784
55.984421, 53.168320, 316.285461, 301.785919
55.328098, 53.504219, 316.966095, 303.568726
54.952351, 53.274857, 317.997437, 299.011719
52.380619, 45.049824, 333.649719, 314.253662
52.242096, 44.914513, 333.785858, 314.374969
52.793140, 45.439640, 331.682770, 314.026886
80.372650, 46.781395, 317.771729, 317.078918
80.755920, 46.838329, 317.202972, 316.708252
80.567940, 46.895309, 317.468475, 316.660706
81.396187, 44.152863, 318.517181, 311.936432
80.312408, 44.746567, 319.245880, 312.649384
82.947365, 45.795380, 316.193787, 311.097321
73.300858, 41.500641, 328.947296, 315.765839
74.520340, 42.783577, 327.926056, 313.560272
74.015053, 42.912724, 327.587128, 313.421234
69.302338, 41.701733, 327.467194, 314.413666
69.202988, 41.640060, 327.361023, 314.493713
69.226463, 41.690655, 327.373352, 314.413025
81.284134, 51.691563, 311.311279, 299.219543
82.269943, 52.836109, 309.497009, 298.021851
83.395187, 53.615295, 307.909058, 297.247253
82.865105, 62.520065, 308.213135, 289.524536
82.790932, 62.489429, 308.328583, 289.490417
82.801537, 62.479916, 308.318604, 289.462372
96.379211, 70.827156, 313.852936, 301.823669
97.388893, 71.941460, 312.574768, 300.689026
86.803955, 67.176460, 324.338715, 309.825653
101.155579, 72.880432, 313.977661, 303.955261
101.541626, 73.082359, 314.074127, 303.657227
101.756943, 72.220070, 313.470398, 303.470917
104.241669, 69.754074, 314.998199, 295.371002
104.113403, 69.456253, 314.680023, 295.648987
104.143402, 69.513397, 314.609863, 295.493683
104.159439, 67.128036, 314.891449, 295.107422
104.333694, 67.032433, 314.816833, 294.804047
104.348404, 67.125702, 314.827423, 294.780304
95.769272, 67.574463, 311.755402, 298.673401
94.653206, 67.808067, 312.403564, 298.371674
96.216072, 68.017059, 311.015778, 297.064575
96.025864, 69.249725, 309.837189, 293.640381
95.904648, 69.167099, 309.851318, 293.617554
96.022850, 69.125412, 309.798950, 293.477264
85.617447, 71.403000, 313.515289, 294.665649
85.230614, 71.618790, 313.187500, 294.848511
85.284996, 71.605568, 313.144928, 294.853119
84.660797, 65.961220, 318.003845, 295.508759
79.353004, 65.873779, 323.725525, 298.398560
79.373695, 65.859039, 323.754700, 298.374298
94.942421, 72.908081, 308.348724, 291.038208
95.133820, 72.979912, 308.141815, 290.954742
95.148865, 72.947586, 308.147980, 291.038605
95.384949, 71.044281, 309.240234, 293.517944
95.436142, 71.030716, 309.248840, 293.450562
95.365364, 71.068336, 309.264526, 293.454224
96.768509, 65.475922, 306.873169, 291.099915
97.099144, 65.785461, 306.562653, 290.395020
97.129616, 65.818863, 306.547150, 290.415466
89.069771, 58.256508, 311.728455, 307.103821
88.686287, 58.735298, 310.460999, 305.469299
88.755798, 58.721455, 310.436462, 305.471069
81.035133, 44.115711, 328.385223, 314.427887
82.609955, 47.480740, 324.567719, 311.897217
79.571045, 42.077049, 329.312592, 319.668762
85.858452, 42.189026, 325.089691, 310.679291
85.773666, 42.038860, 325.001343, 310.816559
85.826302, 42.116581, 324.780762, 310.724091
74.908974, 44.128117, 331.415436, 310.685669
75.012032, 44.020016, 331.183929, 310.605988
75.715195, 44.431820, 330.682007, 309.715851
82.461189, 39.051125, 325.518707, 306.420593
82.002350, 38.576794, 326.066559, 306.622894
82.085594, 38.773586, 326.040222, 306.719208
78.224007, 43.015030, 320.625763, 307.523773
76.606407, 42.720192, 321.555450, 309.275635
76.635574, 42.689598, 321.589752, 309.094696
71.330360, 40.254036, 322.794312, 306.219391
70.185501, 40.112404, 325.923187, 305.879333
70.161484, 40.053547, 325.949921, 305.920837
65.220207, 39.028965, 320.064026, 305.749390
65.096069, 39.758965, 319.655884, 305.602325
65.282585, 39.164833, 319.913086, 305.655426
50.212860, 44.578739, 324.200409, 300.115356
49.979977, 44.595322, 324.272949, 300.046295
50.105137, 44.638588, 324.179993, 300.027740
38.442310, 39.888680, 327.379822, 307.910919
38.695366, 39.701309, 327.016571, 308.035034
38.709526, 39.781586, 326.947083, 307.956573
41.323181, 43.243538, 317.447693, 302.325134
38.234097, 41.398926, 321.680908, 305.320770
38.241074, 41.407005, 321.700256, 305.417725
23.629753, 55.390125, 314.369446, 298.361725
23.809349, 55.660297, 314.230347, 297.957336
23.829243, 55.671181, 314.219086, 297.974762
23.344551, 56.810738, 310.227509, 295.777466
23.505657, 56.649216, 310.638123, 295.341797
23.498735, 56.614418, 310.655884, 295.355927
6.298645, 59.606178, 302.946167, 292.413757
6.448982, 59.931992, 302.895782, 291.075958
6.351413, 59.938133, 302.894836, 291.206848
2.340787, 57.320171, 309.485626, 296.205109
2.656980, 58.112186, 309.064972, 295.293060
2.161695, 57.732330, 309.536530, 295.530457
0.137578, 68.242508, 299.301697, 289.071625
0.152050, 68.176636, 299.217743, 288.971069
0.156901, 68.170876, 299.224762, 288.953552
9.111343, 69.880913, 297.352783, 287.611633
9.474626, 69.760902, 296.892151, 288.572205
9.582543, 69.792679, 296.807098, 288.575439
11.907802, 65.740128, 299.446869, 292.626190
13.998684, 66.429901, 298.366089, 291.181091
14.085196, 66.428497, 298.308136, 291.180481
22.288612, 67.636887, 298.146210, 289.034302
22.345325, 67.634781, 298.105804, 288.959686
22.249624, 67.583397, 298.216217, 289.000488
28.648287, 66.323814, 300.697601, 282.207642
28.605299, 66.333969, 300.643036, 282.168793
28.606796, 66.359947, 300.651611, 282.114624
39.767334, 64.626144, 302.321381, 282.889374
39.792225, 64.582352, 302.302032, 282.862549
39.782825, 64.586250, 302.314056, 282.862427
55.516090, 59.012589, 323.074493, 296.894592
55.181267, 59.671227, 324.062225, 297.167999
55.147747, 59.627274, 324.004120, 297.061157
60.939404, 66.566940, 313.472473, 295.890930
61.055008, 66.621826, 313.450867, 296.223053
61.067719, 66.555603, 313.459686, 296.201752
80.708839, 68.466339, 320.730774, 299.389709
80.771088, 68.443954, 320.930603, 299.387665
80.689941, 68.478043, 320.894470, 299.274170
73.093567, 72.909050, 323.763214, 297.128052
72.616203, 73.117119, 324.360199, 296.398438
74.256325, 72.580688, 322.782013, 297.629852
65.339676, 64.792618, 333.392548, 305.623352
65.274796, 65.103981, 333.445313, 305.988281
65.345406, 65.129761, 333.402039, 305.893555
74.589508, 66.268883, 321.053925, 290.452393
74.942650, 66.211365, 321.421783, 291.023956
74.411774, 66.518044, 320.792114, 290.138123
64.016945, 71.331978, 326.723969, 295.082764
64.061928, 71.217651, 326.754578, 295.095306
63.925133, 71.199631, 326.830688, 295.060242
52.502869, 68.074043, 333.559814, 307.126648
52.096855, 68.413506, 333.629517, 306.372681
52.690750, 68.393692, 332.712677, 306.407532
56.393585, 57.954399, 335.314453, 298.877106
54.588902, 58.335720, 336.710144, 298.718933
54.573330, 58.343880, 336.650909, 298.694427
49.555206, 52.546425, 337.779572, 310.324554
49.644844, 52.245003, 338.510040, 310.005524
49.652912, 52.268913, 338.475708, 309.936615
47.089275, 45.681232, 328.840790, 304.415283
46.907997, 45.150227, 330.044983, 304.773834
46.948589, 45.217808, 329.934998, 304.679718
40.924690, 48.543697, 338.132538, 297.029633
40.038456, 48.906143, 339.132233, 297.266174
41.051067, 48.444183, 338.101349, 297.232422
62.206257, 56.025463, 315.148132, 284.381622
61.275059, 55.858028, 316.603027, 286.268311
61.313305, 55.849380, 316.551422, 286.255585
65.113068, 52.206615, 318.632996, 290.345947
62.950539, 52.218269, 321.857758, 292.263397
62.951439, 52.189163, 321.873169, 292.379761
68.690170, 52.090107, 321.186615, 287.219666
69.322464, 52.566944, 320.378326, 287.351898
68.718689, 52.419289, 321.692169, 287.354584
73.111275, 50.512749, 323.126404, 285.593079
72.880234, 50.489391, 323.358459, 285.640808
72.882675, 50.526615, 323.317841, 285.641510
71.076149, 45.461540, 331.446686, 291.302521
71.130730, 45.487919, 331.427124, 291.259430
71.127823, 45.483311, 331.459503, 291.287384
86.592796, 39.480618, 318.869141, 300.157227
84.788696, 37.982109, 321.157166, 303.639954
83.940468, 36.946548, 322.088318, 303.413330
92.085457, 39.851391, 323.901581, 310.098389
90.136925, 40.658573, 325.966858, 310.349274
90.140907, 40.669273, 325.981750, 310.364075
108.407310, 42.298752, 318.343140, 305.272064
106.420326, 41.290688, 320.830322, 306.706024
106.393600, 41.291862, 320.849304, 306.727203
112.038872, 49.227589, 318.705414, 302.989288
113.560684, 50.055489, 317.524353, 301.511536
111.099068, 47.918327, 320.705078, 304.187286
126.127991, 50.514496, 303.741852, 295.928345
125.590187, 53.798279, 302.782776, 292.553162
126.882866, 52.025093, 302.200043, 296.004120
116.112984, 56.357986, 313.851929, 300.416473
115.040451, 54.781723, 316.820557, 301.338257
115.088699, 54.832893, 316.683167, 301.319275
120.845154, 59.800911, 309.559174, 292.863403
121.805901, 59.338829, 308.412292, 293.031830
121.169060, 60.099426, 309.125427, 292.324707
108.643272, 55.796341, 316.592072, 297.202545
108.705139, 55.837975, 316.639618, 297.447662
108.664162, 55.872944, 316.668365, 297.474060
89.841286, 55.805904, 325.460785, 301.939209
89.954216, 55.848255, 325.227173, 301.915833
90.066467, 55.932255, 325.075043, 301.840637
102.022011, 45.070053, 308.288116, 300.544067
101.973236, 45.061649, 308.280914, 300.638428
102.019974, 44.973248, 308.307587, 300.715607
97.079544, 47.159447, 306.920441, 299.365936
96.949471, 46.552608, 306.930206, 299.755676
97.404541, 47.903687, 307.147156, 302.055206
92.311172, 45.000305, 300.177582, 298.260834
93.933640, 45.996407, 299.018982, 298.716400
92.250526, 44.970200, 300.252380, 298.154785
91.125252, 41.522549, 300.089630, 296.160339
89.448723, 40.515759, 302.037354, 297.523926
89.822357, 41.114410, 301.054260, 297.084503
87.509003, 42.587334, 301.732635, 297.633667
86.067200, 40.716099, 304.281006, 297.784027
85.073151, 40.123260, 305.537354, 300.056061
84.212616, 39.651390, 305.441711, 299.778717
84.139282, 39.552216, 305.619781, 299.971771
84.065720, 39.432655, 305.598907, 299.966339
66.346588, 45.200436, 321.526276, 302.723541
78.749962, 46.232338, 314.490540, 306.820984
78.661545, 46.213440, 314.603638, 306.810455
65.510735, 45.524677, 319.716888, 304.916779
69.051468, 48.991570, 315.684082, 301.854767
67.726906, 48.433624, 317.626312, 303.074921
68.263779, 44.887363, 313.986786, 300.343811
67.106277, 44.502106, 315.110687, 300.139343
67.105217, 44.491554, 315.121765, 300.134064
65.962799, 49.449329, 311.500732, 297.155304
64.718384, 49.016708, 312.858215, 296.537689
64.707253, 49.059280, 312.853882, 296.537445
72.821922, 44.448395, 303.255554, 291.912170
72.880455, 44.290905, 302.584381, 292.038025
72.838058, 44.396427, 302.693939, 292.183594
70.898369, 46.537800, 304.770264, 288.719421
70.818542, 46.503902, 304.788177, 288.788605
70.115402, 47.020264, 305.977203, 289.477692
69.940491, 45.062973, 315.850281, 295.268982
73.967903, 43.230961, 311.938629, 296.452606
69.909447, 45.071918, 315.921844, 295.270020
86.147911, 40.521614, 313.607697, 298.430908
86.105095, 40.517921, 313.645569, 298.459808
86.293602, 40.798466, 313.136780, 298.185516
91.608292, 47.416878, 320.344238, 303.942017
91.674385, 47.369343, 320.489960, 304.176758
91.702675, 47.426197, 320.353973, 304.006592
83.413696, 42.354301, 334.285706, 316.392853
82.713921, 41.827126, 335.193939, 317.763580
82.829643, 41.985035, 335.089020, 317.707764
84.484543, 53.211426, 317.477173, 305.259644
84.205978, 53.130379, 317.910339, 305.615448
84.081474, 53.057304, 318.039124, 305.774811
82.232567, 52.733238, 318.248810, 306.582916
85.280327, 52.580807, 315.859039, 305.750671
85.254379, 52.641701, 315.898102, 305.832153
78.238441, 47.569168, 323.396149, 301.900330
80.048096, 46.709728, 322.175690, 302.718597
78.031471, 47.161102, 323.472687, 302.542114
88.998535, 44.377529, 318.825470, 306.541351
89.987808, 44.548473, 319.079193, 307.363434
89.983002, 44.516411, 319.067139, 307.338989
79.093437, 47.828461, 326.515045, 302.745514
85.117126, 40.819561, 334.594360, 310.921478
84.791702, 39.764805, 335.197449, 312.298096
79.103508, 48.638538, 325.922607, 306.186676
78.304329, 48.744873, 326.557739, 307.754395
78.063950, 47.044586, 327.081268, 308.799103
82.076942, 42.217087, 326.847687, 311.896820
81.956955, 42.258511, 326.964111, 312.128906
82.232224, 42.291168, 326.757599, 311.886383
73.641228, 43.025673, 325.878510, 305.548035
73.099976, 44.650677, 325.988037, 303.808533
73.687431, 44.917641, 326.526764, 303.835358
79.821953, 41.236301, 309.848969, 302.464905
80.771126, 41.744797, 308.863159, 303.388519
80.887253, 41.753498, 308.670471, 303.279755
55.736404, 42.411648, 325.951691, 309.508179
54.918091, 41.518776, 325.611328, 308.722687
54.943130, 41.457047, 325.669250, 308.794891
51.988865, 42.690674, 304.479401, 297.720184
51.005047, 42.764664, 306.174133, 298.238708
50.973057, 42.776146, 306.225372, 298.301392
32.679222, 41.804829, 314.940186, 294.375366
32.140232, 41.451408, 314.726501, 294.077759
32.781891, 41.830406, 314.931366, 294.451630
21.303986, 19.086060, 333.025574, 294.461914
21.832600, 17.473656, 332.012817, 296.151459
20.784962, 17.424889, 333.833710, 296.553101
15.711448, 29.893433, 314.088257, 283.585754
18.052803, 33.896236, 309.481812, 279.472504
15.982728, 28.036263, 314.629333, 285.789612
4.980738, 23.409187, 323.610016, 294.760956
6.528543, 23.552132, 320.330627, 291.267334
5.891623, 23.827408, 320.431366, 292.885315
8.155689, 30.410034, 312.489044, 286.817810
6.463877, 31.614861, 311.037598, 287.058044
7.367002, 31.207653, 310.623016, 287.141357
4.832047, 29.750137, 300.363586, 279.705902
4.704104, 29.595104, 300.498016, 279.715546
4.727900, 29.630703, 300.441650, 279.683472
3.995288, 36.329842, 300.316254, 287.893005
4.184741, 36.581711, 300.068909, 287.672882
4.076051, 36.579945, 300.179932, 287.761749
-2.960662, 36.747101, 308.101105, 288.116730
-2.759241, 37.338871, 307.627838, 288.060608
-3.780133, 35.242195, 309.604004, 288.232147
-7.691109, 41.205872, 304.354401, 284.947174
-7.976765, 40.900208, 303.807770, 283.882019
-7.890048, 40.946243, 303.804504, 283.865021
1.989166, 64.082596, 301.314301, 292.207794
2.404234, 64.286758, 302.608276, 292.882660
2.426536, 64.324226, 302.556641, 292.872406
1.807300, 74.622688, 298.528961, 284.624908
1.653051, 74.546524, 298.738708, 284.810577
1.211320, 74.715744, 298.608063, 284.344696
3.538903, 73.128044, 310.238037, 292.540283
3.538252, 73.059402, 310.330811, 292.635223
2.498949, 73.280258, 309.341125, 291.959564
4.102300, 74.575172, 301.316803, 284.956329
2.731366, 74.619614, 303.282654, 286.350128
3.571602, 74.321205, 302.815948, 286.478607
-6.388801, 65.304367, 305.727753, 300.284821
-6.161803, 65.305679, 305.691071, 300.026276
-6.064380, 65.694153, 305.901031, 300.051605
-7.490565, 70.322525, 299.620331, 283.428040
-8.676191, 71.246506, 300.295959, 282.384583
-8.579046, 71.859390, 300.057098, 281.750641
-0.565386, 44.554169, 306.152954, 291.580841
-1.170189, 44.004074, 306.502380, 292.813232
-1.186295, 43.966843, 306.536530, 292.852814
0.416533, 36.284813, 299.673187, 286.931641
0.465406, 36.393585, 299.561737, 286.813110
0.478141, 36.348022, 299.576172, 286.816925
-0.866316, 26.785343, 308.606049, 281.556824
2.731129, 27.560966, 304.410522, 281.985870
2.910530, 27.627224, 304.223663, 281.959808
-0.235876, 29.426895, 307.981964, 279.044006
-0.313348, 28.812675, 308.867432, 278.639618
-0.319684, 28.798157, 308.930420, 278.622467
15.388274, 25.069016, 313.774780, 271.963104
15.468654, 25.133492, 313.690582, 271.763184
15.454748, 25.092003, 313.733459, 271.791290
16.683689, 25.921799, 316.280823, 277.091003
16.848064, 25.882813, 316.073364, 277.043274
15.494473, 25.646362, 317.160889, 278.038055
31.990646, 51.187103, 308.011536, 273.361328
32.051231, 51.198654, 307.940582, 274.035370
31.890003, 51.219616, 307.965118, 273.289551
38.195412, 58.838577, 316.140747, 277.583099
38.160370, 58.826340, 316.155457, 277.429016
38.125179, 58.801048, 316.144318, 277.486908
59.738861, 61.169243, 322.045654, 282.139191
59.379265, 61.021614, 320.670959, 281.639862
59.428143, 60.822151, 321.365723, 281.269348
67.090134, 59.835793, 338.143951, 300.797546
67.535980, 59.656250, 337.498291, 300.838470
67.613731, 59.667084, 337.416107, 300.785980
75.860016, 62.653862, 321.039764, 296.465637
74.882423, 62.880974, 322.524384, 298.857666
74.889938, 62.762085, 322.652710, 298.958740
67.017647, 52.122738, 340.030579, 316.992920
66.956924, 52.133781, 340.184418, 317.112915
66.905777, 52.055363, 340.264954, 317.184540
70.159271, 54.502182, 338.907166, 300.943573
69.762634, 51.296974, 338.777466, 304.664032
69.562386, 52.625679, 339.747192, 304.287933
75.924904, 47.113167, 330.187775, 299.699646
75.566040, 46.897804, 330.313293, 299.645142
72.707497, 50.066643, 340.666016, 291.614685
73.221428, 50.197708, 332.952911, 297.157227
74.777107, 53.938465, 333.895660, 285.263214
73.240158, 50.066410, 332.216431, 296.128479
75.389015, 51.793762, 331.213928, 300.237274
75.989693, 51.509869, 329.882721, 300.201843
76.414902, 51.070938, 329.282410, 299.360321
71.578941, 58.327221, 341.147491, 312.078979
73.488007, 64.995270, 331.876221, 293.544159
73.781723, 65.622002, 331.225525, 292.623871
67.949013, 56.726887, 343.471100, 312.080597
67.928253, 56.731873, 343.480377, 312.105804
67.907097, 56.773415, 343.483368, 311.971222
69.554764, 63.459290, 331.873962, 301.773132
69.878136, 63.561867, 330.952026, 302.183136
69.206177, 62.671844, 332.985107, 303.886780
69.017929, 67.457787, 326.406494, 298.525665
69.535652, 67.463821, 325.893829, 298.617798
68.779205, 66.770905, 328.194916, 300.101807
75.970154, 72.523636, 315.093689, 285.110687
70.739082, 65.917015, 329.797119, 305.683105
74.639664, 73.532585, 314.611328, 284.936646
73.245384, 69.766083, 326.047791, 300.856201
73.183647, 69.871597, 325.959045, 300.728271
73.138092, 69.854713, 325.996887, 300.756409
70.507736, 64.327431, 334.061462, 295.827454
69.976570, 64.118065, 333.754852, 295.488037
70.052147, 64.089615, 333.681061, 295.510132
68.072166, 56.796986, 341.548218, 304.482697
70.051605, 62.608490, 336.679565, 297.106323
68.839127, 58.890888, 340.653259, 302.142548
66.192223, 60.963913, 339.186340, 305.798950
66.666451, 58.306786, 340.128876, 309.834839
66.878342, 58.344482, 339.384796, 309.608490
66.545486, 57.883148, 340.717529, 310.386902
66.513802, 57.873283, 340.688446, 310.465149
66.564377, 57.894554, 340.574799, 310.444733
69.806961, 57.861320, 340.970642, 307.714081
77.440254, 71.011017, 308.071533, 283.266479
77.417648, 71.058762, 308.089813, 283.275360
69.239555, 57.813904, 341.939667, 310.726471
69.136551, 57.733284, 342.083893, 310.831848
69.111549, 57.777000, 342.089508, 310.788849
72.420128, 69.076294, 316.372345, 289.235229
72.753540, 64.963280, 314.060699, 293.062500
73.050026, 65.202560, 314.490692, 292.613403
61.142864, 59.688587, 348.190552, 314.949249
59.503757, 59.723328, 349.961884, 315.106110
61.151901, 59.845585, 348.037415, 314.756561
67.371033, 62.705883, 334.531097, 309.738800
67.963760, 63.053677, 333.748901, 308.608887
67.913742, 62.932701, 333.756470, 308.822235
70.190910, 65.681244, 335.697784, 317.857361
69.876122, 65.333633, 335.729126, 317.730347
69.910362, 65.334442, 335.708496, 317.785095
65.838470, 79.645828, 321.577911, 295.754883
65.963539, 67.166458, 335.479584, 315.872131
64.118713, 66.531448, 337.748871, 315.863281
67.180862, 75.850838, 324.204620, 298.425171
67.215477, 75.895073, 324.025940, 298.366669
67.902855, 75.830681, 324.647186, 298.192749
70.903290, 71.926849, 331.933777, 297.507507
72.066368, 72.426491, 331.401428, 297.590942
71.726921, 72.190430, 332.028809, 297.512848
69.791542, 72.621208, 329.918549, 295.330963
70.418571, 71.128677, 331.823120, 297.559906
70.333351, 71.097839, 331.848999, 297.556610
68.104378, 71.486893, 328.891510, 299.991791
67.568916, 71.766441, 329.116089, 299.403717
67.315422, 72.666611, 327.995239, 298.150665
70.666161, 73.049973, 330.065460, 296.048706
70.676720, 73.108521, 329.977478, 296.122437
70.130844, 72.341293, 332.040192, 297.440796
72.084152, 74.692093, 327.017120, 296.444244
72.303322, 74.579742, 325.935028, 296.477570
72.254196, 74.465363, 325.844696, 296.568115
69.141594, 74.674927, 328.057434, 291.964294
69.746445, 74.708046, 327.291565, 291.519501
69.167267, 74.661377, 328.250671, 292.076721
65.859612, 71.442604, 332.349365, 294.160034
65.876900, 71.359535, 332.425720, 294.123138
66.633095, 71.627274, 331.793610, 293.968750
63.667412, 61.378677, 343.183350, 313.991302
64.809036, 62.976883, 341.522034, 312.381378
64.801865, 63.006771, 341.524719, 312.305450
71.891464, 71.072159, 323.117645, 295.897675
72.006699, 71.096916, 322.953705, 295.122772
71.834969, 71.041306, 323.199860, 295.929626
73.026291, 74.758034, 324.440369, 293.032562
72.878128, 74.517670, 323.455841, 292.604462
72.899284, 74.551071, 323.447998, 292.595367
72.461678, 71.923218, 327.041138, 295.576263
73.657593, 71.682289, 326.019592, 296.189484
74.084503, 72.420845, 325.920929, 297.099518
76.062630, 62.609726, 338.173462, 309.435120
75.846626, 61.265518, 338.648468, 310.286621
76.040382, 62.635574, 338.299835, 309.221375
93.172226, 70.760696, 321.898041, 297.415558
93.460754, 73.264435, 321.805664, 295.265045
93.489792, 73.323029, 321.717651, 295.286224
90.869148, 74.454681, 325.182678, 297.903259
90.961853, 74.437386, 325.106415, 298.035675
90.345825, 74.849564, 325.321808, 297.945465
98.069916, 75.867111, 332.845428, 300.064575
98.272202, 76.011108, 332.652618, 299.886292
99.675636, 77.403023, 331.411713, 299.467834
94.484360, 81.349648, 327.610504, 313.525696
94.295799, 82.214722, 327.782898, 312.990112
94.729980, 81.502106, 327.417786, 313.362366
89.223396, 78.908051, 332.530762, 310.921051
89.216743, 78.968063, 332.664185, 311.127350
89.266174, 78.926109, 332.711945, 311.043396
86.943184, 88.911652, 331.864563, 303.725494
86.654877, 89.171532, 332.684998, 302.384064
87.209023, 89.103630, 331.853516, 303.250153
87.265923, 88.665207, 323.928101, 305.953918
88.469406, 89.073151, 324.913727, 305.474976
88.422386, 88.994370, 324.173920, 306.193542
88.355133, 87.411339, 320.549805, 304.747864
87.106087, 89.151794, 319.681732, 304.525848
86.415512, 89.150696, 320.479309, 304.722839
89.045670, 71.362045, 311.500671, 309.558105
89.140938, 72.878403, 311.553131, 310.208313
88.766418, 72.285210, 312.152740, 307.792938
84.209602, 86.567322, 322.978882, 304.897583
84.467293, 87.782761, 323.667145, 303.728912
84.425194, 86.668243, 323.346924, 304.965668
91.229286, 92.362160, 323.775055, 309.759003
91.480301, 91.927437, 323.097565, 310.478699
91.031372, 92.218163, 323.871307, 309.797058
89.815689, 86.163101, 323.331238, 305.060455
88.562607, 87.620407, 321.644562, 300.923553
88.566544, 87.635712, 321.628113, 300.808807
90.226242, 85.414436, 326.684692, 310.808136
90.784492, 85.268234, 325.406494, 310.864960
76.883537, 84.303131, 331.008545, 317.191742
76.542114, 81.514221, 333.114685, 300.516327
76.451180, 81.384964, 334.108704, 300.810089
76.483543, 81.450058, 334.069672, 300.723236
69.866020, 81.533844, 324.190308, 300.269562
69.846039, 81.446938, 324.177612, 300.292511
69.661491, 81.376350, 324.247284, 300.487061
71.467316, 80.448898, 325.637421, 297.437164
71.628967, 80.714737, 325.490295, 296.744263
71.995407, 80.800385, 324.851288, 296.871185
68.449181, 73.533852, 323.544464, 311.491791
70.488419, 75.887985, 322.522369, 308.477509
70.490776, 75.892570, 322.580322, 308.466827
69.731796, 74.690498, 327.505768, 309.473297
69.710983, 74.883636, 327.894104, 310.412231
69.766380, 74.925583, 327.799103, 310.301056
69.805740, 78.543671, 324.588715, 300.778595
69.197678, 77.646683, 325.959961, 303.283295
70.158279, 78.260864, 324.616669, 299.164246
73.067284, 78.773224, 321.143829, 296.628113
71.080086, 77.736771, 322.909729, 297.083832
71.190033, 77.905151, 322.710968, 296.843445
67.935982, 80.897888, 326.012878, 313.933655
67.960655, 80.885254, 326.077301, 314.013336
68.046051, 80.989609, 326.067047, 313.949554
73.089828, 83.722565, 316.095245, 299.054779
73.267365, 83.777466, 315.937683, 299.002625
72.504265, 83.900070, 316.892792, 301.669006
68.952026, 74.348122, 321.157379, 309.068481
69.509804, 74.820320, 320.653137, 309.049469
69.521538, 74.763916, 320.627258, 309.074738
60.598103, 64.804886, 332.145508, 308.489990
60.222790, 64.471352, 332.052673, 309.146729
60.194862, 64.501671, 332.110962, 309.256134
71.787399, 66.417068, 322.417511, 301.106293
71.734627, 66.389954, 322.215424, 301.188232
71.768463, 66.332336, 322.428772, 301.293549
57.534256, 63.929119, 326.359833, 298.963776
57.688538, 64.006088, 326.039093, 298.832733
57.765934, 64.026581, 326.021698, 298.834625
50.499882, 58.102821, 322.033936, 287.812195
48.604801, 56.852806, 332.462097, 295.226410
50.703270, 57.126709, 322.762939, 288.485229
44.077244, 51.653229, 339.789795, 298.238220
43.460770, 52.018448, 338.621552, 297.241211
43.681496, 51.869240, 339.362061, 297.579773
43.159805, 48.594383, 337.009796, 301.212921
42.871952, 49.720131, 337.770355, 301.350128
43.164886, 48.775696, 337.413879, 301.532166
33.607956, 51.032772, 338.374939, 298.128418
34.011410, 51.105545, 337.979950, 298.330383
34.011707, 51.140129, 337.966125, 298.298096
35.493908, 53.224430, 341.148621, 303.709106
37.435654, 52.659611, 337.868469, 303.131866
38.027393, 53.276077, 336.941162, 301.781097
51.175606, 58.344975, 322.096100, 282.397247
50.527618, 58.388184, 321.038391, 281.710480
51.195950, 58.416271, 320.650635, 282.038452
51.757065, 59.830200, 316.478760, 277.886963
51.724091, 59.473347, 316.125031, 277.375244
51.734211, 59.455101, 316.080414, 277.505402
52.197056, 62.343285, 314.127441, 277.202057
51.325806, 61.168167, 315.651855, 278.179260
52.170570, 62.230846, 314.208893, 277.206451
50.543762, 58.312866, 318.044983, 289.637512
50.847469, 63.458263, 316.611847, 284.324005
50.037617, 63.984825, 316.413879, 284.593018
49.315296, 57.199425, 317.569000, 290.293884
49.296753, 57.198536, 317.553925, 290.254242
49.299374, 57.194611, 317.511322, 290.242249
43.258648, 53.870296, 332.728546, 302.102600
43.409195, 53.990002, 332.611725, 302.048981
43.398972, 54.083374, 332.652618, 302.065125
44.703094, 59.385582, 332.355560, 302.887451
44.465889, 59.444191, 333.132446, 302.678406
44.733757, 59.129227, 332.467590, 303.167847
49.944534, 51.197277, 317.252136, 289.779205
49.881901, 51.219887, 317.232605, 289.545258
48.243744, 51.151360, 316.152405, 289.992462
48.341148, 53.461437, 320.428833, 289.704163
48.636868, 52.621235, 316.361725, 288.448975
48.600700, 52.389725, 316.184875, 288.923584
46.647903, 61.886513, 318.564819, 286.363434
47.873615, 61.339054, 319.477600, 287.164886
47.848320, 61.303711, 319.590698, 287.232880
47.662365, 56.452164, 322.319977, 292.636383
48.166607, 58.286140, 322.080963, 291.394653
48.188797, 58.288773, 322.007690, 291.468292
50.582962, 67.852142, 323.262878, 290.407928
49.731983, 67.281204, 324.066376, 290.177612
49.761120, 67.242950, 324.044189, 290.250946
50.911732, 66.063957, 321.842316, 289.874603
51.129364, 66.833183, 321.161072, 288.830414
51.644608, 67.047379, 320.318848, 288.759430
49.837540, 71.983887, 320.199615, 282.924042
51.510429, 73.896126, 318.605713, 281.938538
51.450092, 73.860840, 318.611908, 281.946869
50.126720, 70.364731, 318.699280, 282.510376
50.196201, 70.458839, 318.550781, 282.264709
50.056606, 72.104729, 318.014587, 280.943848
43.682228, 57.999359, 335.215576, 299.109039
43.586468, 60.313709, 334.501923, 303.387329
43.558846, 60.308495, 334.554260, 303.444763
45.562920, 58.035667, 336.650116, 309.674744
47.229992, 56.520020, 336.163818, 311.263641
47.246037, 56.505630, 336.172241, 311.302429
30.909395, 55.730949, 346.629517, 300.054321
30.726116, 56.906219, 346.411926, 297.921204
31.040939, 55.761307, 346.497375, 299.973389
33.981209, 62.642052, 341.470978, 300.718445
34.131054, 62.792061, 341.302979, 300.501282
34.155994, 62.770699, 341.305145, 300.538727
47.476940, 68.333366, 324.505066, 294.658539
47.282959, 68.277908, 324.772766, 294.831818
47.264206, 68.230225, 324.666565, 294.749054
47.587910, 70.341354, 323.800476, 291.270599
47.587776, 70.437515, 323.832886, 291.353973
47.597748, 70.428467, 323.842255, 291.349335
50.139027, 75.577148, 316.795258, 280.424408
51.216469, 75.548729, 315.311188, 280.265472
51.217369, 75.546120, 315.337311, 280.233948
50.184364, 72.375938, 318.451172, 284.685089
50.128815, 72.375763, 318.446991, 284.701019
50.121506, 72.339264, 318.440186, 284.679871
60.161388, 62.598366, 326.987061, 298.995667
59.739132, 62.172699, 327.604492, 299.627106
59.743351, 62.200901, 327.582397, 299.614258
70.442085, 57.106968, 330.829926, 292.062805
69.791748, 57.124649, 331.672485, 292.436920
69.747566, 57.103474, 331.707642, 292.434204
84.375809, 64.124725, 317.200836, 288.962341
84.480873, 63.724800, 318.272186, 290.781708
84.501373, 63.793537, 318.263580, 290.793335
77.559540, 61.170364, 330.105957, 291.566895
76.674530, 60.152424, 331.755188, 293.580780
76.675003, 60.088043, 331.775452, 293.616882
75.125984, 58.960537, 331.629517, 302.104828
75.904243, 59.503922, 330.656860, 302.118042
75.513397, 59.354530, 331.400787, 302.044617
62.502445, 51.472248, 351.107880, 320.587402
62.580921, 51.144260, 351.138550, 321.119934
60.139919, 50.480545, 355.491547, 322.017334
64.100166, 50.375862, 349.996765, 319.505157
64.294228, 50.476078, 349.125946, 319.231354
64.345642, 50.520241, 349.066803, 319.180267
76.234581, 71.976578, 320.051422, 297.191803
76.051842, 71.749649, 320.441956, 297.531830
76.185287, 71.883507, 320.276672, 297.492035
73.374443, 73.592850, 321.222443, 298.638672
72.660538, 73.219704, 322.094971, 298.689972
72.710075, 73.106712, 322.054932, 298.812897
71.271393, 69.090622, 327.417908, 301.280731
72.337433, 70.277191, 326.244446, 299.877777
71.454277, 69.116730, 327.749939, 301.206879
65.878067, 66.054260, 337.803284, 309.468842
66.050652, 66.117874, 337.653442, 309.279388
66.091286, 66.113495, 337.659973, 309.220917
70.508072, 76.987282, 324.679535, 300.260132
70.188309, 75.548637, 325.858246, 302.323120
70.609344, 77.141068, 324.555206, 300.140106
78.227844, 72.468346, 324.710114, 300.873291
75.398964, 70.240005, 320.959656, 295.738556
75.139313, 69.656128, 321.728027, 296.050507
76.088860, 76.386536, 326.794983, 297.390106
76.308937, 76.498650, 326.652191, 297.333344
76.313736, 76.488251, 326.686584, 297.357605
80.442215, 73.510498, 316.338501, 297.165192
80.304665, 73.346436, 316.457184, 297.424164
80.103035, 72.961113, 316.403717, 298.271301
78.725159, 75.148102, 316.897430, 301.106750
79.112816, 75.246811, 316.220764, 300.616699
78.570892, 75.513977, 317.406372, 301.878510
75.344078, 75.529907, 320.304260, 302.309479
75.304817, 75.558289, 320.301575, 302.244110
75.709259, 75.758301, 320.417938, 301.816803
79.247963, 78.162148, 319.515381, 293.240784
79.585480, 78.659012, 319.974243, 292.680328
79.590660, 78.629883, 319.946899, 292.596497
65.567497, 77.180634, 332.872955, 300.770782
65.597046, 78.066925, 333.726685, 300.906799
65.476921, 78.347511, 333.818512, 301.332458
68.997231, 75.856270, 326.852295, 297.649017
68.946350, 75.852699, 326.781311, 297.544647
69.181854, 76.137680, 326.524780, 296.850159
70.691658, 72.287132, 315.282349, 296.837555
70.718254, 72.329063, 315.253510, 296.839325
70.742706, 72.352707, 315.270050, 296.826447
65.323013, 75.654228, 314.984467, 291.488892
66.142532, 77.198654, 312.485748, 290.058319
66.059975, 77.125702, 312.556488, 290.100372
64.247650, 71.137436, 313.299194, 293.883667
64.011551, 71.219421, 313.353638, 293.849579
64.005325, 71.171280, 313.360413, 294.035736
62.126034, 75.268639, 321.409546, 293.128601
61.017643, 75.897064, 322.688934, 292.099945
62.220924, 75.381546, 321.225494, 293.150604
59.580925, 65.934303, 314.013855, 293.212921
62.062077, 69.574554, 310.029785, 288.911041
60.108089, 66.796585, 313.502014, 292.359558
59.651470, 71.611664, 310.996948, 288.829407
60.387726, 73.575401, 309.233490, 286.969910
60.394360, 73.592339, 309.091614, 286.888733
62.914886, 73.533691, 306.264587, 287.054779
61.900211, 71.870705, 307.767609, 288.659546
62.130642, 71.788925, 307.934509, 288.620667
60.972836, 73.408249, 308.119720, 287.725403
61.383133, 73.853790, 307.508270, 286.167175
62.124569, 73.067726, 307.173401, 286.410583
63.691082, 70.005905, 308.631042, 292.188232
64.496300, 69.300354, 307.433533, 291.594543
64.462845, 69.286301, 307.514984, 291.643463
57.932190, 68.700447, 309.807556, 299.332764
59.050770, 69.385910, 309.057281, 298.359009
58.947685, 69.361923, 309.139984, 298.392151
62.853157, 67.002083, 316.037720, 292.573395
62.729149, 66.894226, 316.199402, 292.696991
64.311508, 66.811584, 313.031281, 290.294678
60.693626, 55.634876, 325.625366, 302.031189
60.697037, 55.652275, 325.610870, 302.026001
60.754898, 55.657562, 325.523895, 302.042084
81.459999, 56.225300, 328.511444, 313.606140
81.261169, 56.835670, 328.271484, 315.194733
81.243126, 56.836143, 328.215393, 315.162415
84.024101, 61.334339, 337.088226, 310.953156
83.891640, 61.269623, 337.314453, 311.022095
84.022072, 62.285561, 336.453918, 310.522003
103.666580, 54.640377, 334.791290, 313.593262
103.883087, 54.486900, 335.543610, 312.612091
102.660233, 54.004360, 335.791168, 313.365814
109.875221, 59.843365, 331.310913, 307.468994
110.137459, 60.009335, 331.226837, 305.337494
110.176941, 60.050396, 331.096832, 305.199005
116.061790, 56.576969, 332.162537, 307.275970
125.902977, 59.855145, 325.862610, 302.065674
125.798622, 59.134182, 325.931671, 303.060883
116.960167, 55.896263, 329.922668, 305.133911
116.985382, 55.849392, 329.493469, 305.698547
116.882706, 55.836697, 329.473816, 305.596375
125.016220, 56.856037, 324.623993, 302.933228
124.268089, 57.516563, 323.997864, 301.510956
123.967781, 57.041920, 324.627930, 302.816498
122.640099, 60.937073, 323.718933, 298.023376
122.546074, 60.900543, 323.945190, 298.169434
122.092583, 59.525723, 324.487549, 298.186951
121.765007, 58.022163, 325.112701, 303.254272
121.926247, 58.105095, 324.955109, 303.107971
121.967201, 58.012451, 324.999573, 303.181274
128.848083, 62.973709, 318.388519, 295.508942
111.889145, 54.556328, 338.056519, 308.353912
128.988754, 63.083801, 318.227325, 295.314911
112.844566, 60.468060, 329.001648, 305.005463
112.456924, 60.489872, 329.645813, 305.530792
112.498833, 60.384190, 329.630280, 305.441010
111.636711, 61.596062, 327.908875, 305.422455
111.507141, 61.579880, 328.104309, 305.558624
112.288170, 62.389271, 325.987091, 304.546875
126.500847, 56.588604, 320.317871, 302.642761
126.634613, 57.376644, 319.930664, 301.475006
126.697731, 57.371288, 319.812073, 301.449371
117.623421, 58.671169, 326.049469, 304.830902
117.087776, 59.040291, 325.902374, 305.480164
116.555748, 58.602234, 326.484039, 305.619141
108.779381, 52.081673, 334.470703, 311.319397
110.021378, 51.496613, 332.098572, 309.980682
109.962242, 51.412529, 332.081970, 309.960754
113.003685, 55.288868, 331.345184, 303.842529
112.857841, 55.260464, 331.489197, 303.905853
112.823654, 55.285011, 331.487061, 303.911865
98.255814, 49.099483, 335.881073, 314.607849
96.718079, 48.451462, 337.968933, 314.779999
96.597878, 48.395958, 338.068146, 314.840820
102.346634, 58.023232, 324.062347, 306.388733
102.976768, 58.648804, 322.205017, 305.578339
103.504639, 58.143398, 323.677094, 305.842560
100.532028, 59.747810, 310.725586, 302.060272
100.369705, 59.697735, 310.926758, 302.210602
99.700600, 59.336769, 312.192657, 302.703552
96.590256, 59.723087, 312.436890, 297.737640
95.406891, 59.119442, 313.286987, 298.719910
95.512573, 59.157108, 313.181396, 298.700867
91.727943, 58.295971, 309.806183, 293.890137
92.052513, 58.295757, 309.629486, 293.471527
92.018005, 58.515453, 309.385925, 293.686554
84.559135, 57.179352, 311.050720, 295.195313
89.377258, 59.102348, 307.481812, 292.970062
89.415863, 59.111374, 307.422516, 292.967773
63.693779, 54.107506, 323.337158, 304.353333
62.264214, 55.598701, 324.071014, 301.210663
63.156502, 53.780857, 323.761505, 303.858276
58.253857, 55.049568, 326.269806, 297.929077
57.516151, 55.609779, 326.497131, 297.643311
57.524612, 55.599655, 326.510132, 297.682404
52.106113, 56.048553, 322.505341, 293.412231
51.662609, 55.901703, 323.024231, 293.678253
51.785755, 55.897888, 322.882690, 293.615143
56.152035, 59.418053, 304.182129, 285.483551
54.899521, 56.844261, 306.112915, 288.594269
54.744835, 56.804081, 306.210907, 288.635925
59.891693, 60.965069, 295.628632, 280.213226
56.371555, 51.004410, 305.517517, 306.123993
60.496277, 61.061874, 294.829926, 279.977509
51.731022, 63.430611, 303.190338, 291.741638
61.098896, 54.734634, 300.553070, 298.579590
55.823498, 64.401428, 293.699127, 284.535492
56.484203, 64.654526, 292.513214, 283.326782
55.002132, 63.660530, 295.053528, 284.794708
58.573784, 66.570374, 299.617371, 285.052551
58.008530, 66.806114, 299.037994, 284.333862
58.055626, 66.800888, 298.895172, 284.264557
44.229183, 59.552795, 318.047394, 302.354218
44.110809, 59.555305, 318.074615, 302.290009
44.087646, 59.540272, 318.107727, 302.252106
49.259491, 57.552528, 313.757050, 300.165649
49.338387, 57.478546, 313.648712, 300.031067
49.458771, 57.542313, 313.548157, 299.973022
58.360538, 66.070755, 310.432739, 293.225586
58.942802, 66.676132, 309.870850, 292.364594
58.576077, 66.088631, 310.149628, 293.067993
60.582527, 64.730347, 312.888763, 297.404358
60.596390, 64.925278, 312.831818, 297.253479
59.641273, 64.269783, 313.394135, 298.576324
58.972908, 61.940475, 322.260559, 307.713562
58.423573, 61.884285, 322.936829, 307.733429
58.514282, 61.978691, 322.858215, 307.614929
60.175686, 63.783646, 325.843445, 311.564392
61.741856, 62.206249, 323.414215, 310.143311
61.718800, 62.179222, 323.429352, 310.785553
89.339218, 72.685776, 312.008820, 302.370361
90.110184, 72.189316, 311.181366, 301.388306
90.115517, 72.139664, 311.213348, 301.425903
91.636955, 69.750847, 318.064514, 302.689575
92.032845, 69.695686, 317.501068, 302.904358
92.092361, 70.014145, 317.528809, 302.971039
96.631554, 83.834702, 312.083801, 292.328430
96.157387, 84.184052, 312.286438, 292.059479
96.154282, 84.156708, 312.281006, 292.068848
88.670906, 76.792503, 313.799469, 296.271698
86.825951, 75.523697, 317.814301, 301.862457
86.803421, 75.506432, 317.812866, 301.886749
68.841568, 58.079678, 315.428009, 294.306793
68.687569, 58.316940, 314.624542, 294.079498
68.673958, 58.300018, 314.600800, 294.134186
65.347137, 55.809231, 312.312317, 293.433197
63.963272, 56.010872, 311.645386, 293.309692
64.274605, 56.927567, 311.122528, 293.180573
57.364464, 51.240128, 321.853241, 288.069611
57.534237, 51.418873, 321.756256, 288.105469
58.796913, 52.298801, 322.019440, 288.127502
53.699074, 48.302635, 322.032654, 288.341064
52.316189, 47.909340, 323.447937, 289.355316
52.393192, 47.918625, 323.348206, 289.315063
38.228672, 48.760147, 330.482941, 295.810120
37.751156, 47.536739, 329.962982, 294.123962
37.795666, 47.610916, 329.918732, 294.239105
44.596107, 54.137447, 326.244995, 293.410889
46.281910, 53.480873, 323.867188, 292.358765
44.326424, 53.985245, 325.691528, 294.845825
53.673203, 64.276558, 308.118988, 277.230042
52.756630, 61.327545, 310.814423, 280.588776
52.851509, 61.290493, 310.847748, 280.598114
51.281582, 64.462601, 313.632446, 283.707245
27.306974, 40.281685, 336.458649, 317.403107
52.227489, 64.277527, 312.354065, 282.076630
39.854652, 57.301743, 311.919556, 280.447113
38.435875, 59.696030, 311.201202, 276.641449
38.882462, 59.740868, 310.721558, 276.870850
37.683876, 57.919369, 326.254761, 297.791595
37.430920, 58.549889, 326.043854, 299.586456
38.000664, 58.101357, 325.579834, 299.452087
37.688236, 59.879246, 308.998383, 284.808960
37.785446, 59.663254, 309.006775, 284.834015
37.658096, 60.856060, 309.237427, 283.914612
37.523716, 58.980064, 309.594269, 285.905823
37.257679, 60.646984, 309.631836, 284.914856
35.855820, 60.953445, 314.226471, 284.412750
42.413334, 62.067612, 324.736969, 303.576447
42.247444, 62.001591, 324.918854, 303.663757
42.328506, 62.132042, 324.697144, 303.577972
42.282394, 61.999584, 326.022095, 304.446899
42.368710, 62.081009, 325.966003, 304.359863
41.993916, 62.005482, 326.278473, 304.775574
42.775307, 61.758717, 325.492371, 303.092194
42.912926, 61.724182, 325.889740, 303.376923
43.094746, 61.650024, 325.866882, 303.442902
42.642002, 62.107224, 325.496277, 302.431824
41.636116, 61.845943, 326.641693, 303.240479
41.813187, 61.746136, 326.393951, 303.387939
43.374069, 58.295918, 324.663422, 302.474091
44.128124, 58.704605, 323.990204, 301.682251
43.403877, 58.328213, 324.820343, 302.542023
42.489586, 64.196701, 308.866821, 278.425415
43.463318, 64.671768, 308.163544, 277.626312
43.458179, 64.697296, 308.151764, 277.552704
45.440269, 61.625900, 320.374908, 283.311951
44.857456, 62.131901, 320.694672, 283.845215
44.985355, 62.145370, 320.749634, 283.765045
49.321434, 56.814934, 317.975647, 292.674957
48.593388, 58.295795, 318.593109, 292.864685
48.705025, 58.299301, 318.441803, 292.762848
54.838837, 62.930565, 315.010956, 287.532043
54.852413, 62.110249, 315.631531, 288.446899
55.138931, 60.912506, 316.478333, 290.228302
58.719791, 58.940758, 315.453583, 289.063385
58.805447, 58.961159, 315.349243, 289.092987
58.546619, 57.970264, 316.496613, 290.339905
72.926834, 57.935745, 310.941864, 281.255646
74.700989, 57.665764, 309.554382, 279.533203
74.749695, 57.684769, 309.462097, 279.453247
74.627365, 57.659439, 309.585083, 279.520782
74.598671, 57.704617, 309.534576, 279.484802
74.561737, 57.677101, 309.580536, 279.481628
74.003067, 59.639149, 316.985840, 292.819061
75.220688, 60.106682, 315.037689, 289.910522
75.314911, 59.879166, 314.606415, 289.773468
77.805222, 63.743614, 309.369110, 285.336395
77.731987, 63.722050, 308.624756, 285.923706
78.019981, 63.653545, 310.026245, 285.890137
72.529213, 54.944191, 320.835236, 296.025146
72.201141, 53.977669, 321.830109, 297.069580
72.437134, 55.374962, 320.178040, 295.592560
78.801720, 72.737518, 315.208740, 293.637634
78.808273, 72.851707, 316.443878, 294.041931
78.724274, 72.863319, 316.568695, 294.088959
63.205063, 48.467754, 356.781982, 323.862732
63.596558, 48.641388, 355.307617, 323.886200
63.273201, 48.644299, 355.907257, 323.442535
84.853294, 71.782791, 321.668884, 300.551422
75.957603, 62.072296, 332.112335, 305.420898
75.826828, 61.732365, 331.098572, 305.521362
87.902451, 65.287773, 329.249451, 305.376068
87.979424, 65.200058, 329.158020, 305.265228
87.871078, 65.228355, 329.236633, 305.361359
101.614944, 64.004745, 331.217224, 312.291718
100.420845, 63.098961, 334.650299, 311.840759
100.556618, 63.191700, 334.055267, 311.996277
105.080696, 63.077080, 325.921265, 311.139313
105.912117, 64.685707, 323.744934, 309.713806
105.062370, 63.046314, 325.914948, 311.180847
114.181557, 60.477627, 324.382294, 307.366882
114.609322, 60.615330, 323.476715, 306.214172
114.534355, 60.590889, 323.526276, 306.159332
132.390060, 54.546619, 338.905457, 316.831360
132.596802, 54.314564, 338.701599, 316.061462
132.641708, 54.253628, 338.567505, 315.971405
139.228851, 55.227272, 335.339233, 311.469513
139.184875, 55.279400, 335.445831, 311.485565
139.210648, 55.264679, 335.412048, 311.528809
156.247849, 55.337639, 336.496460, 312.074677
156.001266, 55.335747, 336.671021, 312.199493
156.353317, 54.991020, 336.344391, 311.696838
154.048874, 55.334198, 329.254364, 303.945770
153.667496, 55.557777, 329.482697, 303.190094
154.799942, 54.962002, 328.671692, 303.656586
145.402161, 50.899063, 341.841248, 319.021484
144.577148, 51.204819, 341.957611, 319.167114
145.236420, 51.632290, 342.211090, 318.440735
146.215286, 47.523586, 328.611877, 315.899719
145.754562, 48.570480, 328.606567, 315.704926
145.704132, 48.485348, 328.805328, 315.991364
125.819832, 56.327595, 336.139160, 319.420563
120.817101, 55.152317, 342.478729, 323.008057
121.013168, 55.545593, 342.081177, 322.234100
106.275963, 66.188423, 339.420502, 317.028809
105.984245, 65.913132, 339.830963, 316.480286
105.905357, 65.875885, 339.952026, 316.500488
109.476631, 60.457504, 336.539612, 311.056854
109.144768, 60.338612, 336.818909, 311.478760
109.276283, 60.257015, 336.882477, 311.514801
114.599808, 58.244053, 328.480255, 303.835938
114.929710, 58.257698, 328.712891, 303.469452
115.010551, 58.255013, 328.670410, 303.382202
114.221962, 62.450508, 325.598145, 304.884338
114.526299, 62.488548, 325.473846, 303.262543
113.281342, 61.107033, 326.392609, 304.722321
117.251762, 60.230896, 332.754059, 311.428040
117.191628, 60.272232, 332.691650, 311.296448
118.693047, 60.886124, 331.468109, 310.350922
115.359940, 64.858704, 330.034851, 310.408783
115.211220, 64.867500, 330.128082, 310.514252
114.708038, 66.103325, 329.745178, 312.260986
102.311447, 64.180786, 340.595154, 312.490295
102.166107, 64.161957, 340.678589, 312.561157
102.167336, 63.728638, 341.118683, 311.544769
99.940353, 70.928307, 333.613739, 312.532959
99.345474, 71.230003, 334.323700, 313.187531
99.960541, 70.865242, 333.174194, 312.639709
98.630981, 71.388023, 327.032379, 305.265015
97.761314, 70.538750, 329.319275, 307.552490
98.849564, 71.307068, 326.860931, 305.323547
78.120506, 54.286766, 356.916840, 331.193512
77.527519, 53.853870, 357.886047, 331.264038
77.449478, 53.759766, 358.125488, 331.395142
74.967339, 70.344009, 325.608795, 301.562164
74.843605, 70.327881, 325.715546, 301.656677
74.340408, 70.601776, 325.679810, 301.545624
73.869377, 82.253349, 324.800781, 299.283600
73.977295, 82.776901, 324.078491, 298.551117
71.876205, 80.818451, 327.602722, 299.399689
58.232399, 75.538139, 335.579773, 302.913483
58.317238, 75.598602, 335.606598, 302.863617
58.353413, 75.610611, 335.598419, 302.859161
55.438862, 83.700432, 328.557343, 295.430176
55.554195, 83.607773, 328.637360, 295.692383
55.792145, 83.439522, 328.153931, 296.044647
43.368343, 74.573631, 342.799866, 310.086731
43.514923, 74.869995, 342.372223, 309.818176
43.468864, 74.859886, 342.297607, 309.830902
28.608011, 92.437569, 327.902771, 287.574097
28.762459, 92.396172, 327.798523, 287.750519
27.843822, 91.405121, 328.464386, 288.556213
29.162996, 82.277130, 328.729187, 295.460052
29.254370, 81.772995, 328.248352, 294.409454
29.110096, 82.277145, 328.737274, 295.466888
21.759064, 76.065628, 325.305817, 294.563782
20.934858, 78.209702, 325.169312, 292.680450
21.542736, 76.153687, 325.444672, 294.730530
20.010801, 74.793854, 328.046783, 296.374176
19.540539, 74.988052, 328.272675, 296.366608
17.223310, 75.296211, 329.955109, 294.577728
15.132678, 66.181503, 332.667084, 305.384369
15.780848, 66.562859, 332.668823, 304.544861
15.751247, 66.570496, 332.752594, 304.646576
14.248785, 67.335091, 333.752014, 304.701996
14.322743, 67.286369, 333.857086, 304.804199
14.280722, 67.344055, 333.844299, 304.890594
19.031586, 69.758942, 322.715088, 297.941406
19.040436, 69.791847, 322.697754, 297.863159
18.344700, 70.206802, 323.671539, 298.111908
16.097797, 75.749886, 326.828766, 290.897797
16.631395, 75.609001, 325.477142, 291.044434
16.635630, 75.452194, 324.624390, 291.420807
10.320724, 77.003273, 333.928986, 295.847198
10.254203, 76.142868, 335.308868, 296.776520
10.301875, 76.149155, 335.227814, 296.783630
8.309484, 76.432190, 337.558228, 299.220947
10.729040, 74.183289, 336.747070, 298.831116
10.734609, 74.164268, 336.688232, 298.790588
9.142620, 75.342606, 332.565582, 298.087280
8.684029, 75.492538, 331.490875, 295.185394
8.688848, 75.506386, 331.621765, 295.313202
10.042085, 75.175056, 331.852478, 297.470184
10.288815, 75.095612, 331.446014, 296.972168
10.249232, 75.047073, 331.390686, 296.920715
10.103640, 76.070503, 333.424255, 295.068207
10.209737, 76.027855, 333.402985, 295.152283
10.093287, 75.989204, 333.487701, 295.124817
6.429307, 77.181244, 335.962585, 300.915161
5.763725, 75.710373, 336.666229, 301.964264
6.335924, 76.845436, 336.255951, 301.102081
7.548649, 76.616875, 336.380676, 299.402283
8.744253, 76.732269, 335.035797, 298.823395
9.129183, 77.058899, 334.743195, 298.462067
8.226213, 72.301010, 335.873169, 298.553009
8.756497, 75.321548, 334.173676, 296.899811
9.470697, 73.974098, 334.033966, 296.167969
9.407845, 71.723160, 335.014526, 298.824188
9.241117, 71.405975, 334.609344, 299.660370
9.436671, 71.642891, 335.013031, 298.899841
9.050404, 70.145111, 335.316406, 300.292358
9.368276, 71.661537, 335.009583, 299.232849
9.525899, 71.620438, 334.856781, 299.192627
11.702381, 74.881416, 331.244537, 292.568604
11.785420, 75.096817, 330.921509, 292.132050
11.817417, 75.037209, 330.904846, 292.181061
10.782925, 73.531433, 331.863556, 295.261261
10.962798, 73.714836, 331.631622, 294.902557
10.494102, 73.974236, 331.438934, 294.364624
10.376455, 74.139519, 331.066833, 294.403961
10.433326, 74.130844, 331.143860, 294.460602
10.338775, 74.024376, 331.243103, 293.573151
11.371262, 75.272736, 332.659515, 297.091705
11.495708, 75.353020, 332.526184, 296.945496
11.578030, 75.408577, 332.413269, 296.911469
13.768688, 74.428970, 329.384338, 299.559540
13.758739, 74.449089, 329.383209, 299.434998
13.787712, 74.313385, 329.715607, 299.841675
12.248952, 75.001740, 331.643524, 294.666718
13.193071, 74.796837, 330.027130, 294.294495
12.045240, 74.488068, 331.959961, 295.377686
14.449954, 73.909149, 329.035797, 294.469635
14.394351, 73.834358, 329.225861, 294.549103
14.113646, 73.620789, 329.846619, 294.906494
12.052556, 73.722649, 332.753479, 295.982452
13.068202, 73.447159, 331.749847, 295.785675
13.131930, 73.453568, 331.662079, 295.708923
14.592087, 72.414352, 332.167114, 295.628448
14.629511, 72.432045, 332.139526, 295.594086
13.671329, 71.638550, 333.130676, 298.054443
13.611841, 74.271187, 333.728851, 297.914612
13.647590, 71.914742, 334.520020, 300.160797
13.768626, 71.895248, 334.404968, 300.041595
21.641806, 75.579514, 320.325317, 293.934326
21.703411, 75.423164, 320.243469, 294.004364
21.436777, 73.048462, 318.183075, 294.211182
21.902233, 76.244629, 331.658325, 293.150055
22.096266, 76.269348, 331.412781, 293.065674
21.937635, 76.197556, 331.585571, 293.207489
22.044460, 68.564835, 323.535675, 293.651154
21.746090, 68.678047, 324.404053, 294.254242
21.714550, 68.649544, 324.485382, 294.347595
24.191336, 54.293495, 335.607483, 316.557892
24.318722, 54.282227, 335.519653, 317.521637
24.021309, 54.256405, 335.617096, 316.538788
28.685093, 63.120701, 328.972565, 303.086853
27.872316, 61.996849, 330.492432, 303.756134
27.901375, 61.986752, 330.444397, 303.712830
32.408592, 67.962654, 320.033264, 286.913788
32.622799, 68.144737, 319.539856, 286.819763
31.714441, 66.946640, 320.513763, 287.812622
32.987473, 65.539299, 320.442169, 288.029694
33.047321, 67.261650, 318.948486, 287.106201
32.829403, 65.521576, 320.730804, 288.221069
25.591982, 65.097252, 328.701996, 292.524170
25.685587, 65.200653, 328.662628, 292.415344
26.084707, 64.857750, 328.542389, 292.695923
29.398746, 68.668381, 319.192841, 293.700073
29.565590, 70.925934, 318.133270, 291.687256
30.775763, 71.119568, 317.061035, 291.993073
31.801647, 74.131775, 315.771759, 284.047302
31.924664, 75.346825, 316.149780, 284.654022
31.798424, 74.358345, 315.294403, 283.811005
24.455986, 59.897469, 334.191132, 314.589996
25.255424, 59.271828, 334.233826, 315.005707
24.032997, 59.774509, 335.565674, 315.005188
27.147417, 62.661522, 330.247162, 307.572906
27.114643, 61.724819, 330.853851, 307.694702
27.495703, 62.605339, 329.634552, 308.099823
24.041185, 75.840988, 328.192566, 287.988495
23.789722, 75.748466, 328.488983, 288.088196
23.241095, 76.007156, 326.546143, 286.932068
28.630611, 64.257629, 325.434723, 306.947113
29.214338, 64.882507, 325.370514, 306.263367
29.114054, 64.841751, 325.503906, 306.363892
22.843790, 61.419315, 328.859985, 309.411804
22.772575, 61.477802, 328.879120, 309.451263
22.703043, 60.400085, 327.129425, 308.251984
27.579163, 72.764282, 316.327850, 291.822784
22.994862, 70.513420, 321.224884, 296.271393
22.989359, 70.502747, 321.092926, 295.723480
20.507635, 68.489975, 328.169586, 303.211304
20.071217, 68.287903, 328.533325, 302.846588
20.623020, 68.522125, 328.121613, 302.988464
21.841578, 70.398773, 324.363953, 300.144470
21.266825, 70.629784, 325.040283, 299.580719
21.102633, 70.575073, 325.159485, 299.721252
20.317129, 71.163055, 324.682220, 298.029022
21.420914, 69.841827, 322.448364, 294.511047
20.413052, 71.151588, 324.550049, 297.819183
21.742735, 70.262299, 322.754639, 294.304474
21.408794, 70.681793, 323.344543, 294.661957
21.971754, 70.640724, 322.360809, 294.838318
22.388588, 71.116722, 322.413635, 292.737976
22.252041, 71.332474, 321.938385, 293.430847
22.299889, 71.351097, 322.003723, 293.530884
21.927067, 72.068878, 323.645935, 298.072449
22.203148, 72.165741, 323.059509, 298.743774
21.958378, 71.583763, 322.450409, 294.709717
22.194668, 73.265594, 323.117279, 298.710480
22.340853, 72.930069, 323.420380, 299.188019
21.995552, 73.044662, 323.903809, 298.313751
20.057009, 63.839165, 331.597565, 299.835846
20.830893, 64.043991, 330.407349, 299.675751
20.282606, 63.574848, 331.189758, 300.250977
24.358608, 64.654953, 327.420135, 298.996918
23.823442, 64.694496, 327.810883, 298.763306
23.891912, 64.786270, 327.695465, 298.713684
22.778616, 68.932831, 326.907928, 294.828461
22.702681, 68.824875, 327.046021, 294.921051
22.637867, 68.949982, 327.224274, 294.897339
23.440384, 66.743439, 326.674988, 296.911072
23.371878, 66.613190, 326.847504, 297.035980
23.350594, 66.754410, 326.866547, 296.989075
27.673859, 74.640106, 301.432343, 282.922668
26.753857, 76.393021, 303.018066, 281.124084
26.533827, 76.381187, 303.707275, 281.137238
21.632626, 68.701775, 328.039703, 297.473206
23.432301, 76.296463, 326.954254, 299.039032
22.228424, 68.623619, 327.271851, 297.623657
23.725338, 72.142944, 327.940277, 304.961792
22.758621, 74.006683, 328.594757, 303.357361
22.652082, 73.887688, 328.683380, 303.412537
26.975266, 78.496971, 322.922577, 285.795105
27.749098, 79.540726, 322.339325, 286.108704
27.786737, 79.544601, 322.320374, 286.071259
24.884375, 71.511208, 316.644623, 308.252106
25.062771, 71.515068, 316.625885, 308.417542
25.013680, 71.453995, 316.674377, 308.475433
34.619896, 78.806320, 317.072693, 295.016846
34.589920, 78.673782, 317.653900, 295.629456
34.638325, 78.704498, 317.522858, 295.523041
39.094845, 82.981903, 310.652954, 286.401764
39.237335, 83.053574, 310.558990, 286.332153
38.922520, 83.212181, 310.211090, 286.733704
41.767124, 83.014313, 312.165588, 285.461975
40.356697, 82.097740, 313.825928, 286.544220
41.594425, 83.043434, 312.337372, 285.469788
43.458061, 72.856400, 319.620850, 302.704010
43.208004, 72.526718, 319.847351, 303.510040
43.129005, 72.523346, 319.969940, 303.555603
64.105049, 65.982422, 313.124878, 300.593140
64.692833, 65.857620, 313.088745, 301.208466
64.731804, 65.843369, 313.050934, 301.225830
82.214043, 71.568916, 311.576202, 298.253204
82.166245, 71.556648, 311.580505, 298.288910
82.128998, 71.498093, 311.631012, 298.316589
96.736244, 68.124542, 313.552734, 297.923706
97.083603, 68.735435, 312.099121, 297.481354
97.033188, 68.744751, 312.080750, 297.457031
100.561729, 65.084702, 321.723633, 320.441833
100.435280, 63.947090, 321.110138, 319.413300
100.457558, 64.014977, 321.075958, 319.343842
122.234413, 79.983673, 308.860016, 288.660187
123.050171, 80.346344, 306.021606, 285.501038
123.125450, 80.423691, 305.943970, 285.442413
125.359261, 75.684425, 315.813904, 294.949188
124.518410, 75.991394, 317.241821, 296.098999
125.326012, 76.096649, 316.826263, 296.055756
131.728119, 77.417366, 315.725800, 292.266479
131.848251, 77.525818, 315.594849, 292.070404
131.817551, 77.684799, 315.371490, 291.791412
123.596138, 70.810791, 319.972015, 295.405792
123.946968, 70.718933, 319.614929, 295.368164
124.886009, 70.354073, 318.562103, 295.445984
123.343391, 69.096001, 320.212982, 297.597656
122.952446, 69.209694, 322.172852, 298.463562
122.541695, 69.831482, 321.871887, 298.296295
123.889565, 79.993469, 316.005463, 298.172272
122.755074, 76.338684, 319.290588, 303.444000
122.793900, 76.327911, 319.275330, 303.396179
129.169144, 83.368500, 324.855957, 299.622498
128.966217, 81.855865, 327.684387, 302.435974
131.361023, 83.640823, 320.426422, 297.625336
128.262817, 76.601105, 328.294189, 313.343170
127.682678, 77.988945, 330.059967, 312.631744
127.814247, 78.056633, 329.773285, 312.485596
132.176346, 77.503502, 327.098938, 324.378510
132.532928, 77.944412, 326.490326, 322.276062
132.747086, 77.874939, 326.432800, 321.782562
134.217712, 77.561874, 323.255066, 321.662659
134.001266, 78.308853, 323.789459, 321.601776
134.447861, 77.503120, 323.050323, 321.362152
117.973701, 81.254250, 338.972198, 311.237823
118.686455, 85.416847, 336.618530, 309.759705
118.676918, 85.284210, 336.506500, 309.584167
130.613144, 79.615486, 323.175812, 308.061249
130.698700, 79.750198, 323.356934, 308.108734
130.763794, 79.776924, 323.328430, 308.056702
130.941528, 83.156937, 320.584778, 296.569000
124.744568, 73.726318, 329.524597, 303.620575
131.072540, 83.370605, 320.736420, 296.666595
126.307335, 84.078705, 321.444092, 296.112640
127.175110, 83.782104, 320.663727, 297.600708
127.247406, 84.344498, 319.473236, 295.560516
115.985886, 81.723480, 311.880707, 300.001251
116.942062, 81.649742, 311.664063, 298.294678
116.930855, 81.621010, 311.761963, 298.324005
114.483734, 83.495209, 311.727936, 296.253387
113.878113, 83.253426, 312.331879, 297.078491
114.435211, 83.692245, 312.105316, 296.670898
116.926895, 84.960403, 302.818298, 290.236115
117.796791, 83.882187, 302.867096, 290.221069
118.821678, 82.291046, 302.603668, 290.745941
107.053658, 77.288452, 326.551636, 306.926788
105.848816, 76.309464, 328.834869, 307.933929
108.167900, 77.625839, 328.811310, 308.894958
94.558334, 80.522766, 339.496033, 306.681061
97.697525, 81.916107, 335.638184, 304.459625
99.607269, 84.327286, 326.578278, 299.816193
96.072418, 83.967461, 329.636047, 301.653839
98.075722, 85.370186, 323.529144, 299.836639
102.489357, 70.905617, 324.549896, 298.958160
102.556587, 70.264763, 324.049072, 298.181030
103.377464, 71.899704, 323.370117, 297.351929
96.104065, 63.845181, 332.760620, 303.306305
95.254257, 63.637085, 333.405945, 303.679932
96.144691, 64.556900, 332.568146, 302.722717
89.198677, 68.617050, 324.174530, 302.304413
94.478432, 68.462738, 320.413269, 299.494598
93.749298, 69.387932, 320.034119, 300.069733
94.306297, 66.073219, 315.311371, 302.437927
93.935455, 65.621414, 315.679413, 302.923645
94.051643, 65.758568, 315.643311, 302.982544
83.937912, 66.729416, 318.443512, 305.514404
83.548882, 66.505402, 318.609100, 306.513763
83.191841, 66.697456, 319.710052, 305.262329
73.902977, 50.836697, 346.049713, 312.444611
80.056343, 54.784805, 335.919464, 303.280579
80.115135, 54.754684, 335.850616, 303.148773
81.510773, 65.617180, 312.641052, 303.254486
81.528252, 65.678375, 312.490692, 302.998474
81.623161, 64.971794, 312.911469, 303.735260
73.329941, 54.980053, 317.345215, 307.107117
72.569611, 53.842697, 318.602081, 307.311005
72.548782, 53.911728, 318.637390, 307.329956
54.400997, 53.171467, 319.897827, 306.908295
54.369984, 53.161934, 319.937927, 306.963623
54.345940, 53.147026, 319.849609, 306.870941
45.390701, 51.687698, 314.939087, 302.797424
45.672184, 51.092949, 314.149445, 303.114166
45.724941, 51.633297, 314.229736, 302.917999
24.201656, 49.507950, 326.818909, 292.433350
24.343439, 49.572174, 326.670013, 292.226471
25.852333, 51.490517, 324.950562, 289.712067
11.394007, 45.399452, 334.311707, 305.680023
10.869876, 44.228668, 332.672272, 306.666870
10.454762, 43.803852, 333.451294, 306.767242
-2.245197, 52.827023, 337.172943, 294.211395
-1.533523, 53.004192, 336.450867, 294.874115
-1.686293, 52.901829, 336.853973, 294.983185
7.620046, 53.789883, 301.916931, 273.490540
7.518007, 54.028793, 301.987701, 273.397980
7.668339, 54.235729, 302.168518, 272.679352
-9.107308, 53.555759, 339.397736, 301.380890
-9.359221, 53.730667, 339.122589, 304.497833
-9.356346, 53.455917, 339.543274, 301.449677
-8.062986, 52.348907, 338.156555, 301.486877
-7.870086, 52.302826, 337.282593, 301.618958
-8.043060, 52.362885, 338.033203, 301.598114
-8.522191, 56.905876, 338.642944, 297.074402
-6.736847, 57.901695, 332.867035, 293.737244
-6.722247, 57.845284, 332.841858, 293.717499
1.021111, 59.203487, 329.992310, 293.358215
-0.925843, 58.574059, 332.573578, 293.924988
0.682445, 59.287140, 330.803009, 294.574768
2.740190, 56.619457, 332.102905, 288.115387
2.383027, 56.125233, 332.925171, 288.708191
2.691357, 56.598854, 332.120239, 288.115479
17.735477, 47.771576, 312.413666, 285.784668
17.010225, 49.732632, 312.681976, 282.867310
17.265047, 49.640759, 311.745514, 282.576355
15.593401, 52.260666, 327.435089, 286.596680
15.372571, 52.488361, 327.776428, 286.763306
15.362451, 52.486530, 327.751770, 286.778534
12.987108, 49.511200, 332.272888, 286.432007
17.159479, 52.855000, 330.017731, 285.055786
17.174278, 52.885670, 329.966553, 285.038483
10.270123, 47.686264, 338.987396, 288.937073
10.311046, 47.888329, 338.919403, 288.838989
10.387278, 47.918793, 338.781525, 288.784393
10.064798, 53.964771, 339.156860, 294.536377
9.999987, 53.450695, 339.457214, 293.781738
10.884827, 53.782486, 338.362762, 293.770111
16.530466, 57.397068, 330.030426, 288.053284
16.613781, 57.260921, 330.583374, 289.206970
15.382132, 56.681435, 332.997528, 291.286224
16.615089, 58.263817, 328.651947, 285.768951
16.045479, 57.514629, 330.015900, 287.214569
15.744831, 57.377861, 330.263763, 287.179535
13.060427, 55.307175, 336.983063, 292.929443
10.486042, 54.048752, 340.305389, 297.179535
12.233719, 54.286945, 337.474823, 295.080048
13.346380, 55.880810, 335.881073, 293.262299
13.691570, 56.069210, 335.934326, 293.130768
13.747161, 56.023071, 335.917145, 293.107635
7.992444, 57.644844, 342.860168, 295.862701
6.971858, 55.820797, 345.397797, 296.822906
8.637881, 57.676651, 342.735046, 295.820709
11.439339, 55.460903, 341.859131, 296.383392
11.819547, 55.405613, 341.257751, 296.252563
11.658379, 55.409885, 341.291260, 296.352264
16.826591, 57.924664, 336.451385, 291.792664
17.298380, 58.043259, 335.617950, 291.502441
17.314619, 58.040379, 335.588501, 291.449188
20.677786, 59.769913, 332.567535, 287.220520
20.870615, 59.866264, 332.850464, 287.182678
20.767477, 59.833290, 332.792664, 287.129120
21.616032, 58.133163, 339.492737, 293.479675
21.754332, 58.695694, 338.585114, 292.662140
21.428162, 58.020065, 339.579437, 293.585449
21.943825, 58.531815, 339.956665, 293.805511
22.786097, 58.878258, 338.872894, 293.574982
22.701290, 58.862904, 339.013306, 293.619568
24.908548, 59.839725, 335.199524, 292.513580
24.327621, 60.884567, 334.619629, 291.363129
23.963621, 59.652214, 336.136169, 292.620178
36.459648, 56.990898, 317.760437, 282.284760
36.781479, 57.444420, 316.309357, 282.104279
27.417843, 59.668865, 333.369415, 293.397858
31.807373, 36.154861, 342.813141, 306.704193
