220.164078, 131.708466, 145.879547, 148.179474
219.132019, 130.377274, 147.961533, 150.108826
216.070953, 126.367920, 149.785614, 153.938202
215.495636, 129.219482, 149.368271, 154.400879
217.303665, 127.949944, 149.546936, 153.059784
215.485489, 126.523712, 151.435303, 155.268463
215.261292, 126.566437, 151.755554, 155.922363
213.336060, 130.816574, 150.989716, 152.181610
213.259125, 130.816116, 155.238525, 154.989197
210.709167, 130.058502, 158.100739, 159.980331
210.520187, 130.352829, 155.835358, 158.267487
209.392685, 131.557205, 156.940338, 159.398438
208.698410, 131.005005, 158.055725, 159.388824
203.109695, 130.317200, 164.130066, 166.271317
202.882538, 129.130508, 164.954590, 167.987656
202.877487, 129.579407, 165.423080, 167.244766
202.408264, 128.332016, 164.523254, 167.470047
206.741989, 129.895630, 155.939743, 157.016693
208.731079, 129.306534, 159.458145, 150.365341
205.338181, 125.168594, 163.303482, 154.508072
196.779282, 130.628983, 166.219910, 161.242371
204.414612, 126.145950, 162.550446, 159.032730
203.215439, 126.451874, 162.879486, 160.104584
202.676346, 127.731766, 162.986252, 160.559082
202.563431, 127.277420, 163.193756, 161.017731
204.480347, 131.838104, 160.355713, 157.730789
206.252487, 132.798187, 162.060135, 158.779266
203.511154, 132.246964, 161.315872, 158.061554
204.722046, 132.383484, 164.929398, 159.978714
201.461670, 137.951981, 164.007751, 163.615524
200.625015, 139.763992, 163.986694, 163.959961
199.329269, 141.447342, 164.124924, 164.318909
202.695526, 139.183334, 166.023026, 165.016846
201.451355, 141.469421, 163.085083, 164.220947
196.464951, 137.044983, 170.827042, 174.581833
201.108810, 139.699951, 163.844742, 166.082413
203.377823, 138.090302, 166.648544, 164.875610
202.979935, 136.956543, 166.230103, 166.488037
199.647034, 133.780334, 171.813751, 177.486298
198.440292, 129.181793, 172.158951, 178.519470
197.676407, 128.394440, 172.650482, 179.319397
202.275909, 136.499817, 167.789307, 167.486053
202.691635, 136.040985, 167.468231, 166.957916
203.395432, 131.750381, 168.200760, 166.295181
203.548553, 134.579956, 166.245636, 166.265106
203.574173, 133.509872, 167.430557, 167.004135
201.927399, 133.581635, 168.032227, 168.428604
201.986206, 133.099808, 167.374023, 167.426941
200.516693, 133.101486, 164.812271, 166.953033
203.930496, 131.730652, 167.370544, 166.833145
204.361237, 135.013687, 165.503403, 163.869354
205.334610, 135.272949, 164.934174, 162.268951
204.475555, 135.112213, 165.438522, 163.220978
200.379395, 135.307220, 168.264999, 164.386871
199.847366, 134.087982, 168.870758, 165.733307
203.135101, 135.347382, 166.651581, 165.031326
203.382660, 133.144989, 168.177002, 168.095963
204.727600, 133.409531, 169.048401, 171.035294
203.850449, 132.975311, 168.817154, 171.528351
204.082382, 133.976288, 167.357971, 170.723328
205.652023, 134.612076, 165.760132, 167.788071
204.380646, 132.080292, 168.763702, 172.886536
207.537369, 133.058228, 166.379913, 170.582581
205.622879, 132.742340, 167.392914, 170.138763
202.384964, 133.699280, 175.596176, 179.123520
204.111450, 127.525848, 171.607635, 171.430588
203.948242, 127.706329, 172.419495, 171.571442
203.721527, 127.776627, 173.482346, 171.965988
203.946457, 127.775177, 172.955231, 172.625015
204.087830, 127.967575, 173.335739, 173.141281
205.230530, 128.767197, 171.872818, 171.812531
203.080521, 136.323349, 168.997345, 169.707275
205.240707, 136.704376, 167.943222, 169.919403
204.521347, 129.167038, 171.545700, 171.968994
204.501724, 129.113983, 171.638474, 171.883926
202.949432, 128.225616, 172.988556, 173.479263
203.580536, 128.969452, 172.676025, 172.467575
203.202713, 129.183716, 172.293396, 173.776962
203.436401, 129.578400, 172.500565, 174.620956
204.088196, 137.517853, 166.804596, 169.250702
204.235016, 137.702072, 166.889542, 169.360611
204.144257, 137.069275, 166.517609, 169.551712
203.570572, 136.283234, 167.312256, 170.285294
202.307678, 138.607986, 169.514740, 170.265091
203.241226, 139.057159, 167.521057, 169.225281
204.024887, 139.531189, 165.403015, 166.232529
203.188171, 130.791550, 170.950989, 172.898087
202.851654, 136.742218, 166.763748, 168.846649
202.451981, 136.742111, 167.012146, 168.892334
201.801392, 136.093460, 167.437378, 168.796936
202.225464, 135.675415, 167.200516, 169.428940
201.670319, 135.987305, 167.854034, 169.016052
199.793411, 137.027039, 174.441376, 177.820587
200.691559, 136.718445, 174.349930, 177.632538
201.422485, 136.694336, 174.480927, 177.203430
205.113419, 137.541534, 166.218323, 169.528336
199.105957, 133.439941, 177.303894, 182.212769
205.620667, 137.694000, 166.022049, 169.763321
197.835434, 132.158752, 179.440536, 184.554321
197.171585, 131.942917, 179.547256, 184.567505
197.003647, 131.272247, 180.584045, 185.684296
198.442749, 130.691162, 179.172913, 184.803055
199.399582, 131.115326, 178.410980, 184.138458
198.158951, 130.765900, 179.564178, 186.577164
198.054276, 130.747421, 179.532928, 186.431168
198.137939, 130.201859, 179.548721, 186.428375
198.145111, 130.226959, 179.615601, 186.455856
199.067413, 131.551498, 177.659103, 183.717285
202.604355, 133.853897, 172.170547, 176.711380
198.215958, 130.249649, 179.393845, 186.012543
197.477768, 129.820663, 180.030167, 187.315948
197.680573, 130.673538, 179.851547, 186.825958
198.563232, 129.812469, 178.876770, 185.276215
198.919708, 132.313919, 177.872681, 183.340271
200.470810, 134.424133, 169.299332, 170.077316
201.192795, 135.062012, 168.519989, 169.549606
202.087509, 134.865173, 169.285629, 170.728073
201.971359, 134.801300, 169.613831, 170.677032
202.288208, 128.037018, 172.012695, 173.027054
199.113251, 137.286530, 173.746689, 177.141724
199.010025, 137.313675, 173.903610, 177.163971
202.043457, 135.218506, 168.969482, 170.493515
202.620392, 128.789658, 171.815475, 172.171600
202.397064, 128.786530, 172.086426, 172.307938
201.512421, 134.856003, 169.081955, 169.976669
202.488998, 134.673492, 168.051666, 170.219818
203.326614, 134.696106, 167.718552, 170.165955
202.517654, 129.016586, 171.194061, 171.423904
203.771072, 135.219147, 167.658905, 169.607986
204.101730, 136.244980, 166.549225, 168.168900
203.997513, 137.361649, 165.996811, 166.878036
204.787979, 137.337662, 165.339752, 167.188110
205.469910, 131.081436, 168.913055, 168.742020
202.992950, 137.430588, 166.143494, 166.486649
204.451401, 138.257828, 165.734741, 166.066910
205.093353, 138.650772, 165.110062, 165.088028
205.356064, 138.743378, 165.277481, 165.995560
205.390900, 138.794296, 165.394562, 165.486176
205.269897, 138.852112, 165.757019, 165.118088
205.332352, 139.393280, 165.307388, 165.450974
206.123779, 139.816132, 165.363892, 164.944443
204.991776, 138.822433, 166.179413, 166.300476
204.007065, 138.105362, 167.162354, 167.845703
205.755371, 139.246460, 164.472351, 165.238373
203.785217, 138.553055, 167.482697, 167.875244
204.294830, 138.162476, 167.098145, 167.533768
205.574280, 137.802109, 166.644272, 167.177032
205.565735, 138.649506, 166.238785, 166.089386
204.052994, 137.734009, 167.004074, 167.439819
204.575760, 138.617584, 166.033798, 164.198868
204.853363, 140.048401, 166.624344, 164.444321
199.280991, 138.802048, 169.461212, 171.392029
203.819092, 136.099152, 166.880814, 164.303299
204.653870, 136.147949, 166.827072, 164.756485
199.004410, 139.296921, 169.156677, 165.572556
202.686218, 141.708771, 165.017914, 167.209641
199.709412, 139.863831, 168.729691, 165.330948
206.406128, 140.683746, 160.567337, 160.025726
207.177094, 142.233322, 159.499268, 159.081970
207.760437, 142.780945, 159.299210, 158.835754
200.196930, 140.019958, 168.387543, 170.877121
208.140198, 136.822205, 161.320297, 159.214600
208.326065, 136.427185, 162.267029, 158.793198
207.198868, 136.798782, 161.731659, 159.401352
207.014984, 137.001770, 161.317535, 159.655563
203.250595, 141.240021, 162.959381, 160.727036
202.827393, 140.384827, 167.766937, 165.398819
201.635895, 141.074158, 168.063339, 164.641953
201.119202, 141.294876, 168.252808, 163.725082
204.772385, 142.667328, 163.178558, 159.715347
204.922806, 142.904266, 163.295486, 159.893692
203.921951, 143.260406, 165.866791, 162.980392
201.638168, 144.514145, 165.160187, 161.448929
201.192093, 137.709778, 166.568649, 164.433029
202.363419, 141.320145, 169.114990, 165.975143
202.216019, 141.597855, 167.810760, 165.787872
202.474884, 141.715454, 166.594833, 164.631302
205.741394, 140.749283, 162.989548, 157.818741
207.695099, 143.587143, 159.418961, 162.788666
208.867889, 143.663147, 158.793472, 161.587631
208.527771, 143.067535, 160.161880, 161.285004
202.695770, 137.834869, 167.578049, 165.523788
203.281158, 138.185394, 166.883072, 164.545532
204.201599, 138.480270, 166.369171, 164.379181
203.276794, 138.045670, 166.948776, 164.723846
203.880310, 138.679230, 166.037354, 163.910324
204.412781, 138.203613, 165.831436, 164.478836
204.702698, 138.608856, 166.229523, 164.036423
204.755646, 139.340485, 165.704056, 163.185272
202.082382, 137.989502, 168.045135, 165.982864
202.548096, 138.738632, 167.115921, 165.346863
203.443558, 138.961426, 165.982040, 165.160660
202.905579, 138.610138, 166.005112, 165.235977
203.946136, 138.776672, 165.471878, 164.720047
203.632324, 138.649490, 165.828491, 165.083771
204.622498, 136.457870, 164.296494, 161.385223
201.526138, 138.324493, 166.715302, 165.297836
202.194885, 137.659363, 164.571152, 164.783554
198.581467, 135.976898, 168.315475, 164.098419
200.940842, 137.539688, 166.901978, 165.881577
202.484344, 136.806732, 165.638550, 166.070251
207.235001, 135.595291, 168.690659, 166.332870
203.884140, 137.593506, 164.956131, 164.373688
201.956940, 136.951401, 167.735428, 167.907211
204.107834, 136.472092, 167.477753, 166.741653
204.388229, 135.155029, 167.746414, 168.061966
203.355331, 136.207825, 169.565170, 168.876633
203.221069, 136.239853, 169.667282, 168.953278
203.117294, 135.229782, 170.315811, 170.339264
202.802231, 136.519272, 170.183792, 169.463837
202.507431, 136.680389, 168.734558, 169.225769
201.185333, 137.171005, 169.692398, 169.264374
201.414978, 138.469421, 168.084991, 167.161423
198.882584, 135.695389, 172.476730, 172.924576
199.039642, 135.719574, 171.376755, 172.902817
198.505890, 135.701920, 171.971130, 174.342056
198.185928, 136.005814, 172.460709, 174.016602
197.755920, 129.378174, 175.987259, 175.604507
198.509628, 136.237778, 172.188782, 173.923599
201.171021, 137.334717, 173.148834, 169.805099
198.071350, 129.498077, 175.043228, 174.328613
198.442368, 129.364944, 175.082886, 175.012817
198.151779, 129.802582, 175.879471, 175.221512
198.058548, 129.340988, 175.882431, 175.455368
197.231064, 128.874634, 176.802444, 175.836288
198.042801, 129.148605, 175.667404, 175.475143
196.294891, 128.361298, 177.232315, 174.989578
197.140060, 128.491135, 175.105743, 173.033524
196.960785, 128.570389, 174.740677, 173.380600
199.554520, 137.350372, 169.499969, 168.558350
198.833313, 136.182938, 169.937347, 169.462555
198.038498, 128.519379, 174.116211, 172.136444
199.970840, 135.634781, 168.723694, 168.162811
199.412399, 136.695953, 168.687836, 166.095840
200.051895, 135.300858, 167.989883, 166.108246
199.007629, 135.743790, 169.058533, 165.542908
201.265182, 134.879761, 168.120773, 165.523193
201.199341, 135.250458, 167.696030, 164.542038
201.385971, 134.098984, 168.904709, 166.049469
201.714249, 134.257736, 167.857544, 165.274445
201.163254, 134.441864, 168.157944, 164.828262
201.993744, 134.960907, 167.347473, 163.711349
203.855438, 136.124359, 165.908737, 162.893234
203.523148, 136.080566, 167.925690, 163.770889
203.552261, 136.160400, 167.162125, 163.627350
204.232025, 136.820557, 166.348450, 161.621475
204.201736, 136.924026, 166.434296, 161.580383
203.519974, 136.443100, 167.858215, 163.133636
204.096359, 137.299805, 166.615372, 161.603165
205.034943, 137.093735, 166.788010, 162.119446
204.907486, 138.405640, 165.341888, 160.539291
205.972595, 137.748795, 166.051376, 160.746399
206.258789, 138.216263, 165.358368, 160.288147
202.749664, 142.035736, 168.282074, 157.195190
206.719925, 138.999802, 165.728928, 159.607666
206.710526, 138.516647, 166.178543, 160.864197
204.710403, 137.737427, 167.295776, 163.216904
204.820389, 142.109024, 166.389221, 161.971252
198.876480, 138.922913, 170.920013, 165.381882
199.551529, 138.261383, 170.721375, 167.611710
199.318436, 136.863480, 171.649460, 170.155029
198.676941, 137.075806, 172.196442, 171.962112
199.047699, 136.877640, 172.794769, 173.301895
197.145325, 140.447617, 173.006744, 170.850159
198.617386, 130.542969, 176.419724, 176.236465
201.652283, 138.471069, 176.048035, 177.900055
199.478561, 130.517883, 176.428436, 177.232880
199.313644, 130.112503, 176.688263, 177.505768
199.382339, 138.951035, 172.913849, 173.917984
200.967712, 137.202759, 177.507507, 181.089981
199.027893, 138.469315, 173.746002, 175.267151
199.128067, 138.724548, 173.678329, 175.144028
199.081070, 138.939682, 173.203201, 173.983322
198.807114, 129.693634, 176.231674, 178.564651
196.141617, 128.906540, 178.051849, 179.077621
195.631149, 136.882446, 174.423645, 174.760666
194.702454, 136.268555, 174.802475, 175.234665
195.029572, 136.734833, 173.289673, 174.739014
197.425827, 140.643707, 169.955338, 171.787964
196.278259, 136.199753, 172.344604, 175.132721
196.065948, 140.683716, 171.593903, 172.176743
193.836014, 138.279526, 174.193344, 174.459641
196.030350, 140.395386, 171.254440, 171.348511
196.364532, 143.319717, 169.308273, 168.732895
194.709152, 143.224426, 168.984634, 167.234222
193.603760, 144.117874, 166.973846, 166.574326
192.483398, 144.699249, 163.413239, 165.321732
188.330612, 142.210785, 167.515717, 169.048828
185.696304, 142.185974, 164.520325, 163.719315
185.086395, 141.222305, 159.552490, 169.978149
182.473312, 140.290253, 161.060989, 173.996857
182.004211, 136.803909, 166.865570, 170.008179
183.248199, 136.145172, 166.078613, 170.441605
182.579468, 139.739578, 161.215836, 176.699387
182.137451, 140.540909, 160.814682, 175.151169
183.992188, 139.818405, 158.806595, 172.902466
184.508347, 139.804108, 159.212570, 171.725983
186.053772, 141.555511, 159.224258, 170.030258
187.425644, 138.166138, 166.645126, 167.797348
185.545624, 138.439346, 168.919113, 169.639969
191.945755, 144.423569, 155.262421, 161.210587
192.246933, 143.020187, 167.328705, 168.184265
196.223083, 141.243393, 169.054306, 171.038528
199.521423, 141.126740, 170.721680, 173.213699
196.632370, 139.212357, 173.849838, 173.768463
203.124069, 130.342377, 173.110901, 173.319138
200.536545, 140.081604, 170.533371, 173.177094
201.478760, 135.957138, 171.804153, 173.790939
201.266006, 136.700226, 172.688553, 173.293411
204.306747, 129.035599, 174.828857, 175.170685
204.186432, 128.408096, 175.514938, 176.463135
205.927475, 136.848145, 169.388153, 173.013611
206.021545, 128.308487, 175.826202, 177.675110
207.870270, 128.124176, 176.047302, 178.375397
208.189636, 127.675728, 175.967987, 178.558304
209.030853, 127.867119, 175.465546, 178.052597
207.799774, 126.987778, 175.959839, 179.336731
207.501160, 126.963287, 175.323425, 179.062164
209.847031, 136.486908, 166.720215, 170.616394
210.436768, 136.634552, 165.745773, 171.593552
207.584976, 133.646286, 170.814484, 175.496307
213.388794, 131.498306, 165.857666, 172.392365
210.383804, 129.214462, 171.221817, 176.620941
211.139160, 129.801331, 168.021912, 174.865433
210.850540, 126.221390, 169.764633, 173.818375
217.975632, 127.372658, 164.317963, 168.244308
218.319794, 126.489609, 165.202499, 165.822418
219.518539, 124.777542, 164.713379, 165.194916
224.293884, 121.283623, 154.173630, 160.359299
224.779053, 123.719139, 160.052963, 158.283615
230.068771, 124.021652, 154.309952, 157.227402
224.278961, 123.210556, 156.691986, 160.042038
217.808945, 125.319016, 163.032806, 161.619614
216.468338, 123.382309, 167.365295, 165.014130
220.562088, 125.922874, 166.081512, 167.313812
225.187073, 127.931396, 156.908920, 164.343719
222.495117, 129.183060, 163.013870, 167.312561
218.760025, 130.488724, 163.892731, 167.598648
218.834076, 129.487808, 166.622070, 165.063202
212.815170, 126.537552, 169.385574, 171.047211
220.366150, 130.007690, 159.957352, 163.418655
215.863846, 133.162079, 160.796738, 163.589462
214.941269, 133.054276, 162.829269, 163.795441
207.679901, 133.003815, 167.773956, 168.915283
209.455048, 132.867218, 167.875137, 165.379944
206.705414, 134.510010, 168.791718, 169.511673
207.544662, 135.659912, 168.137497, 168.652603
210.735596, 132.695313, 166.981155, 166.238449
208.897263, 146.502151, 166.032867, 163.221710
201.009079, 157.967438, 169.415207, 162.085648
203.616776, 160.669205, 164.436111, 157.923859
206.490341, 159.037628, 164.125015, 160.049438
203.545776, 164.027435, 160.830978, 161.861328
195.974365, 167.135925, 167.816452, 160.760376
191.939438, 164.913177, 174.142197, 166.880249
193.447144, 165.702698, 169.161942, 165.582977
192.692795, 165.865753, 169.047043, 165.270569
192.429199, 166.030762, 169.949066, 164.691055
188.597733, 164.483612, 169.936203, 161.942932
191.087296, 166.836624, 174.803787, 167.706390
193.628616, 164.437454, 172.262665, 166.938049
186.907639, 164.785736, 175.535660, 169.610123
191.921326, 164.012253, 173.343079, 168.165909
192.523666, 163.539719, 172.215103, 167.937378
191.201630, 159.854614, 170.871094, 165.194763
182.891190, 157.836197, 176.689896, 169.328598
181.216431, 154.742737, 175.633682, 166.318863
182.466873, 156.875671, 177.475525, 172.230682
181.321152, 151.826782, 175.640564, 169.936691
182.722992, 148.426193, 171.882889, 165.249756
179.239334, 145.241028, 174.463242, 167.285309
185.513702, 138.969513, 170.179947, 168.226654
185.403000, 135.905334, 170.058182, 168.303543
191.716248, 126.954834, 170.157379, 171.279694
197.058929, 133.982117, 164.925400, 169.421631
200.421799, 129.580383, 160.505890, 169.252014
203.930771, 128.072540, 159.678787, 167.912186
207.026199, 130.740601, 161.113998, 167.195709
204.011353, 130.334793, 163.833527, 168.323181
205.835495, 125.278450, 166.249802, 172.337769
205.058960, 127.034302, 167.673294, 172.771637
208.506271, 126.822037, 167.608963, 173.757248
209.864563, 127.790741, 166.791687, 173.403976
211.503876, 128.841858, 167.563568, 175.007843
219.974319, 132.615005, 158.081268, 173.097534
211.858444, 129.501312, 169.496475, 173.672180
214.932220, 126.954926, 165.507782, 172.978622
217.355469, 123.437195, 165.095749, 169.697174
219.486008, 124.439468, 164.728607, 166.791351
219.109207, 120.081543, 168.420609, 174.145660
219.274109, 125.622635, 165.506226, 172.826019
217.854202, 124.626434, 166.620422, 172.623032
218.204102, 124.939751, 167.058853, 173.018936
222.098404, 128.188980, 160.432892, 172.378906
226.917099, 130.854553, 157.596603, 167.057556
225.988449, 130.594894, 159.393936, 167.951553
222.395401, 126.551773, 161.533936, 169.990936
224.176483, 132.291534, 157.261307, 165.304352
215.393387, 125.317032, 167.240173, 170.361206
215.163513, 124.955269, 166.318649, 169.959381
213.250473, 123.335190, 167.504898, 171.287292
216.118805, 125.628784, 163.612152, 167.739777
219.536835, 121.604736, 160.203842, 166.171432
217.093094, 126.951538, 167.914398, 169.892609
217.883545, 122.238113, 163.702576, 168.471283
215.817474, 127.097839, 164.195969, 169.098190
219.339645, 127.679359, 165.724274, 170.714127
214.869812, 127.011887, 165.860779, 169.221619
219.905289, 127.997192, 164.805496, 169.971466
209.598282, 127.141609, 172.070679, 171.422348
209.449875, 128.215225, 171.679337, 172.196442
209.041595, 128.407120, 171.949310, 171.240570
208.392944, 128.263947, 172.017380, 171.339951
208.718704, 126.379143, 170.904816, 170.385254
208.440979, 127.446350, 170.375671, 169.906998
220.935059, 132.431580, 156.389954, 165.720718
213.451630, 129.878906, 166.165329, 170.535339
221.602280, 132.524033, 156.136261, 165.662735
221.039764, 132.653748, 156.235992, 165.487473
221.078659, 132.962570, 156.031662, 164.772552
209.911957, 132.094315, 167.915298, 165.748001
208.304123, 132.305420, 169.502640, 167.200882
208.144165, 133.318817, 169.098038, 166.202560
208.266861, 133.603897, 167.806244, 165.385452
207.062820, 132.164017, 170.205673, 168.079910
211.339096, 131.356354, 166.772995, 169.729111
207.129196, 131.578094, 170.468521, 169.119522
219.445450, 134.935913, 155.285370, 165.345184
206.306580, 131.857330, 170.682953, 169.723511
206.910706, 132.047272, 172.197418, 175.209412
207.761627, 130.378555, 171.330185, 176.048096
206.743973, 132.252609, 171.128479, 173.743362
206.666550, 131.980942, 172.222260, 175.474075
207.015732, 128.964447, 173.592407, 178.830795
206.887344, 130.434662, 172.720291, 177.387329
206.308670, 128.320770, 174.964432, 180.910553
206.423843, 130.950974, 173.161041, 177.376877
205.645859, 130.650925, 174.226898, 178.943069
205.683273, 129.828094, 174.968170, 179.280518
210.337601, 133.410370, 165.460754, 167.498917
210.764374, 133.566376, 164.619934, 167.472900
206.772629, 133.961563, 169.322723, 166.891083
206.443497, 134.125992, 168.879547, 166.735535
206.526138, 134.116043, 169.134659, 167.237473
206.774384, 134.041687, 169.524933, 167.247223
207.494553, 134.541092, 168.656097, 166.689865
209.079529, 134.216339, 168.543198, 166.561600
210.055222, 127.661835, 171.570343, 172.054688
209.228989, 127.373642, 171.723709, 172.490570
210.301529, 127.864647, 170.829987, 171.556580
209.277527, 128.165970, 171.223282, 171.699051
208.401581, 127.397903, 172.488846, 172.960648
207.522934, 127.728951, 173.299911, 173.114075
208.813171, 128.071716, 171.572662, 172.058228
208.163986, 129.142136, 171.230606, 171.610504
207.354706, 128.929077, 172.100739, 172.318237
208.347885, 129.400436, 171.130386, 170.845703
208.549271, 128.995163, 170.666046, 171.092941
208.104477, 129.571182, 171.173416, 170.683151
207.329086, 129.328934, 172.069977, 171.046204
207.058060, 129.300964, 172.158112, 171.042633
210.779327, 135.538040, 165.633545, 167.133759
208.223694, 129.413467, 171.806000, 170.516846
206.008835, 137.689606, 167.545364, 165.136490
208.059341, 139.254822, 165.639175, 162.045853
205.774521, 137.884354, 168.305481, 165.496552
207.834991, 130.529327, 172.185104, 169.116043
205.629349, 137.456558, 168.863342, 167.932205
206.578568, 131.881042, 172.891052, 170.890823
201.915726, 136.849319, 173.160477, 169.713623
201.837204, 136.013214, 173.889709, 171.151276
203.718964, 137.408829, 168.880768, 168.342575
201.649338, 136.946060, 172.772781, 170.375153
205.357315, 138.123596, 167.303146, 167.409775
201.346283, 136.925766, 173.305023, 170.694260
203.776657, 135.965897, 170.040329, 169.339783
202.554733, 136.624893, 172.064728, 169.630005
203.366196, 136.409515, 171.691010, 170.197922
209.101349, 130.783600, 170.057419, 169.834976
204.739136, 136.288254, 171.679703, 169.991058
205.184799, 137.950775, 169.792496, 167.933212
204.809479, 138.054489, 170.645020, 169.097092
209.075806, 129.060516, 171.242722, 173.643570
208.081818, 128.844742, 172.343216, 175.060074
206.556396, 128.953323, 173.027618, 174.848465
206.979492, 129.393814, 172.785995, 174.107162
205.128479, 129.030060, 174.781586, 175.221237
207.004639, 134.754181, 171.015091, 174.123657
204.399887, 129.103027, 174.165619, 175.137848
201.859741, 137.947601, 172.647964, 170.817764
201.315781, 137.132019, 173.560196, 172.088089
201.918640, 137.022766, 173.604904, 172.204300
200.970886, 136.288269, 175.227264, 172.952637
200.726273, 136.807159, 175.110352, 172.834534
205.796173, 129.564911, 172.892746, 173.611496
202.817963, 137.482697, 171.999680, 171.738525
201.236298, 136.798615, 173.525833, 173.215897
201.552505, 137.548645, 173.252228, 172.797241
201.750992, 137.574646, 172.949203, 172.615189
201.724304, 137.202698, 172.899094, 172.704330
201.640167, 137.455627, 173.246002, 173.057846
201.079437, 136.967743, 173.946915, 173.863388
200.957291, 137.537262, 173.735733, 173.831970
203.415604, 129.886826, 175.030792, 175.303833
206.687317, 130.649200, 171.616943, 173.137970
207.244858, 132.011719, 170.465378, 171.178055
201.920700, 137.659637, 173.929062, 175.359055
201.055313, 137.732819, 174.857056, 175.658630
199.606674, 137.349060, 175.733063, 175.030197
200.744049, 138.484711, 174.655640, 174.760788
199.382202, 137.788208, 174.977219, 174.570740
198.997299, 138.163635, 174.911362, 174.278000
199.314499, 138.937241, 174.821075, 174.875534
199.591537, 138.289093, 174.303391, 174.715820
198.536469, 136.508133, 176.332184, 175.289871
200.184616, 136.333801, 174.738876, 174.531952
199.128799, 136.392334, 175.852905, 175.539948
201.495117, 137.866211, 172.946533, 174.609314
200.497696, 136.336975, 173.806992, 174.059387
198.539032, 137.294678, 175.021362, 174.243530
199.339691, 136.723862, 174.820404, 174.609695
199.995529, 137.722504, 173.912048, 173.538574
199.392593, 137.925201, 175.054123, 174.431564
206.267853, 140.069092, 165.013885, 169.166840
202.530853, 137.470215, 170.736984, 172.292084
204.633102, 137.429565, 171.125977, 173.135269
206.219498, 140.918335, 165.612076, 169.777985
207.178726, 143.593094, 165.398254, 165.809067
201.164307, 145.700470, 175.042465, 173.755646
210.049469, 149.066177, 160.132050, 163.106644
204.656128, 148.315323, 168.895721, 165.501419
204.952332, 155.187042, 164.568497, 161.866608
202.934738, 157.502029, 167.327148, 162.446304
205.050034, 161.662964, 164.939728, 158.143539
201.776077, 161.668152, 169.148849, 161.390167
204.499695, 164.858200, 159.475784, 160.740051
203.166870, 164.560791, 161.045929, 161.890900
201.188309, 163.865570, 168.666534, 165.806671
203.581848, 164.892120, 161.555344, 162.768616
201.737686, 162.839966, 167.015579, 164.190460
201.254776, 161.438614, 169.490479, 164.625183
200.697678, 160.065613, 169.122818, 163.072739
201.523651, 159.653244, 169.078766, 163.296356
201.993271, 159.774216, 169.710449, 163.481567
201.519958, 158.166992, 170.174988, 164.081558
198.867752, 156.380630, 172.416458, 167.099396
195.535583, 158.082687, 172.270309, 169.144470
201.639801, 152.060059, 166.620514, 164.282684
199.322617, 156.854050, 168.086868, 164.685593
196.356903, 155.201569, 172.975922, 168.694061
195.728134, 155.084595, 172.828186, 168.216049
197.929977, 155.972733, 171.086212, 169.011444
197.292297, 154.592590, 171.645706, 165.810120
197.347748, 153.988724, 173.310883, 170.113297
197.591995, 153.785217, 172.512909, 170.445526
197.627197, 154.077255, 172.101242, 169.486557
197.200211, 153.199966, 172.795395, 171.378250
196.694992, 154.046432, 173.729691, 172.202286
204.920990, 151.068359, 165.612183, 165.198532
203.529770, 149.406601, 167.435699, 164.775009
193.319305, 152.719742, 175.098206, 171.755798
193.963303, 154.550354, 170.739716, 170.434265
195.189789, 153.678391, 171.138657, 172.139450
196.960098, 148.497299, 169.945587, 173.508438
194.251480, 146.544098, 174.127258, 176.618668
194.504486, 144.370575, 174.520508, 176.309372
195.625000, 145.169327, 171.805939, 173.525177
194.925385, 143.888687, 172.546509, 172.875015
194.756348, 143.495178, 172.673965, 172.750824
196.161713, 141.717819, 170.804245, 172.410400
197.524551, 139.430984, 171.739441, 172.426865
202.393234, 137.282654, 168.362854, 171.427078
203.410965, 135.985626, 168.108521, 171.177612
205.713882, 131.100067, 169.479141, 168.123749
207.270447, 131.060760, 168.870544, 169.719650
207.753128, 129.183823, 168.961411, 174.008240
208.635696, 129.130280, 169.512314, 174.384247
204.679489, 132.242981, 170.089859, 176.006500
206.188995, 129.749634, 171.218201, 174.769562
204.501266, 130.314499, 170.883804, 174.831573
204.748947, 130.484467, 170.254303, 172.881943
210.153000, 129.301804, 167.842941, 171.109360
209.947052, 128.552933, 168.444977, 172.446533
206.631775, 131.439026, 169.208374, 172.630859
211.088287, 129.088043, 166.342743, 171.679688
211.192963, 128.612625, 165.328018, 170.650940
205.132431, 130.911621, 170.286194, 173.818588
211.492569, 127.125877, 170.254623, 174.637405
211.399521, 127.437057, 170.371994, 174.742142
212.594971, 126.966278, 169.840225, 174.780319
205.985901, 130.284363, 170.649582, 173.650269
206.354782, 131.062500, 170.077728, 174.279648
206.556534, 131.572937, 169.927582, 173.619919
206.108551, 130.950668, 170.628677, 173.688797
208.718933, 131.739227, 168.220963, 171.925171
211.475494, 129.790466, 163.771210, 167.732071
209.819794, 129.335083, 165.273788, 167.760117
210.125504, 129.321930, 165.290268, 167.663528
211.099258, 130.455338, 164.665634, 167.390228
210.324371, 127.912819, 170.290695, 173.187607
210.213257, 128.206207, 169.672409, 173.412079
210.240555, 129.312775, 169.457687, 171.938431
210.873703, 128.372986, 169.730820, 173.823837
206.636658, 127.424416, 176.005051, 181.186554
206.264114, 131.107193, 170.249420, 172.859619
206.810654, 133.041031, 170.412689, 173.686172
206.678177, 133.097748, 170.728485, 173.969177
208.165985, 133.201691, 169.875122, 174.099518
206.744034, 133.997635, 170.526672, 172.816864
207.378372, 133.332855, 171.056030, 174.085953
206.716537, 134.684891, 170.676117, 172.543839
206.839371, 132.894958, 171.341537, 174.824814
206.975891, 133.744232, 171.291336, 174.490585
206.412781, 132.898178, 171.914551, 174.901703
205.536545, 132.959106, 172.647980, 174.674515
206.282791, 132.289886, 172.271149, 175.560318
205.869446, 132.335556, 172.975021, 176.532089
205.851028, 132.230255, 172.287964, 176.038696
205.777069, 132.593567, 172.347794, 175.687119
205.848251, 132.508240, 172.345901, 175.869690
204.982712, 131.937256, 173.615356, 176.444077
206.505371, 132.733704, 171.439316, 175.687439
206.340683, 132.683029, 171.350082, 175.499435
206.672211, 132.871643, 171.002930, 175.514542
206.540436, 132.853638, 171.114731, 175.807861
205.830200, 133.303085, 171.297073, 175.275375
205.059250, 132.588318, 171.995132, 175.546860
205.135315, 132.618637, 171.731812, 175.289566
204.975174, 132.861572, 172.041031, 176.465820
205.053604, 132.762177, 171.658157, 174.535614
204.066528, 131.959198, 173.725677, 178.102829
204.797318, 132.859848, 171.105576, 175.410400
205.945709, 133.660294, 169.104874, 174.268555
208.387299, 134.926224, 165.597488, 172.559830
209.449554, 129.541901, 166.573761, 172.738922
208.534851, 129.552811, 167.488724, 173.142532
207.095276, 129.705063, 169.188019, 174.305206
203.748917, 129.792114, 177.606934, 184.900177
203.955322, 129.795502, 177.334824, 185.266373
203.546478, 129.710892, 177.210464, 184.961578
206.122467, 130.032776, 169.041443, 174.179199
202.677933, 130.796127, 178.569077, 184.939026
202.795578, 130.935318, 178.605728, 184.940613
205.330673, 129.752274, 169.526031, 175.358810
207.109482, 130.543701, 167.079803, 172.746201
208.202362, 132.171967, 173.864288, 181.222458
209.183228, 132.220764, 173.269775, 180.537231
211.752380, 133.471115, 171.856781, 178.689499
208.984787, 134.479446, 173.896957, 180.061264
207.717957, 133.347244, 175.681396, 180.647430
207.695831, 133.106155, 175.948486, 180.952072
206.579224, 134.324554, 175.394836, 180.105042
206.711807, 133.996078, 174.868286, 180.130966
206.393738, 132.794983, 175.468323, 180.448196
207.407669, 129.567871, 167.391327, 172.213211
206.479889, 129.448807, 167.541351, 172.897598
205.781265, 129.339813, 168.012695, 172.545563
201.272400, 133.256622, 177.103149, 181.460205
206.966492, 136.136887, 170.077301, 175.155685
205.488586, 130.018188, 166.968750, 172.108841
204.535782, 129.224655, 168.043381, 173.090454
205.070465, 130.013901, 167.030701, 171.534439
203.500015, 129.031128, 167.448990, 170.578918
204.051071, 129.739822, 167.433075, 170.146530
205.078156, 136.560867, 163.747665, 168.510193
203.927811, 135.595688, 164.794434, 168.685928
201.425140, 128.533325, 168.607132, 169.770142
202.616165, 137.215012, 165.463425, 166.107758
201.929489, 128.920258, 168.070618, 168.901215
203.455154, 136.770523, 165.948898, 166.288956
202.260147, 136.228012, 164.948669, 165.487076
202.401489, 136.182892, 166.791687, 165.498169
202.353317, 135.949188, 166.120377, 164.506012
202.415359, 134.802994, 166.075455, 164.543930
202.946533, 135.558685, 165.151230, 164.222946
202.576614, 134.315231, 165.006744, 165.168076
203.398087, 133.521576, 164.188538, 165.401367
202.502884, 135.105148, 164.515305, 164.959671
202.613327, 135.309845, 164.221680, 164.866302
202.653351, 136.752060, 164.602386, 166.056015
203.672546, 137.128876, 162.919266, 164.997986
201.677490, 128.664032, 171.077560, 169.472931
202.799973, 128.669083, 169.830704, 169.220032
202.442322, 129.172760, 170.596649, 169.461609
202.782379, 129.472336, 170.103928, 169.217514
202.267212, 129.866577, 171.056290, 169.767960
202.773560, 130.182709, 170.556366, 169.331909
202.646912, 130.026733, 170.714432, 169.536072
202.938004, 130.125183, 171.105225, 169.347412
203.224350, 130.082153, 170.164505, 169.336166
202.535660, 130.106293, 170.963562, 169.370987
202.476379, 130.056107, 171.001099, 169.186905
202.959030, 130.461502, 169.946152, 167.784164
203.372742, 130.543671, 168.644073, 166.467331
202.847122, 130.219986, 168.807404, 167.309937
204.063522, 135.309296, 166.750412, 162.400497
204.076324, 135.407318, 166.273834, 161.560806
204.305542, 134.735794, 166.202469, 161.678925
205.611450, 134.186691, 165.287720, 162.519928
200.299484, 134.793701, 173.604446, 174.757019
206.523422, 136.446899, 162.799484, 160.970154
205.925293, 136.111984, 162.500565, 161.098633
204.838043, 136.555344, 163.743912, 161.371902
204.158234, 136.498093, 164.237137, 161.564651
198.318405, 133.251038, 175.452927, 176.615234
202.471848, 136.160645, 165.163086, 162.180511
204.053543, 136.150436, 163.871628, 161.872452
204.125046, 136.404175, 164.023056, 162.183975
203.442993, 137.065552, 164.853943, 162.624115
203.824585, 136.793015, 164.899933, 162.095230
204.254700, 137.028091, 163.864731, 160.456635
204.947968, 136.714844, 163.963562, 160.532135
205.646835, 136.913177, 164.118500, 160.244598
205.325684, 137.633575, 163.884872, 159.423386
205.144333, 137.742111, 164.077682, 159.438721
205.400497, 137.960022, 163.721542, 159.053284
205.711914, 136.410110, 163.664551, 159.352753
206.127228, 137.129318, 164.114532, 159.546600
205.969025, 136.873688, 164.253021, 159.873291
200.427704, 139.244690, 166.316360, 160.265121
201.148209, 139.386520, 166.291794, 162.147827
203.628326, 139.581238, 166.164825, 163.300797
204.516144, 140.160675, 166.585648, 162.312683
204.138733, 140.529953, 166.097855, 162.860779
203.946945, 141.228271, 166.351761, 162.789063
203.652359, 144.409561, 164.918716, 161.228729
203.355255, 144.162811, 164.817429, 161.139221
200.852020, 142.783859, 167.852356, 164.136017
202.393723, 142.199677, 167.144821, 163.482666
202.220535, 141.752472, 167.688904, 164.362518
203.854523, 143.040527, 166.340683, 163.141586
197.608917, 143.758820, 171.155762, 164.651291
197.867706, 144.657562, 170.146530, 164.778244
195.906921, 146.884430, 172.437943, 165.762253
203.497177, 147.334488, 165.213181, 158.179245
204.521622, 148.372116, 164.405609, 157.176697
202.123672, 149.429443, 165.705765, 157.599365
197.252975, 154.748108, 168.700531, 158.190247
203.975067, 156.936111, 162.091049, 155.258133
201.005630, 158.948105, 163.462280, 157.019348
202.932281, 160.903366, 161.942230, 155.705841
203.487473, 162.479218, 161.195511, 154.972931
201.126007, 164.899307, 159.280701, 157.433273
196.371353, 166.009262, 164.673065, 156.503708
197.959198, 166.889297, 162.488998, 153.447205
200.022552, 167.933746, 161.476883, 153.502106
198.399200, 167.469040, 163.769424, 154.486557
198.628906, 167.811066, 163.127304, 154.595810
198.498505, 169.269379, 163.222183, 154.122757
201.634720, 168.048920, 164.614883, 157.250168
202.511200, 168.816589, 163.448395, 156.286133
201.404297, 168.414246, 163.736679, 155.854324
200.896393, 168.934982, 163.714523, 156.101639
201.103546, 169.976044, 162.611542, 154.515244
199.779785, 169.865967, 163.429718, 155.361435
196.874146, 170.114929, 164.235809, 156.167892
197.699371, 169.900742, 162.768600, 155.603897
192.394333, 170.257416, 169.042297, 158.254532
191.819366, 170.576935, 168.569870, 157.296082
192.260818, 170.442749, 169.132339, 160.523773
191.786957, 170.193329, 169.295242, 160.164871
193.775345, 170.912018, 164.825134, 157.238464
193.309814, 171.013824, 167.317398, 157.058701
193.668945, 171.022644, 166.523605, 156.728806
193.506332, 170.970062, 166.385956, 156.661819
194.990555, 171.792236, 162.674438, 153.871307
198.361404, 172.259903, 159.320419, 151.088043
197.855545, 172.906006, 159.853271, 151.071060
198.002457, 172.604980, 159.962967, 150.847137
195.309052, 172.133118, 161.395020, 151.070526
196.109573, 171.937973, 162.687408, 152.953400
194.893234, 171.851288, 163.943237, 154.117905
190.618958, 171.574448, 168.417252, 155.970642
190.951126, 171.025116, 167.427353, 156.142578
196.491547, 170.618591, 163.742447, 155.285492
196.153046, 170.606949, 163.754791, 154.519562
193.154770, 171.267456, 165.292206, 156.874756
193.399109, 171.711288, 164.386230, 154.075638
194.180817, 170.911484, 165.575073, 156.678848
194.313171, 170.344986, 165.723343, 157.098801
194.086746, 170.575348, 165.235474, 156.348480
193.833755, 169.804153, 166.053116, 156.947937
193.391403, 169.926697, 166.375381, 157.786942
193.086014, 169.571060, 166.811798, 158.067780
193.165726, 168.024719, 165.883331, 157.165695
193.281296, 165.021469, 165.410049, 159.214340
191.368759, 160.395813, 170.521378, 165.304688
190.712219, 156.714432, 170.806335, 168.900833
190.082581, 154.466660, 171.773300, 169.685654
190.664276, 154.173157, 177.111404, 175.603180
189.669861, 153.270340, 173.932281, 173.370834
190.504837, 152.203964, 174.818985, 174.026489
188.806046, 150.362701, 177.203979, 179.168762
188.272964, 150.506836, 178.346252, 180.109711
186.464523, 150.514587, 179.843338, 182.364609
188.729874, 150.403336, 178.196350, 180.115005
187.172256, 149.317978, 180.452713, 183.165222
201.270187, 151.094559, 166.414612, 168.262222
193.433670, 151.581543, 174.414139, 175.888580
192.798355, 150.614517, 174.450851, 175.494446
200.691177, 149.492981, 166.020355, 167.488541
192.877533, 148.530075, 174.082962, 174.755035
193.073364, 147.696152, 175.103729, 175.705872
191.969803, 149.247467, 174.823944, 174.737793
203.797195, 147.289001, 165.146042, 166.911621
202.880219, 145.556259, 165.001907, 167.160645
201.843460, 144.536957, 165.528778, 167.350693
202.455078, 144.579178, 165.715271, 167.309662
201.641846, 144.380966, 166.277145, 166.880753
203.228241, 145.066711, 165.230484, 167.045303
202.726486, 144.814407, 165.407364, 167.165970
202.573578, 144.550720, 166.164734, 167.408752
202.622482, 145.056824, 165.826324, 166.859726
200.626389, 151.035446, 165.482590, 168.628204
197.935226, 147.653625, 173.982391, 175.358398
197.096451, 147.397369, 174.605606, 174.767197
197.863403, 148.444794, 173.154617, 173.486252
197.242355, 148.506134, 173.525604, 173.549454
197.340454, 148.253815, 172.612762, 173.555618
197.713852, 148.637390, 173.649429, 173.108414
194.792816, 149.826080, 169.584229, 169.991989
202.826370, 147.342514, 165.193802, 167.054199
202.744110, 146.674866, 165.712311, 168.178391
202.093948, 147.146027, 165.923859, 167.501770
202.365677, 147.310303, 165.447418, 167.263550
194.013901, 150.288422, 174.680191, 173.646271
201.145966, 146.334396, 166.890244, 168.967728
201.430054, 146.661957, 166.661728, 168.686584
200.556717, 146.144867, 167.308167, 169.334946
200.788605, 146.916412, 166.881958, 168.143982
200.371933, 146.864456, 167.156723, 168.086624
200.015839, 145.870453, 168.057724, 169.411179
199.778015, 145.869217, 168.211594, 169.426056
202.510681, 148.192368, 165.878128, 166.998077
200.380417, 145.916656, 167.913727, 169.243668
202.035797, 147.895706, 166.348450, 166.932526
194.266846, 152.365387, 173.082321, 172.773941
193.568283, 152.845306, 172.556061, 169.268051
193.417847, 152.128281, 171.768448, 167.799332
194.690979, 152.818024, 169.797592, 166.576553
193.895782, 153.816086, 170.429138, 166.753769
193.167252, 157.214996, 170.997711, 162.434128
193.186707, 157.138580, 166.577805, 161.923523
197.031937, 157.393387, 167.028839, 161.970383
198.015869, 159.201401, 163.733597, 160.097137
196.312988, 158.613113, 167.137253, 161.296310
196.309677, 158.818970, 166.837433, 161.514191
200.480560, 160.623001, 162.638367, 159.834808
196.197067, 160.569992, 165.959381, 161.642242
195.123398, 160.493835, 167.762512, 160.414261
196.703720, 160.717163, 168.547821, 161.831696
198.137909, 161.226837, 166.912521, 159.959305
198.128754, 161.539734, 166.025711, 159.317734
197.659058, 161.829315, 166.890640, 160.662460
193.630768, 162.705261, 168.787262, 160.845245
194.697159, 162.847946, 168.646088, 161.126694
192.458023, 163.234955, 168.311951, 159.569656
196.316574, 162.493317, 166.034195, 160.687103
194.934219, 163.026108, 166.236832, 160.051514
188.046066, 162.867920, 175.204056, 168.837799
189.738754, 162.459854, 172.141159, 166.858429
187.621002, 159.894379, 168.374084, 161.158005
191.606110, 171.622665, 165.387802, 164.753143
192.236679, 173.992554, 165.628708, 163.650101
193.574463, 171.871277, 166.329742, 163.556458
194.918320, 171.561798, 164.286285, 163.862778
193.569443, 170.562347, 167.820084, 165.265869
194.197250, 170.114502, 167.338608, 162.231033
194.085266, 170.363113, 167.686401, 161.801041
193.545883, 170.101364, 168.824692, 163.358017
192.884460, 170.256577, 169.762894, 162.883057
192.829788, 169.317627, 169.484985, 163.821167
192.588135, 169.309265, 169.281448, 163.699081
190.689468, 170.268829, 169.601791, 162.456726
191.051315, 170.052216, 168.658249, 164.635605
188.155411, 169.501450, 169.615326, 162.737961
188.035492, 169.295715, 169.496201, 162.230072
188.140305, 169.275558, 169.434036, 162.588303
189.605698, 168.674606, 167.279297, 161.344955
185.700043, 168.899323, 170.619690, 166.241257
188.677155, 166.894135, 167.772461, 164.976486
186.558624, 169.108826, 169.029114, 163.336731
187.469421, 169.178360, 168.729996, 163.409088
188.021561, 168.781097, 168.975693, 163.483200
190.389847, 167.760300, 166.316223, 163.727783
189.806107, 168.422760, 166.488861, 163.902328
189.761856, 169.047043, 166.805252, 163.471329
191.161880, 167.697906, 167.699570, 164.913132
190.742004, 169.237656, 167.290024, 164.801895
191.931641, 169.033112, 166.255127, 164.657806
191.950684, 168.861755, 165.769592, 164.624161
189.287796, 167.210312, 168.661911, 165.177048
189.615906, 165.596436, 168.595322, 165.735535
190.033936, 164.326614, 167.439560, 164.621750
188.127213, 164.245483, 169.563232, 165.196762
188.458618, 162.323364, 167.937927, 163.351868
188.976257, 161.268906, 167.509323, 162.641205
188.781982, 161.406998, 167.195175, 160.778305
188.434891, 161.550507, 167.581772, 159.575912
192.589233, 162.584488, 165.860550, 157.883331
187.380905, 164.621307, 170.308701, 160.972610
191.189377, 163.852036, 166.562180, 157.461060
191.284561, 163.809525, 165.223434, 157.227295
188.239334, 165.533173, 166.282166, 156.560852
189.429871, 166.032700, 165.942947, 155.499634
189.515961, 166.486404, 165.122299, 154.960983
189.218964, 166.699463, 165.057602, 155.251038
190.047348, 166.610199, 165.039200, 154.945129
190.387100, 165.951767, 165.298523, 155.593613
189.730072, 165.895203, 165.862640, 156.106384
190.660858, 167.464279, 164.076721, 154.268982
190.188736, 167.625183, 164.000610, 153.339401
190.439407, 166.960602, 164.229568, 153.821686
189.463791, 166.282715, 164.316772, 156.607193
189.086441, 165.949066, 165.159744, 157.071106
182.922531, 165.486694, 170.718079, 162.501358
183.990067, 165.918823, 167.070892, 163.991028
183.698883, 166.053696, 166.378708, 164.560333
184.151001, 165.625488, 166.748016, 164.367920
187.932953, 161.998459, 164.717270, 161.456711
187.719238, 161.827942, 164.805542, 161.790161
186.834305, 162.095291, 166.170135, 162.099365
186.487411, 162.590240, 167.054382, 162.343048
186.371140, 161.982040, 167.007858, 163.672501
186.704819, 159.374161, 169.071930, 168.849136
186.916687, 160.630920, 169.896103, 171.539108
185.690384, 158.166306, 170.981750, 169.902359
187.183868, 159.337814, 167.924820, 163.736588
187.008087, 158.745453, 167.757919, 162.883499
185.713562, 157.848022, 169.133987, 164.308502
186.287537, 158.233032, 169.273697, 163.812241
189.075760, 154.305084, 168.046188, 164.332092
190.315857, 152.484039, 167.460098, 164.354813
192.309067, 152.353882, 164.113495, 161.527374
193.213409, 150.584427, 165.216049, 163.294540
196.276138, 147.128799, 172.812149, 174.896393
195.882263, 145.971130, 173.146271, 174.386047
197.125137, 142.957642, 171.352493, 171.518967
197.724777, 141.673218, 170.630188, 168.205338
202.888321, 138.352097, 170.234436, 170.524231
204.747482, 137.252747, 170.867233, 171.012772
205.131592, 136.773407, 170.200226, 167.900452
208.347763, 135.697357, 169.095139, 168.225815
209.537079, 135.315842, 169.776321, 168.657196
209.304169, 133.954041, 169.962494, 169.443115
209.821808, 135.458939, 169.385422, 168.630264
209.913513, 137.600418, 168.547363, 166.943100
210.639771, 138.195633, 169.138962, 168.079224
210.273590, 137.990326, 168.795074, 168.002075
210.762985, 137.650696, 167.771744, 168.052917
213.436813, 139.161407, 167.738297, 171.001205
212.782608, 141.837891, 168.115738, 169.289566
212.812851, 142.915787, 166.281143, 167.849289
213.146255, 140.984894, 168.600525, 172.437302
206.331863, 141.121460, 172.748734, 172.580475
217.642120, 145.084198, 164.540390, 167.724442
216.894974, 144.332474, 165.312622, 167.793350
214.767807, 145.615875, 169.569824, 173.625458
209.789856, 141.933258, 171.961365, 176.658554
213.584686, 142.377060, 169.625458, 175.365967
218.660065, 145.530426, 163.246933, 166.652039
213.044052, 141.769165, 169.534683, 174.749237
215.105988, 145.198898, 165.675659, 169.172104
214.225861, 144.434067, 167.600815, 170.320389
214.034088, 144.318130, 168.110306, 170.450974
213.926620, 144.894196, 169.246140, 171.420975
214.351852, 145.220703, 169.444107, 171.828079
213.473099, 143.820435, 168.843933, 170.949188
213.453400, 144.304398, 168.144669, 169.714951
213.416229, 143.667572, 168.189865, 170.502472
213.107620, 143.291504, 168.666656, 171.310181
210.321747, 144.932953, 170.593430, 172.716629
212.786987, 144.910660, 168.292130, 170.378586
213.108704, 145.861877, 167.341629, 169.459824
212.655487, 146.260101, 167.826767, 169.024857
212.575684, 144.350662, 171.839264, 176.276688
213.043121, 145.854034, 171.292480, 174.783279
210.260376, 146.681564, 173.187851, 175.001160
213.298874, 146.616547, 170.554947, 173.190567
205.864685, 144.546844, 173.434418, 173.839645
209.584900, 144.027725, 172.188629, 178.809235
210.120071, 143.207443, 170.707001, 174.281403
209.001740, 143.564133, 168.965103, 171.711075
206.811890, 142.454727, 169.529724, 172.301270
202.269470, 144.579102, 171.659225, 175.178711
205.235367, 142.836502, 172.198563, 175.704788
205.932205, 142.857132, 172.024994, 176.399368
205.236374, 144.125854, 171.419434, 176.727249
206.435425, 144.138824, 170.810486, 175.578949
206.942307, 144.493423, 170.330002, 175.637573
208.126755, 140.868637, 171.175980, 176.114105
209.399170, 140.297211, 170.872406, 175.486755
208.511246, 140.620453, 171.619339, 175.995621
208.917282, 140.215515, 171.436417, 175.267685
208.820267, 140.101715, 171.179428, 176.203537
208.174149, 141.205841, 171.125443, 174.450836
208.032349, 141.807877, 170.723663, 173.436340
208.010254, 142.008209, 170.295334, 173.042160
206.093933, 146.247437, 173.461807, 176.446655
208.976227, 144.265686, 168.233002, 171.711380
206.712967, 141.692047, 171.442474, 174.011292
206.111542, 141.370758, 172.366638, 174.745163
203.983536, 146.560028, 174.904816, 177.190598
205.840637, 143.630646, 172.325287, 174.377731
206.411469, 143.898834, 169.620316, 173.399475
205.335464, 142.944687, 173.861649, 176.502457
204.439682, 143.752380, 174.164017, 176.195953
205.402817, 143.018845, 172.339645, 173.958755
206.099457, 143.494720, 170.857178, 173.328308
203.531616, 141.349426, 173.323730, 177.386108
202.978165, 141.438873, 172.904037, 177.159897
204.182571, 142.983856, 170.390503, 172.898102
205.147720, 142.523468, 169.534821, 172.550323
204.777878, 142.539429, 169.211639, 172.415009
204.133926, 141.938858, 170.185730, 173.661377
204.181778, 142.005035, 169.877914, 173.458008
203.433151, 142.178329, 170.729782, 173.293625
201.258636, 144.713379, 173.318588, 178.897644
201.924744, 148.285034, 171.833679, 171.764160
202.770248, 148.955353, 170.733810, 173.247559
204.261948, 147.925629, 172.016708, 174.644089
203.830811, 146.479645, 173.267303, 175.810364
206.319321, 144.318298, 173.237839, 176.751175
205.439285, 147.788635, 171.516220, 176.437820
213.430511, 141.990051, 165.078949, 171.146606
207.563934, 146.392929, 167.247421, 171.533157
208.041550, 142.369934, 167.477631, 169.567245
205.376495, 145.606506, 170.584610, 173.331543
205.895340, 145.551147, 168.998932, 174.295029
207.161072, 145.315216, 170.566345, 174.486404
212.502380, 143.122803, 164.356339, 169.353058
213.484695, 141.599243, 167.150085, 170.897491
213.847290, 141.353394, 168.227310, 171.511032
214.710297, 141.744232, 166.529312, 172.724731
214.249084, 142.553192, 166.759338, 173.045471
218.038910, 142.033127, 165.851517, 173.985107
215.426498, 140.297134, 167.723755, 171.672653
215.043732, 140.170776, 167.834808, 171.915283
216.630234, 139.607849, 168.065582, 171.656296
217.189285, 139.038010, 168.283386, 171.344971
216.752884, 139.580673, 167.837982, 170.707397
217.704193, 143.537842, 168.912506, 172.521149
216.347244, 143.380234, 168.978683, 171.316895
213.223099, 140.959473, 171.486252, 174.236984
213.630280, 142.568146, 170.684097, 173.702103
211.427277, 143.913666, 169.276642, 169.006302
211.681427, 144.109314, 169.160126, 172.519547
211.716293, 145.573563, 168.546234, 172.003128
211.959305, 145.555130, 167.935974, 172.123337
210.563889, 145.300232, 170.011154, 173.326294
210.604614, 144.968506, 170.248825, 173.316544
213.284485, 140.553528, 171.170242, 170.181076
215.092178, 144.881302, 169.322693, 174.111679
212.762619, 146.096603, 170.278259, 174.695114
210.326004, 145.929459, 171.951233, 175.245804
206.837402, 147.583115, 175.462158, 176.459412
213.376083, 144.870972, 167.737442, 172.597916
213.719345, 143.361465, 167.575165, 173.707550
211.419830, 144.100754, 168.623993, 175.405640
212.546814, 139.876343, 168.205643, 167.817078
213.322464, 140.541489, 167.519379, 168.233521
211.536240, 137.565750, 169.410767, 173.253204
210.626312, 136.442154, 169.938400, 172.919312
211.437668, 137.341171, 170.987213, 176.369858
208.709152, 138.682098, 172.272705, 174.154831
211.717453, 137.774414, 169.744873, 174.874786
209.984818, 137.214874, 171.639908, 175.966293
209.547302, 136.717255, 173.526596, 178.428543
208.675827, 137.086594, 173.784134, 177.665298
211.302048, 138.134628, 170.172501, 175.338150
210.173126, 136.727127, 171.890518, 176.393127
211.894028, 132.358276, 175.530029, 184.237991
211.521255, 137.622711, 169.629578, 174.461868
211.802231, 137.088989, 169.806686, 175.198761
212.078186, 137.331482, 169.372665, 174.688751
211.968353, 137.954025, 168.969452, 173.818619
212.067642, 137.918671, 168.834763, 173.714828
212.130798, 137.756454, 168.954727, 173.898788
210.973541, 137.323547, 170.806931, 174.482544
211.025528, 138.143463, 171.341293, 173.496796
209.520386, 138.234299, 172.965546, 173.698883
213.412674, 137.652863, 171.661118, 165.266327
211.779633, 140.682312, 170.441208, 172.590820
211.852829, 141.179810, 170.038330, 174.131653
212.125366, 134.081772, 170.876419, 167.846954
211.222916, 135.242416, 172.366226, 169.668640
215.839676, 138.571243, 167.634232, 176.174774
212.491043, 143.892517, 166.364212, 170.377716
211.932785, 143.088440, 165.758972, 170.796417
210.472382, 138.294464, 170.844131, 174.720795
211.295761, 137.814209, 171.053497, 175.466873
217.105026, 142.621033, 161.429321, 170.380188
211.847153, 136.951309, 171.862762, 180.889709
214.949554, 138.372253, 167.983444, 176.611130
215.566620, 137.597168, 168.844620, 175.309723
216.112869, 137.645370, 168.347214, 175.368454
216.189957, 137.472015, 168.356201, 175.472092
215.864395, 136.891495, 168.906845, 178.428528
215.944077, 137.603943, 168.752243, 178.272995
212.626266, 137.397766, 168.279083, 173.270737
211.637421, 136.533585, 169.537476, 173.817871
212.949966, 136.920471, 168.282562, 173.265839
212.858597, 136.773651, 168.899292, 173.470169
211.419708, 135.440704, 170.728195, 174.093842
211.493378, 135.097427, 170.315384, 173.895538
210.593689, 134.973282, 171.019684, 173.449829
209.074738, 138.099945, 166.032471, 168.353256
210.322128, 136.620361, 170.409454, 172.981369
209.471237, 136.060760, 171.419937, 174.404037
209.136978, 137.021301, 171.481262, 174.144547
208.914215, 137.072723, 171.633484, 173.747620
208.934250, 137.959610, 171.166672, 172.905518
216.957535, 136.148804, 165.584579, 168.073532
215.399704, 135.915787, 166.794998, 168.875015
214.346085, 136.014587, 167.483231, 169.560455
213.797470, 141.375137, 163.731766, 167.582458
206.248688, 140.962601, 171.820023, 174.147293
212.583832, 141.349136, 164.764420, 167.215836
212.741867, 140.666809, 165.169647, 168.161011
212.425827, 141.105331, 164.787079, 168.273483
214.637466, 141.477509, 162.621155, 167.534348
215.433701, 141.751617, 163.630142, 169.045898
214.949524, 141.995651, 165.105225, 169.895187
214.620590, 141.455566, 166.581406, 171.022522
212.525009, 140.629562, 167.934937, 171.589508
212.220184, 140.874146, 167.743378, 169.984039
212.266495, 140.963211, 167.523499, 169.761017
211.128525, 139.543869, 168.222549, 170.121399
211.481628, 140.847153, 167.899963, 169.351868
210.601593, 140.362564, 168.623795, 169.404587
210.670868, 140.825684, 168.090607, 168.859512
210.385498, 141.469650, 168.347763, 168.103699
210.615265, 141.230698, 167.334473, 166.837311
210.520248, 141.426453, 168.692245, 169.215958
209.339218, 143.887817, 170.565170, 167.695160
213.659134, 146.607864, 161.369431, 161.293747
209.855240, 145.117004, 167.133057, 165.823761
208.328003, 143.406586, 169.747635, 167.264648
208.892059, 142.157928, 168.844238, 168.324539
211.292816, 140.841400, 167.694656, 170.092056
212.538681, 141.445007, 167.228577, 170.115646
204.487701, 142.045105, 171.597000, 177.597275
204.892380, 142.306168, 169.915619, 176.812881
204.892273, 143.265274, 169.965668, 176.174728
209.017288, 143.801422, 170.229919, 170.837906
206.720596, 149.437210, 165.770111, 165.767838
206.700500, 149.829178, 165.515106, 165.654083
207.124802, 150.306824, 165.053680, 165.487091
209.563431, 148.242432, 165.080719, 164.579071
209.127563, 148.901306, 164.238144, 164.357697
206.689117, 151.121735, 164.441391, 164.983459
206.838394, 152.029861, 164.142410, 164.184891
206.561462, 151.453339, 164.366898, 164.513443
205.789902, 149.658875, 165.858185, 165.557373
206.285660, 152.325378, 166.240234, 165.907806
209.284088, 146.943573, 167.090240, 165.975388
203.903046, 149.075958, 170.696640, 168.686859
203.113785, 148.260315, 171.315323, 170.520584
209.565094, 146.697449, 168.757706, 171.019562
203.742554, 147.637512, 170.730286, 169.021667
210.207321, 146.402328, 169.005829, 170.442139
205.982697, 148.380630, 169.865494, 168.968277
206.839493, 148.327835, 169.464645, 168.341965
205.770355, 148.167404, 171.268265, 169.824951
205.593246, 147.698395, 171.430420, 170.920456
205.676254, 147.738480, 171.506683, 170.877258
205.533844, 147.800049, 171.556885, 170.928574
205.423096, 148.243164, 171.270462, 171.636734
204.993652, 147.489441, 171.941055, 171.904846
206.535767, 148.013596, 170.794083, 171.080124
206.871277, 149.176727, 169.237930, 170.184311
205.608475, 149.108383, 170.537155, 171.123337
205.595703, 149.448532, 170.344910, 170.841782
205.539886, 149.308929, 170.320236, 170.587540
205.613846, 149.314499, 170.618988, 171.159882
203.942154, 148.481689, 172.013046, 171.206650
205.486206, 149.741028, 169.300781, 168.916702
205.330063, 149.481720, 169.330719, 169.157623
203.263596, 148.350372, 170.099564, 171.829468
201.930740, 148.178284, 171.128922, 171.759888
200.992996, 148.543167, 172.354187, 172.186539
200.395737, 149.077316, 172.254135, 172.212540
201.128616, 149.377472, 171.194290, 171.931335
201.229248, 150.411682, 171.250290, 172.145309
205.622330, 148.880432, 169.476898, 169.283981
205.652008, 149.143143, 168.548737, 168.553696
204.747437, 147.429840, 170.131226, 171.333862
204.043823, 150.425674, 168.453186, 168.181961
204.002319, 150.926331, 168.269058, 168.786545
203.672455, 151.201126, 168.255432, 168.791550
203.724014, 152.131653, 168.289612, 168.976028
207.546631, 156.417313, 163.051285, 160.299454
207.531509, 156.449188, 163.086243, 160.123596
207.464661, 156.253662, 163.349976, 160.073715
207.113708, 156.127380, 164.108185, 161.250824
206.793991, 156.003265, 163.583862, 160.668564
206.849045, 155.631775, 164.112549, 161.287354
202.686752, 155.578766, 167.470718, 165.688278
203.094315, 155.805496, 166.485565, 164.751236
202.671936, 156.093445, 167.315933, 165.712112
206.002182, 157.090942, 165.418610, 163.074982
210.650055, 155.347321, 161.776703, 163.415436
206.599182, 161.128098, 163.985107, 161.657013
205.188263, 163.606766, 160.998123, 158.206955
199.253006, 160.958527, 171.148148, 164.482025
203.660614, 162.634384, 164.590897, 156.843506
201.553406, 162.431061, 164.734818, 158.399857
198.620743, 162.241653, 164.160538, 159.529938
195.035889, 162.752029, 165.932693, 159.377335
194.796692, 161.367447, 163.369553, 160.013153
188.715149, 161.322144, 169.063293, 166.397720
188.688339, 161.984619, 164.460541, 164.179031
189.233307, 160.713165, 165.074142, 165.655487
190.696442, 162.474548, 165.043915, 164.836288
191.465775, 158.407455, 165.026627, 165.836960
190.857315, 160.139023, 164.768387, 163.658463
189.456833, 160.889801, 164.651062, 164.065811
189.519135, 160.234192, 164.899323, 164.465561
188.251938, 161.317047, 165.456787, 165.020859
189.689758, 163.709290, 164.063385, 162.340317
189.072952, 164.054138, 164.400696, 162.245789
190.092270, 164.622742, 163.371628, 161.490082
189.983994, 164.994476, 162.083481, 160.696518
189.896500, 166.421234, 161.887756, 159.503326
189.746964, 165.600723, 162.824097, 162.414917
189.875580, 165.830841, 162.557358, 161.947739
189.481583, 166.032211, 163.242096, 162.419495
190.583801, 165.419418, 162.137634, 163.024796
190.247314, 165.607300, 162.745087, 163.161194
190.132996, 166.157883, 162.809418, 162.865829
192.389252, 165.018250, 161.036148, 163.100876
192.577988, 164.656479, 161.121002, 163.278503
191.806503, 165.822205, 161.413055, 162.978928
190.824966, 166.347763, 162.720901, 163.474670
190.274094, 166.599823, 163.797226, 165.286667
190.235382, 166.734619, 164.309311, 165.946854
190.255661, 167.178040, 164.520981, 164.954788
190.456268, 166.734695, 164.534073, 165.800598
190.611771, 165.535767, 163.750595, 165.522186
190.807541, 167.164459, 162.920624, 163.281296
190.468597, 167.078796, 163.809677, 164.682022
190.477798, 167.486618, 163.340530, 163.876816
192.873169, 167.241241, 163.676712, 162.570251
194.556274, 165.744186, 166.717072, 164.748352
195.531830, 166.360336, 167.020752, 165.411331
195.390167, 166.693954, 168.016586, 165.807877
195.602051, 166.528046, 167.669418, 165.756729
190.472794, 167.659393, 165.970230, 168.772720
