179.431488, 269.249115, 176.698380, 152.381393
184.311386, 267.527069, 173.630478, 150.720230
186.277557, 266.736908, 173.492355, 151.205078
187.019760, 264.945038, 174.515427, 152.278381
187.276413, 261.753632, 175.548889, 149.874344
190.263657, 263.514465, 174.318649, 148.805588
195.831543, 265.087555, 167.770584, 144.469650
199.398056, 266.858795, 168.366638, 145.534424
198.722656, 266.289764, 168.001862, 150.046539
196.180527, 270.964630, 174.572327, 149.586716
202.698425, 269.956390, 170.804688, 151.679230
205.451981, 272.908600, 169.042068, 153.541183
205.209991, 270.173462, 172.869644, 157.388870
211.601639, 274.657867, 169.615265, 156.952560
210.059494, 274.066284, 174.240662, 161.868042
214.955673, 281.417053, 172.034164, 159.425751
217.397476, 284.625458, 171.207275, 162.209076
219.662247, 292.324951, 170.931061, 155.091034
217.213440, 290.016968, 175.557007, 161.656067
220.459137, 291.674805, 174.777527, 160.890411
221.530090, 293.077820, 176.860870, 162.411987
227.756943, 292.589691, 170.753754, 160.007706
229.563324, 286.932526, 170.884064, 163.205338
228.063858, 287.588806, 174.855713, 165.986908
230.382339, 282.564789, 177.733490, 169.832306
230.704498, 280.288971, 177.526398, 170.785065
235.322952, 289.169037, 171.369370, 161.734482
235.770233, 288.989532, 172.610168, 163.099976
232.474823, 278.718262, 179.108734, 172.049179
229.993484, 284.908539, 184.308868, 170.184967
235.003326, 285.469391, 180.524796, 170.113449
236.807388, 285.902802, 179.917831, 171.574020
227.856628, 282.648621, 187.062851, 180.728546
236.561996, 289.283356, 182.492371, 176.817978
237.804413, 289.943848, 182.487091, 176.438583
240.373505, 289.560669, 181.793091, 177.948441
239.870087, 288.470154, 182.582443, 175.982254
240.577713, 286.851471, 182.765945, 175.680496
248.990982, 287.844360, 179.394852, 170.942612
250.832779, 288.190552, 178.008453, 172.505646
245.608368, 286.291779, 181.949387, 172.474487
248.748962, 284.587799, 180.788574, 174.442551
249.620590, 285.090607, 180.965515, 172.055817
246.334946, 284.173401, 184.557831, 175.049469
247.583359, 284.460388, 185.102158, 175.859756
248.423904, 281.416656, 185.663498, 179.986267
253.874847, 281.673401, 182.614090, 179.867325
248.053223, 288.583130, 185.624954, 178.561981
254.700958, 281.745300, 184.571136, 183.172440
252.902100, 282.493896, 188.015610, 188.408508
247.993927, 287.040863, 189.573700, 184.584839
258.499634, 283.045441, 183.961761, 185.982681
261.368347, 284.886749, 182.481674, 184.535843
257.787018, 287.698853, 184.725784, 186.211441
258.572144, 290.299469, 186.016129, 187.403091
254.178345, 292.646332, 187.359436, 180.769928
253.687668, 295.406006, 186.357254, 179.321732
252.735718, 294.831238, 184.390930, 181.136292
251.005875, 294.341827, 185.339676, 181.781143
254.553268, 294.594330, 198.874023, 193.326569
265.308624, 293.655365, 182.852280, 186.836212
255.742020, 297.241394, 191.555099, 186.675293
256.584991, 295.949707, 191.759109, 187.265198
256.222290, 295.012939, 193.335693, 189.947403
256.524445, 294.308044, 193.673187, 190.160004
267.003479, 293.572693, 181.803162, 187.323151
264.094086, 290.938232, 184.336655, 195.743729
261.229156, 289.553589, 188.388046, 198.233200
261.684479, 289.662445, 188.031296, 198.061127
268.353699, 292.338501, 180.500458, 187.922501
263.750793, 299.775482, 183.337997, 181.848557
261.958344, 299.758392, 187.110931, 186.390732
264.908325, 295.972900, 186.151276, 191.432037
267.740051, 303.502075, 183.656311, 183.548050
271.579498, 303.427124, 181.941010, 184.811203
271.661896, 303.649200, 181.993179, 184.401062
259.378326, 299.981567, 190.771362, 185.717819
258.110931, 296.928467, 192.293259, 187.930603
259.134521, 297.831024, 191.313278, 186.666229
272.990692, 307.452911, 182.355377, 180.978622
272.822357, 308.360260, 180.935974, 180.044617
272.950958, 308.519714, 180.334854, 180.686920
272.940643, 309.823761, 179.389999, 180.232056
264.754913, 308.626373, 182.395447, 177.036850
271.214478, 309.786377, 177.944672, 178.923447
271.664703, 309.788879, 178.967667, 181.424591
260.513062, 303.110474, 190.029205, 186.671280
261.137482, 304.382660, 187.961044, 185.755707
269.516418, 309.847565, 178.220123, 180.056152
261.148193, 304.137360, 188.881500, 186.285873
260.523499, 303.872498, 190.198441, 186.625732
271.329956, 311.460480, 177.527496, 177.306030
260.531067, 304.273407, 190.662735, 186.714767
265.769745, 306.660461, 182.694611, 184.016571
260.266235, 304.525757, 191.221512, 187.260590
275.283966, 312.921143, 174.736115, 176.031937
276.098206, 314.034210, 174.503052, 175.918518
261.034271, 305.592163, 190.451950, 185.354202
274.460114, 313.244995, 175.949905, 177.397705
275.165558, 314.652557, 176.765244, 176.978928
276.244720, 313.036652, 176.441742, 176.936539
275.696747, 314.897186, 175.424683, 176.244247
272.527832, 315.424744, 179.833191, 177.932755
273.896942, 314.375366, 177.363235, 178.323807
275.017090, 315.101685, 177.476532, 178.059952
273.949646, 315.616730, 178.633392, 177.962067
272.494232, 313.454926, 178.719772, 178.932831
273.816284, 314.659637, 178.205353, 177.768295
273.426910, 314.467163, 179.439301, 178.851868
273.109375, 313.637909, 179.036102, 179.621002
274.000000, 314.388306, 179.298325, 179.418472
272.558624, 314.059021, 180.397675, 178.376953
273.990509, 313.837311, 179.326050, 178.924622
272.486023, 313.406525, 180.370392, 179.862000
275.389618, 314.709412, 178.607376, 178.410339
273.069611, 314.652496, 179.139908, 178.631073
274.029083, 314.219757, 179.376862, 179.262833
273.706451, 314.010590, 180.587631, 180.477493
273.654358, 315.074371, 180.270493, 179.469635
274.589783, 314.652039, 179.744797, 180.281967
276.334991, 317.486206, 178.387726, 178.641510
275.463074, 319.009827, 178.980682, 178.301102
273.075073, 315.883057, 178.430832, 181.270172
274.039215, 316.505646, 178.828842, 179.998978
273.042450, 315.982788, 178.744690, 181.696442
272.423065, 316.067627, 179.623566, 182.054291
272.812286, 316.546875, 179.100464, 183.038681
264.871521, 317.327850, 187.960571, 185.739349
276.154480, 323.142731, 179.791016, 179.479858
277.509583, 324.168762, 177.682404, 179.047455
271.128876, 322.283478, 179.547363, 178.710739
270.425690, 321.916260, 180.210358, 179.256073
270.791779, 322.403137, 179.716980, 178.248352
270.393707, 321.415955, 180.691559, 180.554840
270.037445, 321.643463, 181.056656, 180.946579
277.248322, 323.727631, 178.068466, 179.390015
266.262878, 318.707581, 187.164200, 186.311020
268.445496, 318.136383, 185.080734, 185.852249
275.908630, 323.956055, 178.059814, 178.341812
265.568512, 316.036652, 189.696533, 189.948059
274.427399, 321.624817, 181.022751, 180.844635
275.410461, 320.607056, 180.697479, 180.828003
274.644867, 320.202698, 181.200912, 181.364548
273.478851, 320.380493, 182.101563, 183.091431
274.831024, 318.997009, 181.123886, 181.523834
274.787720, 318.840332, 181.044495, 181.504807
273.826111, 319.600525, 181.573242, 181.672531
273.477448, 318.199158, 182.963928, 183.318130
273.972534, 318.269287, 182.334930, 182.264435
275.659210, 319.208832, 180.623993, 181.815018
274.730896, 318.106140, 181.133652, 182.081329
275.430481, 319.176117, 180.679718, 181.179276
274.123352, 320.478760, 183.559967, 183.377335
273.115479, 318.647644, 182.681305, 183.221024
273.410156, 318.351044, 182.198776, 183.014145
273.304413, 319.119751, 183.312195, 183.233429
273.160919, 319.106842, 183.104431, 183.703354
272.507599, 319.956329, 184.163391, 183.662323
273.080444, 319.733643, 183.712296, 183.200562
272.732025, 320.166809, 183.513153, 183.485458
272.037506, 321.427856, 183.339706, 182.761124
271.379181, 321.190094, 184.102554, 184.046906
271.420959, 320.637970, 182.726135, 184.520889
270.071777, 320.186218, 184.573975, 185.659439
271.505920, 321.323120, 182.783600, 183.470581
270.417877, 320.959656, 183.960663, 184.430984
270.214081, 320.474945, 184.525131, 184.455353
270.287415, 319.783539, 183.132690, 184.492447
269.725067, 319.997253, 183.302521, 185.286392
269.557007, 318.698547, 183.648712, 185.539185
268.915497, 318.847229, 183.630417, 186.027008
269.409393, 318.193146, 183.634445, 185.520325
261.527649, 319.029266, 187.123032, 185.864075
260.554535, 318.418060, 188.705063, 186.257065
260.838867, 319.601563, 186.927109, 185.653503
260.354889, 319.218170, 187.534927, 186.256943
260.373444, 318.887817, 187.676941, 186.785965
260.015564, 318.286591, 188.268082, 185.905136
260.117920, 319.134949, 187.827759, 185.725906
259.986511, 318.378082, 188.105652, 186.448090
260.039917, 319.045471, 187.841400, 185.665741
259.438232, 318.792023, 188.763962, 187.085175
268.239319, 318.658264, 183.636246, 184.562332
259.694000, 315.623901, 191.957840, 189.034042
260.290558, 317.609253, 188.306854, 184.981232
263.867889, 315.209869, 192.271637, 188.941055
265.834747, 315.513580, 190.385757, 187.927765
264.296539, 315.577698, 191.117355, 186.994934
266.265045, 312.152496, 186.559052, 188.187546
256.846985, 307.693237, 196.765549, 197.098862
259.625183, 310.632324, 187.736359, 187.164536
255.689774, 306.479950, 196.620041, 196.272629
256.315094, 306.588104, 197.096848, 197.875198
258.043732, 308.305847, 190.233154, 189.513519
256.571899, 305.142242, 193.693542, 195.071075
256.412048, 305.794220, 196.790070, 197.068024
256.162537, 304.318665, 193.747726, 195.093185
270.487183, 307.000122, 187.120880, 194.540405
256.185303, 303.694641, 195.423859, 194.767746
258.959381, 304.771027, 192.660706, 198.442459
258.608521, 308.493805, 188.355179, 184.442749
255.890396, 304.810211, 196.397308, 196.262726
256.355743, 303.223633, 196.107895, 197.324646
256.128082, 303.405243, 196.318588, 195.924316
255.537796, 303.152100, 195.842789, 197.845215
256.224701, 305.064209, 191.757858, 187.759048
257.003387, 305.625458, 189.901779, 186.538696
256.653351, 305.884979, 190.905151, 187.009033
257.333557, 306.207367, 189.388718, 185.796555
254.605316, 300.491516, 197.122620, 199.185379
254.529587, 301.132233, 197.153198, 197.989243
254.831497, 301.217377, 196.653458, 197.401367
254.324982, 300.456970, 196.919556, 198.315414
254.309174, 301.099091, 196.721115, 198.290817
254.297073, 300.664032, 197.184937, 197.181396
267.033508, 309.781738, 186.380081, 184.473328
268.295319, 308.170532, 186.634003, 186.965012
268.271790, 308.238495, 186.556061, 186.368362
259.475861, 305.339294, 185.577164, 182.156311
259.957764, 306.190369, 184.656921, 182.176041
259.181061, 306.011719, 185.829086, 181.736298
264.261139, 309.650604, 188.742859, 183.520676
263.875671, 304.400116, 186.800812, 188.220108
266.134705, 305.347290, 187.270706, 184.991241
267.349335, 304.924103, 185.964844, 185.383545
262.672089, 303.929352, 187.305359, 187.855301
259.036469, 303.416962, 185.005722, 182.392914
267.750549, 304.106293, 186.986618, 187.879959
261.637207, 305.557434, 192.885193, 187.531204
257.761169, 303.852081, 190.149170, 184.337662
257.924347, 303.650391, 189.931885, 184.226318
258.308197, 303.672180, 189.667542, 183.964722
258.879242, 303.381653, 189.060699, 184.074463
259.656982, 303.613190, 188.041031, 183.450089
258.526581, 301.926300, 190.315659, 186.316879
257.679230, 302.225403, 190.527832, 185.273270
258.259430, 302.133667, 190.289932, 185.556686
258.155701, 302.838715, 190.232407, 184.105713
258.114044, 302.770874, 189.557907, 184.798080
257.660248, 303.333527, 190.421204, 184.831161
259.293365, 303.328796, 187.768250, 186.715973
258.324677, 298.050659, 191.813232, 196.263306
259.257355, 305.940063, 189.552307, 183.604202
259.091827, 306.207520, 189.480637, 183.994431
265.941162, 303.788574, 184.610443, 187.565720
265.797211, 303.948944, 184.785980, 187.591629
259.410950, 300.944977, 191.854980, 192.515106
259.994934, 303.531372, 191.507156, 191.985229
261.417664, 307.996887, 181.729477, 180.097702
264.217224, 303.689667, 186.623199, 189.012619
264.078613, 303.492401, 186.759232, 188.908218
265.134064, 304.350128, 185.566986, 186.713333
259.809692, 307.369568, 187.784821, 182.119400
263.607819, 301.761719, 190.787842, 188.018555
262.832428, 301.086334, 191.752304, 188.161316
259.741150, 304.634430, 185.765839, 181.977707
265.902740, 308.624176, 187.859344, 183.900772
266.339661, 308.595886, 187.720428, 183.823181
264.154114, 308.089722, 189.131424, 184.125763
260.833496, 305.375031, 183.805069, 181.104233
263.496979, 308.163055, 191.171768, 184.571640
256.360382, 301.859009, 190.774765, 186.444748
265.341644, 309.134369, 187.970459, 183.431778
259.912598, 303.914520, 184.859985, 182.367111
265.015228, 308.748474, 187.833481, 183.523071
266.796661, 304.575775, 187.189743, 186.049927
265.509338, 304.870667, 188.178192, 184.252563
267.973358, 305.384247, 188.170731, 186.737411
263.200897, 308.027222, 189.557693, 184.407516
267.613617, 304.831818, 186.672623, 185.560440
265.865570, 305.597168, 188.524765, 185.720825
266.562866, 306.439545, 187.594498, 185.115616
266.712830, 306.709473, 187.663681, 184.307297
266.365082, 306.311707, 187.906921, 185.158249
266.628998, 306.996643, 186.787888, 183.516541
265.382202, 305.990692, 186.746429, 183.239853
266.723328, 306.650085, 186.109787, 183.997101
264.877350, 304.316650, 188.609253, 185.923309
266.952545, 307.162720, 187.306183, 184.306427
264.770752, 304.335205, 189.088837, 186.795273
264.978516, 304.299164, 187.955566, 185.230576
264.688904, 304.203339, 188.593246, 185.928314
264.904053, 304.351776, 188.064758, 184.974121
263.962830, 303.431549, 189.329422, 186.177216
260.166656, 307.734863, 187.012482, 181.883102
264.628998, 305.189148, 188.628189, 185.912048
263.923950, 304.186646, 186.856323, 188.132706
261.529907, 309.972076, 180.847977, 177.880554
265.555420, 305.797485, 185.789749, 189.161911
262.013092, 312.875854, 180.130875, 177.696121
264.480621, 307.645447, 187.085541, 188.713852
263.793579, 309.096069, 187.052811, 189.193207
263.865692, 309.354004, 187.856461, 190.083130
267.086395, 309.191132, 186.049454, 187.879929
265.941925, 309.031860, 186.871567, 189.077652
264.994019, 308.449524, 188.714798, 190.534134
265.884979, 308.482422, 187.378357, 189.293610
264.534119, 308.346161, 187.081787, 188.188705
263.985565, 307.466522, 188.277740, 189.878525
253.463760, 305.867676, 200.104004, 202.438248
263.930267, 306.689087, 188.998734, 190.941162
259.972931, 309.870880, 183.365845, 180.909088
257.980652, 306.179565, 194.914078, 193.830215
261.111481, 310.487427, 181.682693, 180.253479
257.870483, 302.559357, 193.589020, 193.544434
260.514709, 309.522522, 182.865356, 180.951797
259.082367, 308.311249, 185.545837, 183.857941
259.137024, 308.530060, 185.540527, 182.831177
258.336426, 301.869324, 193.086060, 194.034561
257.662109, 301.504333, 193.970993, 194.568192
257.926178, 302.217194, 193.062912, 193.241302
256.994659, 309.364899, 190.934570, 184.290237
257.085938, 309.103943, 191.266342, 184.711502
256.967529, 309.434570, 190.469559, 184.111969
258.759918, 302.388947, 191.982025, 191.980331
260.933258, 302.495605, 190.501099, 192.128250
262.462250, 304.211945, 189.507828, 188.921616
266.096710, 303.216705, 187.925156, 195.162552
263.008484, 304.704193, 188.067688, 186.509003
264.813324, 307.423340, 189.004242, 186.813477
264.981476, 307.604584, 188.806686, 186.016846
265.120178, 307.296753, 188.514297, 187.292053
263.910522, 305.043457, 187.572357, 186.214142
266.955200, 303.749847, 188.001434, 194.685089
259.485260, 308.740265, 193.927826, 188.330902
262.824524, 304.839508, 186.113342, 186.588547
260.542328, 303.588440, 190.024826, 189.852722
262.512421, 304.597656, 188.892502, 188.478760
263.607178, 304.983490, 187.476929, 186.665543
263.029144, 304.785217, 187.362320, 186.961716
263.434540, 305.476196, 186.669510, 185.647705
263.706696, 305.683228, 186.798416, 185.833405
253.384735, 304.935638, 197.071167, 196.008347
263.316681, 305.652985, 186.669037, 185.529175
263.166809, 305.527588, 186.322342, 185.880020
263.308624, 305.351593, 186.152756, 185.789429
262.653992, 305.662201, 186.797592, 185.906250
263.127625, 305.216248, 186.729553, 186.135315
263.091553, 305.413513, 186.444595, 185.973328
250.577164, 305.374298, 199.348709, 197.344086
262.750702, 305.785126, 186.343414, 186.049118
263.043671, 305.523376, 186.296875, 186.253754
263.446533, 306.501251, 185.941299, 185.692276
262.378632, 305.283569, 186.120239, 186.981110
261.656250, 306.021149, 187.529953, 189.158539
255.036713, 309.027863, 189.881104, 185.441864
261.588013, 304.908691, 187.403183, 192.407318
259.700226, 303.143616, 189.260361, 194.943817
260.888794, 304.774445, 188.067719, 193.811600
260.668762, 304.192902, 188.006882, 194.068100
260.821228, 303.646942, 187.615555, 194.031891
265.038788, 305.345490, 190.320511, 198.266602
266.147980, 304.534576, 189.308472, 199.006241
265.914551, 304.760712, 188.807343, 198.412949
266.133087, 305.021484, 189.390030, 197.976715
265.591064, 305.050842, 188.866608, 197.745941
265.150085, 304.466187, 190.681824, 199.121368
265.770782, 311.373077, 186.812653, 187.931839
252.094223, 304.084442, 194.025360, 192.373032
252.160660, 303.667999, 193.038956, 192.366959
251.506165, 303.486481, 194.645462, 193.142151
260.392792, 304.458435, 189.312027, 197.272263
251.519897, 302.125488, 194.482712, 192.663223
250.931107, 301.321167, 195.670074, 194.268951
251.118622, 301.618500, 196.056351, 195.099396
264.062256, 304.681183, 187.914886, 197.169037
263.696625, 304.632782, 188.443893, 197.360886
249.985138, 300.917023, 196.736481, 196.047668
262.981506, 304.297119, 189.420441, 198.395752
264.408081, 309.185059, 186.274078, 190.692200
263.780151, 308.879761, 185.581375, 190.613327
264.235779, 308.757111, 186.152756, 190.733871
263.281982, 308.513489, 186.084732, 191.309921
263.638123, 308.838531, 185.810318, 191.871170
262.836395, 309.759705, 186.065369, 191.321732
262.949036, 308.599701, 186.299850, 193.215439
262.269226, 309.169617, 186.942444, 192.870193
262.798920, 309.669800, 185.679764, 192.661331
262.804291, 307.621552, 187.198822, 194.345169
260.905548, 307.523926, 188.040237, 194.410309
262.393677, 308.566467, 186.225967, 192.905945
261.258453, 309.171234, 186.708572, 192.697266
261.757141, 308.494354, 186.280212, 192.850525
262.537811, 308.829712, 185.864655, 192.647659
248.685394, 303.980591, 194.880600, 194.411087
248.436264, 303.400208, 194.555588, 195.241394
250.536896, 305.389160, 193.261658, 191.845825
251.259399, 305.123779, 192.850327, 190.604492
252.068466, 305.373138, 192.368896, 190.954315
261.783295, 304.056641, 184.747681, 190.392731
253.892258, 303.933380, 191.869751, 190.848190
252.135651, 302.152008, 194.274078, 191.439362
251.921997, 301.955505, 194.677048, 191.205002
250.737122, 300.992554, 194.931381, 191.904556
251.603485, 303.632813, 191.604294, 188.931992
250.893707, 302.226288, 192.418060, 189.838974
247.991592, 296.520996, 196.058487, 193.594162
247.826675, 295.301544, 195.335587, 193.964172
256.695068, 298.778503, 190.871658, 193.530777
248.068710, 294.772766, 193.814072, 193.003494
247.390518, 293.052551, 196.621048, 193.697433
247.137589, 292.573425, 196.748688, 193.939651
247.468628, 293.585144, 194.272278, 193.715942
245.061829, 295.871277, 198.008774, 195.090546
258.332092, 299.266510, 191.765762, 192.468033
257.141693, 298.126312, 192.875214, 193.493683
257.267273, 298.737427, 193.170593, 193.541260
256.750671, 300.142792, 193.734116, 193.652771
243.409973, 294.461700, 200.890060, 197.676727
243.095123, 296.315826, 200.584030, 195.924042
243.213226, 295.772766, 202.145874, 199.154480
241.693253, 296.369080, 202.877930, 199.234192
254.660294, 302.324890, 197.040894, 196.211151
242.779099, 293.892639, 203.480011, 202.817566
244.822937, 299.803253, 196.274887, 193.481476
243.264038, 300.427887, 198.226639, 196.485977
239.928314, 296.856934, 205.022369, 203.451065
243.217026, 299.799500, 205.397003, 204.552170
243.037704, 298.942688, 205.515610, 205.819229
247.118317, 309.161407, 203.078506, 202.138901
245.265228, 307.448059, 204.714737, 207.576553
234.585831, 301.430847, 211.095642, 210.421677
236.122055, 306.541779, 209.844437, 209.465103
240.083023, 304.973633, 206.625732, 209.344620
239.258545, 306.072388, 206.490341, 209.835526
231.590912, 309.966431, 206.398178, 208.804108
237.420670, 306.815704, 207.025543, 211.908859
235.477402, 304.256195, 210.796585, 215.269028
238.402786, 306.958618, 211.513992, 219.685638
234.517426, 307.588013, 206.883530, 208.756470
240.599655, 308.788452, 207.153870, 210.429733
242.499008, 308.539642, 203.644882, 204.452637
234.452316, 302.653442, 206.669601, 205.603088
234.145279, 299.732117, 206.838364, 205.961212
242.038651, 298.093811, 199.422226, 205.980316
237.117813, 298.780884, 203.408371, 206.181595
242.949265, 298.410065, 199.082870, 200.236847
245.048157, 295.903076, 193.181351, 197.554489
238.384766, 293.714111, 200.125977, 197.408890
240.986954, 292.904419, 195.377869, 196.654678
238.695923, 290.633026, 198.415604, 196.485291
239.370178, 288.058228, 196.744263, 195.719131
237.838394, 289.666962, 198.094772, 200.700989
241.321091, 287.764954, 190.111450, 194.681458
243.968185, 286.252136, 186.745239, 195.049042
245.659378, 285.022278, 185.623627, 195.100525
244.617996, 282.724060, 187.925659, 198.878357
248.104172, 282.191437, 186.023270, 198.293625
249.501892, 281.165405, 186.042831, 198.616959
248.971405, 280.339966, 186.316528, 197.211365
244.904099, 283.377533, 191.845367, 193.942001
244.397537, 282.785187, 190.881836, 193.321793
241.353943, 282.897766, 189.558838, 195.625137
241.403152, 283.204132, 189.054459, 193.932297
245.186798, 285.861481, 185.285126, 190.114227
243.829941, 282.466980, 188.264404, 185.878296
246.209244, 285.998077, 184.596695, 181.917709
239.094421, 282.428650, 190.602814, 186.354187
239.995483, 281.878662, 190.358078, 186.380798
240.572769, 283.718079, 189.557968, 187.233765
241.622864, 284.827423, 189.022781, 184.890579
249.107071, 289.120300, 186.741867, 184.800949
250.300827, 287.924316, 185.099060, 185.457138
242.809311, 286.388702, 192.212814, 186.411591
246.677322, 289.506531, 189.064346, 190.497406
250.357315, 290.426697, 185.044998, 185.199860
250.550690, 291.889709, 184.902283, 184.449448
253.168671, 291.496887, 180.920380, 182.855392
255.381638, 293.696045, 180.200424, 180.198807
254.677505, 287.880615, 183.131866, 183.788498
249.764496, 287.272614, 181.222931, 178.564468
248.970001, 284.589478, 183.482391, 180.527176
250.329742, 283.737030, 180.415985, 177.892990
251.478394, 282.103821, 182.392563, 179.585541
253.253998, 282.068909, 178.912476, 176.543488
255.394867, 283.314728, 180.618698, 178.437698
262.756775, 283.069580, 175.982269, 173.375702
260.936584, 283.407623, 177.375275, 174.293884
261.803009, 282.817780, 177.706528, 173.963333
261.608978, 283.144775, 177.121170, 174.528091
262.645142, 284.216492, 175.589737, 172.222397
255.890884, 283.002808, 179.528488, 175.755386
257.096466, 283.931458, 180.619797, 179.370087
251.068375, 283.322845, 179.460236, 177.857819
250.456955, 283.987244, 186.024231, 184.241592
251.613525, 289.432739, 179.934479, 176.300247
248.779175, 288.548981, 181.302460, 178.238129
249.175293, 289.979675, 182.107559, 178.189667
246.590622, 289.486969, 186.211105, 181.917908
243.252991, 294.201477, 186.831146, 179.180664
249.458405, 302.275360, 176.061203, 169.011322
248.992905, 301.838806, 176.601547, 170.797379
249.169754, 304.262207, 176.480072, 170.666092
250.124832, 300.998413, 179.851974, 181.375473
251.182922, 302.437592, 178.415817, 179.221710
247.870285, 302.628235, 182.700943, 181.663300
251.470963, 304.344482, 176.048904, 178.500244
246.647079, 307.869751, 180.334305, 181.369476
246.398712, 303.950653, 182.963486, 182.691818
246.309418, 304.342163, 184.764053, 183.014069
245.275848, 303.516907, 185.010178, 184.089035
243.999283, 302.870178, 187.292435, 185.941620
242.981750, 301.520996, 188.136566, 187.150558
243.830536, 304.710938, 181.807877, 178.777802
242.890121, 304.101227, 183.534409, 180.029327
242.052826, 302.885437, 184.650742, 180.845078
252.221237, 305.744690, 179.892685, 180.314789
252.175919, 305.816467, 180.119644, 180.973068
243.659897, 299.249298, 183.902512, 189.005264
242.912491, 299.211273, 184.740997, 189.516739
242.634796, 299.262085, 184.925110, 189.972275
251.981125, 306.920776, 181.012299, 180.958466
245.666748, 301.142883, 184.355164, 193.188675
243.001190, 301.753906, 187.891373, 188.482925
240.790680, 301.403961, 190.181061, 189.737228
248.049759, 299.245178, 184.158005, 192.912415
248.440948, 299.713135, 184.148560, 192.578415
247.595642, 299.410858, 184.794052, 193.084473
243.611298, 300.118591, 188.236404, 191.371735
244.779922, 299.469086, 188.328369, 192.122147
253.568665, 304.694214, 183.636353, 185.012146
254.515488, 304.695831, 183.279144, 184.177277
255.884583, 305.021576, 183.118301, 183.363876
254.157501, 303.633240, 184.218994, 186.218277
254.986832, 304.298981, 184.036453, 184.952194
247.483963, 299.034851, 188.025726, 193.974548
257.131775, 301.641876, 181.715271, 187.972229
248.201248, 300.244690, 188.149216, 191.080963
243.147995, 301.721985, 189.916824, 185.924240
255.658707, 301.129425, 183.715698, 189.544022
244.673859, 300.071320, 189.202133, 185.686401
256.469360, 304.428589, 183.515198, 185.960449
245.198349, 299.757416, 191.379211, 186.709641
254.461411, 301.863159, 186.262329, 188.822983
245.790771, 298.200073, 193.237656, 189.813232
246.224701, 293.680359, 192.986557, 191.575226
245.853683, 293.706116, 193.835205, 191.464020
253.163116, 298.359009, 186.260117, 186.147308
252.950073, 297.340485, 187.697357, 186.851608
246.190887, 293.625427, 195.012192, 191.909897
254.501144, 297.651154, 185.499329, 185.663361
246.472412, 293.542145, 195.080414, 192.308823
246.886780, 294.711151, 194.428528, 190.814026
246.914948, 294.880402, 194.799561, 190.863571
249.863617, 296.455444, 191.677567, 189.213348
249.624863, 297.120117, 191.927383, 189.394577
249.836334, 296.726410, 191.832245, 190.085403
250.976913, 299.343445, 189.385544, 187.123581
250.446915, 299.577179, 190.620636, 187.365234
251.535263, 300.675232, 188.450882, 185.908249
250.939911, 300.213898, 189.536179, 185.705444
250.912430, 299.866425, 190.210281, 186.663696
251.001526, 298.981812, 190.506348, 186.950684
250.138428, 298.001099, 191.547852, 188.004868
252.804688, 301.150055, 187.783325, 183.050735
253.862732, 302.554932, 186.363434, 180.186203
254.891815, 302.575165, 184.723633, 179.612991
254.484268, 301.830444, 185.369781, 179.901917
257.105225, 298.099243, 183.657730, 185.502335
255.089661, 296.544739, 186.059189, 185.645538
256.878326, 296.203644, 185.936447, 185.293427
258.052673, 296.002686, 183.703934, 184.454437
260.065613, 295.646881, 181.566193, 185.024323
256.861267, 294.614441, 184.660294, 185.194748
258.532959, 295.002563, 183.245102, 184.602448
257.132965, 293.709473, 184.030228, 185.805573
257.620728, 295.130798, 184.374771, 184.494492
257.834534, 294.348694, 183.567337, 185.177704
257.980774, 294.549377, 183.465866, 185.043823
258.563507, 295.653290, 183.235992, 183.871735
252.369873, 292.954895, 188.042648, 184.542526
260.027527, 296.595734, 182.312347, 182.905930
260.405762, 297.129761, 182.330673, 182.766022
259.779083, 296.916992, 182.445724, 182.696762
252.668701, 293.065887, 187.886185, 184.062698
260.367004, 296.243652, 182.253250, 183.766022
261.126892, 297.247101, 181.529968, 182.396179
259.743225, 295.675751, 182.638245, 182.995728
258.346375, 294.160980, 183.638229, 184.366226
260.942993, 293.896606, 182.196060, 183.982864
258.632935, 293.857239, 183.075073, 183.807053
259.409241, 294.327911, 183.240494, 182.789490
260.329529, 294.621033, 182.430008, 182.196915
260.644409, 292.588501, 183.155029, 184.387192
260.161133, 291.718170, 183.611420, 184.579300
260.871460, 293.387817, 182.771606, 183.579666
260.944031, 292.146362, 182.322174, 184.535095
260.318207, 292.793274, 182.976410, 184.220886
260.166840, 292.595612, 183.044922, 184.599457
259.124084, 291.994751, 184.389099, 184.622101
259.261688, 292.636414, 184.538589, 185.035263
258.598938, 292.083710, 185.065445, 185.251831
258.504211, 292.205841, 185.036942, 185.112976
258.510376, 291.698059, 185.104416, 185.885880
258.670776, 291.376740, 185.105331, 185.149399
263.066406, 296.536530, 181.909668, 178.662384
249.499130, 287.196777, 192.594467, 189.504745
256.355652, 289.865417, 186.522705, 187.386292
256.172028, 288.825958, 187.457809, 187.771515
260.098450, 290.384491, 183.085342, 184.641113
257.695679, 287.130219, 184.688293, 184.675537
254.046143, 285.126892, 187.946793, 186.940140
251.716537, 280.897125, 186.177887, 184.491180
252.237671, 279.243103, 186.692474, 185.070068
252.358978, 278.321167, 186.510025, 184.932236
252.838287, 282.352814, 182.876526, 180.310715
250.620956, 280.155884, 186.763336, 182.974213
252.622742, 279.388641, 183.893600, 181.295868
254.515808, 279.695251, 183.617905, 179.988159
259.138641, 271.936340, 182.386383, 186.742340
259.039825, 271.765747, 181.926437, 186.236740
259.650085, 272.792267, 183.279083, 187.510757
256.992676, 271.282715, 183.171219, 188.011688
254.078110, 279.924011, 184.549530, 181.536224
256.056732, 281.847839, 179.133972, 177.470444
252.195969, 281.786072, 185.935379, 177.281540
251.880890, 283.569214, 185.367828, 179.964386
252.816559, 283.983948, 185.049179, 181.300171
254.769379, 290.520905, 183.634766, 179.309921
253.640198, 285.644958, 182.424118, 186.594955
247.489456, 281.194641, 186.071396, 189.295013
253.406738, 297.935425, 185.128632, 182.681458
251.105209, 303.087189, 182.450851, 175.311081
265.452850, 298.873505, 174.039352, 184.372971
253.895645, 305.911835, 183.333008, 184.984924
251.657623, 306.332855, 186.528275, 192.414383
251.525986, 312.225677, 182.697327, 183.017944
255.037582, 316.252045, 182.738770, 188.421036
249.278320, 315.710602, 183.242050, 192.118713
250.150345, 319.275299, 180.939468, 190.126373
250.004181, 320.634033, 183.477600, 193.806229
248.070221, 318.534363, 187.583542, 195.589966
245.285477, 326.868744, 185.908447, 185.884720
244.258163, 327.068512, 188.067749, 190.464478
247.553574, 321.974182, 182.797363, 197.039520
253.697647, 326.714478, 175.937180, 185.167480
252.613007, 326.204926, 177.427124, 186.703308
247.378632, 326.298645, 181.959381, 189.596848
250.520798, 325.529694, 178.162552, 186.171371
251.658859, 325.445557, 179.810455, 187.339783
247.565689, 324.057465, 181.725433, 189.111572
247.366653, 323.669769, 181.267288, 186.564407
247.768112, 322.727631, 181.223663, 186.510971
247.483124, 320.881104, 182.986694, 186.244003
248.660568, 322.274902, 185.586365, 192.488495
246.359436, 322.796539, 183.950836, 190.861511
249.083801, 320.387817, 182.046005, 185.273895
243.747070, 319.803406, 185.717377, 189.074707
249.426788, 319.418488, 182.652710, 186.005188
248.387283, 319.579437, 185.310593, 189.034271
248.116714, 317.972321, 182.619751, 186.373184
244.872192, 321.324829, 184.757355, 187.990112
248.952515, 317.264893, 180.046112, 190.025650
244.954056, 315.318085, 186.527328, 192.946823
249.048660, 313.147736, 183.698730, 191.986755
247.562057, 311.754456, 185.844986, 192.055206
245.551254, 315.304291, 184.096085, 189.228699
250.985947, 309.774170, 186.343643, 192.334244
254.671509, 307.529572, 183.794861, 191.936615
256.606323, 305.268341, 182.703339, 191.934540
257.384460, 305.617920, 182.243378, 193.313522
254.287231, 305.094177, 185.301346, 193.830399
254.307205, 305.519012, 185.817062, 193.642136
259.003845, 306.466644, 182.037170, 193.132523
257.267883, 307.702972, 180.994003, 189.972687
252.937363, 314.850830, 180.037521, 179.574188
266.760559, 311.643768, 172.309708, 184.347977
256.705627, 315.170135, 180.206070, 179.312195
253.657898, 314.414612, 183.844879, 182.893600
252.766739, 310.848877, 188.906006, 195.299881
253.377731, 312.906799, 188.348022, 194.687653
252.576874, 314.307892, 187.320694, 192.166199
252.955978, 316.946381, 187.619049, 194.804169
251.805191, 320.110840, 188.673264, 192.478806
253.629517, 319.893005, 186.932678, 193.048279
251.389969, 318.735504, 188.548340, 198.310654
261.379456, 325.855743, 176.803894, 189.058899
246.928192, 321.447235, 193.453751, 201.968658
253.068161, 324.369568, 189.656708, 195.103317
252.335327, 320.316895, 189.226761, 197.686783
262.079407, 323.927826, 178.249359, 179.514725
251.771851, 318.795349, 189.163559, 198.508881
255.358002, 319.976379, 185.193420, 194.268951
256.649719, 314.862488, 186.806671, 194.638687
253.862839, 317.732513, 183.579514, 181.823059
256.277222, 312.897369, 182.540939, 183.944046
264.781281, 309.857422, 179.183563, 188.460098
262.791595, 307.678375, 185.122467, 189.900101
255.721344, 301.173798, 195.349548, 199.581039
256.774933, 300.734955, 190.028854, 192.982910
256.795654, 299.326874, 189.360458, 193.297546
262.534943, 303.496643, 181.931656, 182.447495
262.759247, 302.784485, 181.795380, 183.232681
263.011414, 302.623596, 182.097809, 183.274780
263.010559, 303.524902, 182.538406, 182.477264
260.934906, 301.392090, 185.174545, 185.904938
261.184387, 301.478912, 185.273819, 185.468842
261.487030, 300.717743, 184.451538, 186.442154
259.645966, 302.826263, 180.714462, 183.253067
261.568359, 300.812561, 184.734818, 184.636063
262.632019, 296.879364, 184.460205, 192.671387
261.515106, 296.682556, 184.090744, 191.248886
266.232178, 300.340881, 181.156204, 186.172943
263.300812, 295.542877, 181.508011, 188.875351
259.050049, 293.887421, 187.241379, 190.904953
255.385025, 293.569458, 190.802353, 193.965103
255.219879, 293.209625, 189.957123, 191.855759
258.025116, 295.366943, 187.933945, 185.816528
258.175049, 293.318970, 185.521805, 188.896698
259.840271, 296.404938, 184.735397, 184.602921
252.785431, 293.728058, 189.027435, 188.045349
252.492783, 293.711853, 188.697693, 187.779312
250.307098, 292.816315, 190.092041, 189.089279
248.730698, 294.694580, 188.244858, 186.666901
258.500732, 290.375183, 182.217270, 190.144424
253.520111, 292.934143, 187.774216, 192.405075
250.718399, 292.714417, 189.933945, 196.455460
246.939316, 296.205872, 193.622604, 198.416641
250.297226, 300.105011, 191.718796, 198.711792
251.749130, 302.094635, 182.641846, 197.033249
248.245819, 302.521576, 186.373871, 191.898621
250.806931, 300.809723, 185.406738, 197.827866
246.188583, 303.004150, 185.012009, 191.077713
243.725677, 308.050018, 185.751617, 185.280762
246.844162, 300.501648, 185.139893, 198.603760
246.866043, 300.212006, 186.546158, 198.494766
246.422806, 301.792603, 188.223816, 196.593643
246.967346, 301.229919, 185.213959, 194.571442
247.247040, 301.284576, 183.692947, 192.644821
246.162384, 302.180847, 184.906052, 193.220459
245.712997, 301.623627, 185.898941, 194.082153
244.240524, 299.238312, 188.392456, 196.156296
242.727570, 305.561310, 186.828064, 184.840576
243.251053, 305.353882, 186.469879, 183.684692
246.614594, 307.274963, 182.780884, 182.215790
246.043961, 308.093079, 183.778244, 180.988556
247.152725, 307.533142, 183.615387, 180.772827
250.716385, 305.329895, 180.328888, 181.407547
257.018799, 297.285034, 181.221725, 186.325790
254.384308, 303.504089, 183.629318, 183.514069
259.203003, 296.842773, 180.784943, 189.830093
257.765381, 302.968292, 181.421371, 184.885193
259.100830, 304.320923, 181.404205, 185.920029
256.811462, 314.382935, 180.800720, 174.051773
266.381104, 306.458130, 178.920700, 186.850052
260.200104, 309.124359, 180.136917, 185.382553
260.242859, 310.361603, 178.253677, 186.280884
262.623810, 311.838257, 177.071136, 184.877655
259.842804, 318.568512, 178.732376, 176.188904
258.747284, 319.942627, 177.980667, 175.404465
255.838287, 321.220978, 178.807510, 181.653351
251.309128, 319.916351, 182.715637, 182.898499
252.772873, 319.713593, 180.946121, 180.269409
251.228668, 317.445862, 180.710754, 179.901474
248.024292, 315.359009, 181.947098, 179.551743
245.177155, 319.085022, 185.146790, 180.532730
239.351685, 317.236420, 184.544022, 175.455078
236.309952, 318.328644, 184.938019, 173.338196
240.642761, 305.293579, 189.738083, 192.997528
244.816925, 306.505463, 182.341934, 187.993271
244.194504, 304.254425, 182.028091, 191.262497
235.666611, 303.188965, 188.825760, 196.535263
236.814453, 304.255859, 187.605804, 196.152588
240.111267, 310.033508, 185.576508, 183.457458
241.372620, 306.821777, 184.364395, 189.771301
245.128067, 308.604248, 184.565369, 187.230469
247.299606, 300.804291, 183.783417, 192.935944
246.981552, 304.256958, 182.636856, 186.813889
241.634674, 292.947327, 186.288666, 198.702972
241.890686, 292.437897, 185.445953, 198.737793
242.521667, 291.957581, 185.698166, 198.273804
242.094330, 292.077362, 185.863541, 197.601730
244.190338, 292.871674, 185.467545, 198.239594
248.125031, 307.005066, 181.499741, 184.471680
249.567764, 305.826447, 181.237549, 185.825317
247.981537, 308.071777, 180.692184, 183.813522
248.108505, 307.696381, 181.805893, 183.352219
248.162567, 306.931488, 180.285034, 184.180771
248.138229, 307.451172, 180.667816, 183.799011
250.264862, 306.661926, 182.288361, 184.377213
250.524353, 307.064941, 179.460999, 183.665726
249.916489, 306.595520, 180.390228, 184.562958
250.657562, 306.977631, 179.290512, 184.271988
249.472015, 310.113281, 181.676147, 184.011841
244.356033, 309.231903, 181.379227, 185.030701
249.913635, 306.072266, 180.427673, 184.664673
251.039398, 306.072815, 179.241089, 183.396500
250.767365, 305.309204, 180.078278, 184.804474
250.456345, 303.744232, 180.373413, 184.386337
251.979782, 308.524048, 179.318619, 181.218613
252.433563, 308.019043, 179.394775, 181.976044
252.644531, 311.581726, 174.179367, 173.484756
255.269806, 308.871399, 177.552948, 180.573273
256.197266, 308.974060, 180.012070, 181.570953
257.531036, 309.643799, 177.919144, 179.193268
257.204498, 308.381927, 178.127853, 179.976257
256.765045, 307.918549, 178.378754, 179.802109
258.391327, 308.716431, 177.173492, 177.684387
259.233063, 308.108093, 176.424469, 178.288910
257.811981, 306.942963, 178.147263, 179.583588
258.183960, 306.541351, 177.235123, 179.715759
259.912933, 303.885071, 178.532394, 186.385742
257.050812, 304.058594, 178.348007, 181.280029
250.336472, 305.086517, 181.934540, 181.151611
253.333939, 300.647400, 180.762268, 185.054077
251.985031, 293.476501, 182.809464, 191.733154
249.785706, 292.919159, 184.794022, 191.795792
244.780457, 297.290405, 187.246735, 184.330154
251.733963, 297.061401, 178.545502, 185.605423
244.120056, 295.868011, 186.408325, 184.089096
250.628403, 296.391602, 179.199326, 185.182922
249.357285, 294.701569, 186.715622, 188.208267
245.299927, 294.214539, 190.027527, 193.018402
245.549561, 294.053864, 189.487366, 192.802277
249.960770, 294.933014, 185.038986, 186.862854
253.461395, 294.921112, 181.518845, 184.853500
242.589905, 296.646454, 190.576614, 185.003601
249.849442, 297.017792, 184.351303, 182.940826
248.106659, 296.718201, 184.890411, 184.447128
247.675980, 297.086853, 187.427612, 184.673569
247.888901, 297.309875, 187.159988, 184.566833
244.911972, 299.406738, 184.525024, 182.734421
248.173538, 297.853394, 186.189590, 183.372543
248.040298, 297.896027, 186.665787, 184.517151
247.804138, 298.161255, 186.627594, 183.259964
247.711288, 298.220001, 186.829880, 183.985901
250.574020, 300.168274, 182.198547, 181.692596
252.858490, 305.710999, 175.636612, 177.448959
252.226181, 302.267120, 177.778168, 180.980682
252.692352, 303.085327, 181.085266, 180.327209
248.364426, 305.102966, 182.241165, 183.313843
250.760590, 309.179321, 178.656357, 177.519989
254.003586, 306.130219, 180.751175, 181.361694
254.949570, 306.201691, 180.130402, 185.391327
260.962646, 307.682068, 175.590485, 184.138474
260.313202, 310.706268, 177.041595, 181.343033
259.837036, 310.946930, 177.190094, 184.201157
257.379944, 309.174957, 179.308258, 188.642593
259.037781, 308.502411, 180.607666, 187.591034
260.371216, 318.837463, 176.061615, 174.750778
261.724609, 319.658417, 175.661530, 174.316406
259.562286, 311.480194, 181.001770, 189.042557
258.524658, 319.923370, 175.507950, 178.203003
264.813232, 321.349335, 177.701736, 182.986053
266.440002, 323.216980, 172.932648, 180.971893
266.530579, 324.568115, 171.907745, 179.395081
274.220123, 325.053070, 163.385101, 178.374008
264.328156, 316.374817, 179.116623, 181.049011
261.108307, 318.720215, 181.808258, 183.380417
260.529846, 318.978943, 182.598434, 183.258026
259.769196, 321.720154, 179.460220, 184.091339
264.031433, 323.422455, 177.944443, 177.727600
262.247650, 321.472229, 177.709900, 179.490601
262.803314, 323.617401, 179.954956, 178.071213
261.751160, 320.775879, 179.351700, 180.830872
271.600067, 321.762482, 173.955368, 185.593140
270.415100, 318.724701, 175.592758, 185.558823
274.987213, 318.362671, 173.118042, 185.399948
275.301941, 318.781097, 172.441391, 184.623276
273.644073, 316.080078, 172.838425, 184.552917
271.759308, 314.412231, 175.837097, 186.950180
262.982452, 313.602173, 182.761139, 183.974808
271.997620, 311.761780, 175.414917, 188.166794
252.706192, 311.476532, 190.874557, 190.493057
262.813202, 313.537262, 181.243439, 180.946579
260.026276, 307.439606, 185.393616, 193.458908
258.516205, 306.344482, 186.689636, 193.466675
260.643585, 307.316833, 184.889786, 192.510025
260.713715, 307.341461, 184.168839, 191.282196
256.704041, 305.923431, 188.239822, 194.270889
259.024994, 306.941467, 186.834305, 193.531769
261.881714, 309.166138, 184.284866, 190.053558
265.612152, 309.746094, 180.712097, 188.534164
268.662292, 311.091675, 176.065079, 184.435898
257.049652, 316.574219, 184.210800, 178.550369
258.859741, 316.893433, 181.094208, 179.784958
257.916229, 313.466675, 187.896027, 185.609680
258.094788, 316.021881, 185.173798, 182.866455
258.291840, 315.911621, 185.487244, 182.558502
270.182800, 311.952942, 176.414551, 185.799377
268.193604, 310.565613, 178.991776, 187.098602
257.842560, 314.803589, 185.830292, 185.935562
270.357147, 310.418091, 176.143723, 185.467117
271.910217, 310.340363, 173.606125, 184.136261
271.141205, 309.614929, 175.003204, 185.790787
257.158081, 312.747528, 188.532822, 188.153152
269.296051, 309.720642, 178.025192, 187.301224
257.497772, 311.877045, 188.812866, 189.012482
269.941895, 310.782257, 176.588577, 184.935257
270.698883, 310.347382, 176.657623, 185.855637
269.887482, 310.634857, 177.041565, 184.880524
270.412506, 310.506622, 177.055038, 186.258713
257.746582, 313.924469, 187.499680, 187.800705
257.656250, 314.752258, 187.084976, 187.192749
258.100800, 316.408936, 184.494736, 182.738770
257.829407, 315.757080, 183.266357, 181.628769
256.849976, 313.196930, 187.453934, 187.451691
258.412720, 317.397430, 180.610504, 179.177277
255.997086, 312.292480, 187.580765, 186.565506
260.849915, 314.897095, 182.114227, 184.833725
258.747253, 317.976532, 179.840561, 177.607086
264.785339, 315.279083, 178.628754, 185.614166
265.553711, 314.958099, 179.944489, 186.756378
264.036407, 312.969482, 180.178223, 189.127411
259.929352, 309.182373, 187.651108, 196.074493
264.046783, 311.920715, 181.377991, 193.488174
259.964661, 304.384338, 192.369400, 204.788834
258.355560, 304.941467, 193.837601, 203.069809
256.295563, 305.207947, 191.536255, 199.785934
261.242493, 307.288422, 184.917328, 199.634048
260.192169, 308.066772, 184.233704, 198.456390
261.191437, 312.307190, 181.641357, 183.100555
262.457794, 312.445892, 181.178986, 182.947510
260.934540, 310.312866, 185.738297, 195.144730
262.942993, 310.727417, 184.840546, 193.400940
258.399628, 307.697662, 184.084061, 187.714767
262.697968, 304.328278, 184.729462, 195.155640
261.258698, 303.084290, 185.944672, 196.970596
254.560181, 306.454834, 187.470383, 189.796661
260.664368, 301.577393, 188.465073, 199.729889
255.216324, 307.216156, 186.097687, 187.169754
263.705353, 302.212311, 185.915436, 196.267487
255.535309, 305.401031, 187.011246, 187.837341
252.229248, 304.826080, 189.955276, 188.359970
253.333939, 304.759460, 189.167999, 189.193604
252.905136, 304.207977, 189.600693, 189.302536
252.986328, 304.299438, 189.584961, 189.177414
252.366409, 303.940857, 189.630127, 188.852951
252.712891, 303.338806, 190.021881, 188.874252
252.705765, 304.200409, 189.262466, 188.557404
252.875381, 303.347412, 190.490677, 188.873978
262.763855, 300.487396, 187.094513, 195.724213
264.140167, 301.148529, 185.310043, 193.192154
265.033875, 300.610626, 185.383408, 193.544250
253.886047, 303.629944, 190.144363, 188.745819
253.757080, 304.003510, 189.591095, 188.431595
254.151642, 304.242920, 188.649460, 187.425735
253.996704, 303.998901, 189.480331, 187.721680
254.493027, 303.126740, 189.372726, 189.286728
266.998749, 300.780212, 183.210068, 191.465210
263.307495, 298.869263, 185.894241, 195.145279
265.222717, 300.340729, 186.471161, 196.932968
263.675598, 299.459351, 187.660095, 198.552521
261.458099, 298.689240, 189.797379, 200.252228
262.052246, 299.043182, 189.679199, 199.466476
262.212891, 298.651794, 189.351120, 200.241348
261.845795, 299.915527, 189.568619, 200.699905
252.966934, 303.038666, 189.043625, 191.738312
255.581528, 304.103790, 186.426239, 190.708847
254.174484, 303.614594, 189.430527, 192.459442
255.111069, 304.167328, 186.833191, 190.961838
261.466644, 303.371399, 187.118332, 198.321335
253.410233, 303.240875, 190.333054, 192.528564
253.508347, 303.310394, 189.494293, 191.470917
252.357605, 302.204407, 191.612427, 192.270691
250.726959, 301.402649, 193.874329, 193.282776
251.231216, 301.236206, 194.175323, 193.015060
251.334061, 301.766541, 193.516876, 191.537170
251.331573, 302.295868, 193.612976, 191.180252
251.984909, 302.221863, 192.764832, 190.682816
251.380188, 301.792664, 194.003418, 191.613953
251.608047, 301.828186, 193.765640, 192.591537
256.319366, 298.666687, 194.188232, 200.872253
256.098694, 300.023163, 194.777252, 199.073959
258.386810, 299.515625, 193.360138, 199.794281
250.597336, 301.596313, 196.742706, 197.417847
250.963272, 302.327698, 196.796295, 197.795776
254.674103, 301.802490, 195.132385, 203.627441
250.363770, 303.155518, 201.917328, 210.673264
253.667374, 304.670166, 199.464066, 209.603973
256.391998, 306.511169, 198.112762, 210.470871
256.543152, 309.461731, 197.596573, 209.961639
253.928101, 309.127014, 199.623428, 210.498978
255.355453, 310.768066, 197.212021, 205.956161
254.190964, 310.878448, 198.225601, 205.638702
255.366364, 311.357788, 197.668747, 205.224854
254.022385, 311.077789, 199.591888, 206.798248
258.199188, 310.300049, 195.339966, 204.166565
244.514633, 308.884888, 205.192078, 207.197891
249.855240, 312.478027, 202.779129, 211.612427
256.115387, 311.269501, 199.506714, 211.092392
253.938293, 311.842529, 199.029221, 211.604141
258.217010, 310.982910, 196.849228, 212.492859
257.563843, 312.018463, 197.974243, 212.258423
247.780563, 315.208496, 200.107742, 203.353561
247.490204, 313.396362, 207.195755, 215.844910
245.912079, 314.211151, 208.525925, 216.939392
244.972214, 312.685547, 212.133270, 219.871948
244.832474, 314.782227, 211.239197, 218.563705
240.705399, 322.840881, 204.427795, 200.204208
248.769318, 322.035400, 203.392258, 202.737183
247.731827, 322.888855, 203.996384, 203.208282
239.194763, 329.474487, 206.649048, 201.825104
240.336807, 330.141968, 205.608292, 201.065308
239.792587, 327.618011, 205.635239, 202.412460
237.100189, 322.337860, 211.044846, 209.415543
237.243454, 323.231293, 209.948364, 207.463486
237.098572, 322.890381, 209.934814, 207.980087
243.714127, 318.041229, 214.188019, 223.654999
238.062683, 320.982269, 209.238388, 208.180298
238.775742, 322.419739, 209.366196, 206.729752
242.585083, 321.917664, 210.712265, 221.064941
243.337585, 314.426025, 214.684662, 227.241119
242.864792, 314.519653, 214.957047, 224.242310
242.729309, 312.109711, 214.593475, 228.931992
244.855240, 312.561646, 215.115936, 227.754837
245.758057, 313.520081, 213.437134, 224.506271
246.945160, 314.600098, 209.026291, 220.041489
239.479889, 321.390137, 204.494705, 207.465759
244.959656, 314.355560, 202.739502, 204.441620
244.826553, 314.004181, 202.685272, 203.753235
251.431000, 312.781830, 199.105804, 209.294647
250.549316, 308.411499, 196.603958, 205.396347
250.557892, 305.718597, 196.335388, 207.719177
250.020264, 304.135315, 196.417313, 206.445267
248.817673, 303.327057, 199.820465, 208.485016
248.576355, 301.447144, 199.212204, 207.690399
249.834717, 298.460999, 200.421555, 206.659760
251.151978, 300.838501, 195.837189, 199.818451
254.679474, 302.502869, 190.754196, 195.569427
250.150452, 303.790314, 185.868759, 182.501556
254.657608, 300.230713, 191.714447, 192.294632
254.272491, 299.584229, 190.304108, 190.934280
247.681641, 288.356049, 198.191406, 205.450211
250.159241, 289.479248, 190.527832, 201.251114
249.882095, 290.550720, 195.408249, 194.916168
253.490906, 289.755096, 189.345886, 193.204742
247.304947, 287.565277, 192.198303, 188.969528
258.568665, 287.500732, 184.419342, 192.542908
254.066086, 288.096985, 190.203629, 190.515076
254.532684, 283.137146, 185.020248, 193.686447
255.525085, 282.825928, 184.092789, 191.094772
262.782867, 288.392242, 182.815140, 185.747528
257.119507, 282.513611, 183.101913, 188.306503
255.642517, 286.362671, 182.109879, 181.096893
255.273605, 287.088379, 182.749710, 181.181305
256.362427, 286.688538, 183.022964, 181.903687
257.115479, 288.010040, 182.985382, 180.250671
256.857117, 284.067963, 185.214233, 185.375793
257.778992, 284.821838, 182.636200, 183.230881
258.750031, 285.351105, 181.580017, 181.441956
261.265442, 283.589478, 181.723328, 180.549057
263.259155, 282.149933, 178.306580, 185.368973
263.333344, 283.398743, 179.804047, 185.992935
265.439850, 284.907166, 178.159927, 184.145279
266.580078, 285.015106, 177.193161, 183.760727
268.049469, 286.247253, 176.621811, 180.813950
260.651733, 280.038574, 186.331070, 182.454880
261.675812, 281.607086, 184.333969, 179.882584
261.840851, 281.761353, 184.989090, 179.981171
269.285980, 286.960205, 175.673660, 178.662674
262.765594, 285.379425, 182.693436, 178.247208
263.340271, 284.964600, 182.092636, 178.671783
269.562225, 287.295532, 177.574936, 181.199326
266.201569, 284.789917, 179.707565, 176.659409
269.128632, 286.446686, 178.814499, 183.145706
265.256989, 283.075989, 186.638351, 184.002930
265.559479, 282.809265, 187.321335, 185.417297
266.771729, 283.003906, 186.573166, 184.647308
269.787903, 287.906403, 181.373520, 175.831070
270.304871, 288.719177, 181.694351, 176.028076
274.068298, 289.662994, 177.994186, 173.518250
277.086609, 285.396149, 184.653137, 184.142441
277.994110, 284.578461, 186.795364, 186.053619
272.447632, 285.707520, 189.282822, 184.912308
277.206970, 283.865356, 188.827484, 188.248611
284.578644, 291.487366, 180.151123, 181.498108
273.525177, 289.829285, 189.970917, 183.595398
275.825562, 288.506195, 188.993820, 185.542236
278.143494, 289.224823, 188.785049, 185.184784
284.114075, 293.058533, 184.898636, 182.223114
282.143585, 292.565521, 185.870483, 183.840775
283.913330, 297.023499, 187.541351, 183.100006
284.906738, 297.513000, 187.089569, 183.912552
285.918152, 298.563354, 186.885056, 183.499878
286.627838, 298.101196, 187.663177, 184.824219
287.272552, 296.961151, 187.523621, 185.401093
289.253418, 296.541199, 188.050797, 185.268066
279.783997, 292.244385, 194.984161, 188.186096
288.739227, 296.816620, 191.141769, 186.526459
280.615814, 293.399628, 195.005844, 188.665298
281.039581, 293.648926, 195.353867, 188.965393
294.956451, 296.677704, 182.317856, 188.318054
297.975983, 297.795715, 179.390732, 186.626587
294.224731, 297.593201, 183.293762, 189.350525
293.365509, 297.263031, 185.003448, 190.696213
290.991241, 298.922638, 194.578369, 190.872971
291.809326, 298.621948, 193.508423, 191.575058
283.924805, 296.567108, 195.270126, 188.819290
294.223450, 299.882172, 194.854248, 195.288910
283.565338, 297.720215, 198.738480, 192.886642
285.539856, 300.244385, 198.022003, 193.891571
301.656830, 305.735535, 188.005936, 194.153748
298.240448, 311.654694, 192.237778, 190.668152
282.246216, 304.586304, 202.466858, 197.812241
283.686768, 309.860413, 201.774994, 195.938019
283.260590, 312.498077, 202.053162, 194.832855
296.293854, 316.005707, 196.705627, 200.408081
299.379913, 318.273743, 190.837646, 196.280731
283.835724, 315.815460, 204.167786, 196.691162
292.610535, 319.886200, 197.252472, 195.302277
298.325348, 322.637817, 190.659210, 191.512497
298.450928, 321.831512, 193.542175, 192.680496
293.147339, 322.175415, 204.515961, 204.517990
290.866516, 320.303833, 209.065414, 205.323822
296.804016, 321.056488, 197.899490, 196.231628
296.613007, 321.845001, 197.974014, 196.656296
297.368164, 318.355682, 200.667114, 200.988998
296.497803, 321.751343, 199.701889, 198.340256
297.987579, 323.113708, 198.604019, 196.313019
298.362762, 317.904358, 204.213272, 207.938171
298.485199, 324.251587, 198.222702, 194.887390
300.747925, 320.617371, 203.268311, 205.564972
299.642975, 326.184204, 197.194244, 193.493774
300.136993, 325.751068, 199.540680, 202.322556
301.589447, 325.990204, 200.658859, 202.429962
297.286865, 323.486603, 208.819824, 208.923203
294.912170, 326.115479, 203.586014, 199.875931
299.498901, 323.147186, 204.350861, 205.323837
297.274292, 322.048401, 205.554123, 204.352112
293.301727, 324.718658, 205.364700, 202.380844
297.937378, 320.641052, 206.036789, 209.268585
299.432617, 326.856262, 203.635696, 202.242676
299.223083, 325.081848, 202.521484, 205.005951
296.972992, 324.948242, 204.006622, 205.690933
296.326721, 318.433899, 203.218216, 200.958344
297.196991, 324.222900, 198.328873, 192.870697
294.478241, 318.460693, 207.365463, 205.255173
282.176239, 319.149933, 211.581711, 203.987030
279.205109, 317.880005, 215.799911, 207.900024
294.823242, 320.003540, 200.458237, 199.371674
285.317169, 318.500580, 200.371017, 193.015564
279.254333, 318.356079, 206.897018, 193.288879
278.293182, 315.861542, 207.322556, 194.928833
279.354828, 316.836823, 204.131332, 193.841049
278.405731, 316.644226, 203.706390, 195.279785
274.015350, 313.870209, 211.778946, 205.580872
274.847687, 312.890289, 209.538940, 204.702133
274.216187, 313.336975, 208.625443, 202.064835
274.347351, 312.051208, 205.563568, 200.192993
273.905151, 312.818359, 204.048523, 198.414169
272.905426, 312.191437, 201.847198, 196.713577
271.248779, 314.672668, 201.797516, 197.868408
274.732574, 318.247864, 199.175751, 195.985855
271.685974, 320.324402, 200.670486, 196.107346
271.355988, 322.685455, 199.462616, 196.405090
279.498199, 326.581848, 194.928757, 195.262039
278.298248, 327.844391, 196.122421, 200.300659
276.524658, 331.088989, 194.803314, 196.971436
275.739502, 331.193604, 193.700409, 195.770447
273.126892, 330.677155, 195.225647, 195.989227
258.755707, 327.159943, 205.313873, 204.627487
270.235626, 330.921295, 196.702896, 197.429733
268.975586, 324.047607, 197.698364, 200.095261
265.844055, 328.258667, 201.307571, 200.268478
268.526611, 327.020020, 193.811966, 199.225800
263.695251, 325.723816, 204.605240, 203.406219
268.025421, 326.034149, 193.775223, 198.188141
268.453888, 325.442413, 200.511734, 201.407440
272.951660, 326.274841, 194.781754, 199.317459
274.268616, 326.462402, 191.975037, 198.011551
274.569519, 326.140167, 192.320313, 198.101822
269.200958, 324.306122, 200.793503, 203.297195
269.765289, 322.355774, 199.100357, 197.705170
270.381683, 322.541412, 198.916290, 196.526733
271.015381, 321.901978, 200.175629, 200.762039
270.106293, 321.517456, 203.007706, 203.203064
267.533569, 319.068146, 207.227005, 205.414795
267.381378, 320.098236, 207.351410, 205.869949
267.305634, 321.137451, 208.479675, 207.359833
269.164520, 322.681824, 204.274490, 200.715591
269.189453, 320.947266, 206.289474, 202.304642
271.056152, 323.447083, 202.782532, 199.553650
271.849701, 321.537689, 203.709946, 201.379959
272.640594, 320.265900, 203.340134, 200.348053
271.596252, 319.399872, 205.438690, 203.455231
273.399719, 320.095367, 202.764786, 200.050125
272.230011, 318.287872, 204.265106, 202.709320
273.874176, 319.512817, 199.916016, 197.324066
273.838104, 322.047668, 199.790939, 202.274414
273.074860, 320.140747, 200.901398, 202.640869
273.264160, 319.160645, 198.331146, 199.036606
264.459229, 315.628754, 202.451706, 202.998749
262.769379, 311.896027, 203.263428, 197.852676
261.804077, 310.990631, 202.670502, 196.136810
258.850800, 308.628784, 205.372009, 198.481903
273.074188, 312.163391, 192.729095, 201.534088
272.120453, 308.318604, 193.984253, 198.935303
264.295685, 301.170410, 198.226746, 203.569321
264.428467, 302.379425, 196.940720, 204.146118
260.912018, 303.779907, 195.954620, 200.629013
266.406403, 305.177155, 192.100357, 197.726944
263.720612, 303.678772, 192.639374, 197.260132
267.311646, 301.483551, 188.605820, 196.010895
255.527618, 306.215576, 191.032150, 190.402695
265.440002, 300.740845, 186.612076, 193.628799
257.370026, 299.817780, 190.057648, 188.283524
258.014648, 296.054535, 187.472183, 191.633331
256.165375, 296.269653, 185.679855, 189.347046
258.688812, 290.934906, 186.499008, 194.463882
255.982147, 291.832336, 185.235977, 194.466217
248.938599, 293.133087, 188.765030, 188.142914
256.478943, 289.570679, 181.998199, 193.671478
254.137772, 288.249634, 183.702667, 191.645844
251.041367, 287.810394, 183.028503, 189.869247
249.171051, 290.763580, 183.010101, 182.507660
247.763351, 287.993927, 183.409103, 181.276825
252.970474, 290.975067, 178.840866, 180.079819
246.749893, 286.773438, 183.918854, 186.683563
254.747574, 279.917328, 177.932404, 180.367371
255.074738, 280.642029, 178.938751, 183.501755
253.611710, 282.572876, 179.033539, 180.285568
249.411697, 283.399872, 180.208191, 180.542114
252.076752, 280.619354, 178.272919, 185.025177
253.411102, 280.308655, 177.722137, 178.457947
248.789566, 283.779755, 180.179230, 178.989136
247.096420, 280.993713, 180.299744, 180.940430
247.515625, 282.503967, 180.253662, 179.720947
247.675919, 281.703430, 179.582031, 180.327026
248.981323, 285.391876, 175.066116, 176.776276
247.025970, 280.936096, 179.368256, 179.915634
249.425537, 284.870728, 173.826645, 175.087112
247.523941, 280.554840, 178.973145, 177.722778
248.325363, 279.865051, 176.955795, 176.411469
248.674896, 282.585052, 170.689713, 170.648499
251.243546, 280.079956, 176.826370, 173.614731
251.898239, 280.982788, 176.000183, 172.165268
253.107574, 281.289673, 173.956818, 169.353500
244.957794, 281.901093, 175.804993, 171.266541
246.411606, 281.529480, 174.782745, 171.057724
244.924576, 283.557007, 170.629364, 165.436462
248.734207, 281.613434, 171.060150, 168.865082
244.785889, 279.172913, 178.637466, 174.260284
246.726974, 280.492523, 172.862427, 171.025070
244.379471, 285.133179, 173.527832, 167.335297
241.648102, 282.568542, 177.262680, 172.044815
241.694534, 281.609924, 177.895203, 173.893158
248.835739, 282.491791, 174.995178, 172.297272
243.791000, 283.797913, 174.883835, 170.529526
243.429611, 283.954895, 174.892441, 169.896500
243.111862, 283.845825, 175.588791, 170.391998
240.531311, 284.294861, 175.562012, 170.127502
244.761795, 279.616272, 180.008011, 180.460571
248.394318, 282.617249, 177.312836, 174.579346
247.627106, 282.679077, 179.079300, 178.354309
241.923767, 283.810547, 178.177307, 178.702637
248.952148, 285.202271, 179.248810, 182.832336
240.283615, 288.095551, 182.216583, 183.041092
240.888428, 286.803162, 183.992935, 185.147537
246.334381, 285.264679, 183.232178, 189.583847
245.628937, 290.290649, 181.749069, 182.042770
241.889145, 292.260437, 183.048920, 184.090515
242.772949, 285.691803, 185.694839, 194.636047
244.722672, 286.552490, 184.134537, 191.798599
245.373825, 288.140289, 183.029495, 189.737259
250.552200, 292.821381, 181.322296, 180.138458
247.216934, 288.280212, 181.654144, 187.395935
247.619507, 290.998322, 178.741287, 184.353638
247.797165, 288.419373, 180.428329, 187.266632
245.813278, 291.188049, 182.103958, 186.617874
245.328476, 291.295746, 182.552109, 187.259659
245.947800, 290.412201, 182.491959, 189.439835
251.416351, 294.497803, 186.393051, 184.721817
250.644928, 294.964691, 186.591949, 183.370041
253.292374, 295.615173, 184.110840, 182.038040
251.631744, 295.165436, 186.973190, 185.037048
247.890228, 291.149628, 187.528320, 192.155426
247.732513, 292.980255, 182.894348, 184.613129
246.296661, 290.487640, 188.928650, 194.380417
240.274719, 289.439240, 193.766373, 203.554016
240.951599, 289.478821, 194.355179, 203.760513
242.753799, 289.940491, 193.236160, 203.381104
245.067627, 290.463318, 191.720398, 201.921310
244.128799, 289.679443, 192.395905, 202.670441
246.428055, 289.028381, 190.556686, 200.549698
242.990341, 288.618317, 193.073410, 202.597321
242.908249, 288.028931, 193.751755, 202.132675
248.045135, 288.793365, 189.944244, 198.752762
246.675339, 288.030334, 191.493866, 199.374939
246.854233, 286.855255, 190.445740, 198.295364
248.900299, 287.235779, 190.466965, 197.900177
252.092834, 288.833313, 188.987564, 197.266388
251.429398, 288.475861, 190.265320, 196.509766
246.460327, 291.130920, 191.600159, 190.945648
247.469177, 290.744934, 190.353424, 191.050034
244.894897, 289.341980, 191.977432, 193.116852
246.016159, 284.305634, 189.668045, 192.524414
244.174942, 286.880035, 192.681030, 193.292221
247.781998, 290.720459, 190.993637, 191.880768
247.543396, 282.755096, 191.353088, 194.120483
247.542938, 290.038544, 191.432251, 192.917480
248.202103, 290.623596, 190.384171, 193.698746
253.785690, 288.079559, 194.002441, 193.340195
248.480057, 282.625671, 193.278976, 197.237137
249.905411, 281.604553, 193.092834, 196.807434
247.834900, 281.595581, 193.505127, 192.598816
247.606659, 280.745453, 193.700989, 191.816559
248.609009, 278.024139, 192.729004, 191.050186
250.948212, 278.372925, 191.436783, 188.070541
254.497803, 282.033264, 190.783432, 189.124741
255.938858, 281.602356, 193.742157, 196.261688
265.212402, 286.647522, 189.502411, 191.028046
263.723572, 284.928497, 189.750305, 192.844498
263.343842, 286.992676, 187.394653, 190.588394
259.130829, 281.103424, 194.511551, 193.268784
266.921967, 282.364777, 192.694061, 196.055374
270.934662, 283.976776, 189.498535, 193.053329
271.641937, 283.165405, 187.560165, 192.852966
261.761688, 280.671295, 193.499695, 192.318741
271.813049, 282.597778, 187.616394, 193.520798
273.915649, 283.441528, 186.022903, 187.485916
271.504608, 282.344971, 187.279282, 187.974792
275.213409, 285.675354, 189.865891, 192.784012
275.393707, 285.414856, 189.364838, 193.609940
274.390167, 283.828735, 187.507401, 191.491974
278.475494, 283.296661, 184.327103, 188.135071
278.687622, 282.705627, 184.763138, 187.759796
272.595764, 283.558319, 184.651062, 188.185501
279.626801, 283.552826, 185.998825, 188.855179
279.838135, 282.789520, 186.303207, 185.777252
278.920258, 284.137299, 186.712387, 184.734909
281.303101, 284.253815, 186.971085, 186.212128
284.831085, 282.763855, 184.931976, 187.476196
288.088013, 282.523621, 181.638275, 186.190140
287.877441, 284.854950, 185.286163, 186.648911
283.491241, 285.029388, 190.071854, 187.738388
297.262390, 283.890717, 179.329117, 190.428894
292.515503, 288.347931, 183.973267, 187.713272
292.152008, 283.079956, 181.590759, 181.488892
286.572418, 284.808502, 198.560867, 194.032303
295.237518, 293.876648, 190.458282, 184.927979
296.833862, 297.392303, 191.471481, 184.187073
311.624939, 297.931213, 183.867599, 181.811600
299.409485, 298.475677, 194.656372, 178.697006
