219.621918, 324.292511, 175.220032, 187.122589
219.631104, 324.799438, 175.552780, 187.127274
217.474487, 326.042908, 179.752090, 185.549469
217.755081, 326.480591, 179.874725, 184.844681
218.727264, 326.473267, 179.167389, 184.568954
217.458206, 325.976501, 180.243393, 185.496246
218.115616, 326.892334, 179.871048, 184.402252
218.620743, 326.583069, 179.641678, 185.572021
219.456207, 327.272583, 179.153702, 184.636139
218.640564, 327.168610, 179.844009, 184.749390
219.432693, 326.757568, 179.176636, 185.385925
218.238693, 326.261047, 180.381699, 186.351654
219.006561, 326.444153, 179.340775, 185.909164
220.024796, 326.315826, 177.728638, 185.844345
220.341461, 326.095093, 177.684464, 186.209854
219.783829, 326.211853, 178.704803, 186.019409
221.168686, 326.120911, 177.557449, 185.987076
223.138016, 326.646362, 175.072006, 185.449707
219.868439, 325.821472, 180.244156, 186.548157
222.385483, 326.168701, 176.699707, 185.656738
221.673660, 325.906372, 177.831131, 186.178131
222.614746, 325.980835, 177.020370, 186.102386
223.615326, 326.575623, 175.206482, 185.092575
224.806702, 328.274261, 172.637527, 183.417236
226.399124, 329.157227, 169.703018, 181.710571
223.106216, 332.099213, 179.110336, 179.094772
224.624268, 326.300140, 175.611969, 185.921509
222.697372, 326.983002, 176.451355, 181.571075
223.241501, 325.222839, 188.080750, 179.073242
225.079910, 320.453888, 174.769043, 184.934250
218.103226, 320.608337, 189.460205, 186.347397
220.794983, 321.900421, 183.855179, 185.704285
222.269852, 318.179108, 178.579010, 181.912216
216.106583, 322.205811, 187.671204, 176.980270
220.666229, 317.430634, 184.426743, 184.765686
219.369949, 315.741913, 186.310760, 186.194168
221.167297, 315.422089, 183.217224, 184.137222
224.245346, 314.634491, 177.844650, 180.770660
226.112305, 311.813507, 168.495407, 180.790390
225.799347, 311.395752, 169.085403, 180.921799
224.384888, 310.727051, 170.089325, 181.190567
224.610214, 310.726837, 169.466141, 181.898712
225.336761, 310.987457, 168.155991, 181.919876
221.856354, 309.166473, 183.747391, 193.778748
219.992432, 307.596039, 183.661026, 196.387375
224.773956, 307.950073, 175.792114, 191.475464
215.824265, 315.197693, 190.422699, 189.995651
215.965271, 317.176453, 188.135773, 188.754868
224.027969, 322.233978, 177.063232, 182.668884
215.180634, 321.787506, 182.788376, 184.478104
221.158066, 321.380249, 177.283554, 183.597931
226.997665, 326.939911, 167.560089, 179.146927
226.741302, 328.019623, 166.630798, 178.199463
224.846970, 326.602539, 167.302643, 180.281311
225.553452, 328.788574, 172.120087, 179.058823
222.393982, 321.508942, 175.693268, 187.629272
221.331284, 326.439240, 170.971527, 180.212219
221.189774, 326.206238, 171.100815, 179.943741
219.715576, 321.497772, 177.662201, 189.320618
221.745193, 320.996765, 177.093842, 189.910995
217.267731, 319.353516, 179.569992, 190.860245
216.307999, 318.195862, 182.863754, 190.972687
219.718292, 319.015869, 178.321136, 189.153000
215.135498, 318.644440, 183.716019, 192.417160
215.965393, 316.846863, 182.298950, 189.207047
216.940125, 317.267395, 181.374359, 187.986115
219.854645, 316.825104, 176.409790, 185.061752
215.434448, 318.153381, 175.359100, 180.512314
216.689331, 317.608765, 176.240662, 180.307739
212.167206, 318.020813, 178.270157, 180.734283
211.002716, 319.202423, 178.769089, 180.594818
212.456039, 323.307739, 175.832428, 177.327332
210.106277, 315.773712, 179.439545, 183.510651
210.746506, 328.297424, 175.439102, 171.967148
211.583893, 324.595276, 176.278152, 175.747162
213.901627, 317.825348, 176.164673, 183.879395
212.743866, 318.078705, 176.608536, 184.018311
207.649902, 318.689362, 181.451355, 184.863358
206.375900, 321.325348, 179.220596, 179.713440
207.805832, 329.292358, 178.806473, 175.689957
207.262314, 330.191345, 172.547989, 172.547760
206.091309, 329.797577, 175.082245, 167.879807
205.735199, 327.747803, 175.859558, 169.329315
209.781204, 324.496185, 175.501114, 176.252975
209.199692, 323.760345, 175.266098, 176.005417
204.693924, 328.095276, 175.051437, 168.448074
203.335632, 324.706787, 176.354980, 172.424866
202.588303, 325.013824, 175.472839, 171.530167
202.595535, 318.340759, 175.697723, 176.009888
208.121902, 324.480621, 172.800583, 171.969604
199.800369, 317.695984, 177.811340, 175.943253
201.231293, 316.221863, 179.298721, 184.734680
198.162766, 318.646484, 179.621521, 176.121246
202.215424, 316.887482, 179.080307, 186.113556
202.012634, 317.138306, 179.081680, 186.376450
201.453781, 318.386963, 178.469925, 184.527206
200.409225, 322.132843, 177.980377, 177.841812
200.631210, 322.765442, 177.412064, 177.307816
200.815842, 318.816040, 178.151398, 182.861511
200.012955, 323.845306, 177.267960, 176.897415
200.144470, 318.810883, 178.408707, 183.530396
200.809738, 319.457428, 176.962234, 181.691101
200.213593, 319.430847, 177.518082, 182.809402
199.759277, 319.761841, 176.855286, 182.344589
199.551376, 320.261993, 176.092743, 181.644379
199.707748, 320.348022, 177.456665, 182.548447
200.222336, 320.646667, 177.442245, 182.275589
200.574921, 321.048981, 176.821411, 181.400467
200.004761, 320.941559, 176.977737, 182.717285
200.857559, 322.168671, 176.325470, 179.534882
201.739243, 332.718536, 172.165222, 172.134933
201.563446, 333.310181, 172.477493, 172.445892
204.967773, 329.154572, 174.986603, 171.507690
205.277557, 329.162079, 175.113419, 173.014938
202.091583, 324.770020, 175.000198, 177.222946
201.985092, 324.148743, 176.139236, 177.087906
204.787766, 330.402069, 174.994461, 171.287949
205.347061, 330.221497, 173.417740, 169.954636
201.005585, 323.501984, 175.533386, 177.671906
202.404846, 323.020813, 175.075516, 179.382919
198.531509, 324.415497, 176.970200, 176.549011
198.411240, 324.571136, 176.986313, 175.822189
199.421402, 323.228516, 176.361465, 177.352692
200.422729, 323.270599, 175.273834, 177.951935
200.651413, 321.972626, 176.869873, 181.344559
200.974060, 321.845459, 176.570328, 181.859421
201.442230, 322.454498, 175.825943, 180.889206
202.407593, 322.410217, 175.128906, 180.916046
202.880402, 323.029449, 174.462067, 180.402634
207.279266, 328.563416, 171.770218, 173.364380
201.589493, 322.629364, 176.068848, 180.073792
207.967499, 328.106293, 171.362015, 173.395691
207.545471, 329.154053, 170.735016, 171.719025
208.075851, 328.899078, 170.396881, 171.787491
206.818420, 329.028076, 171.700317, 171.861694
205.940643, 329.245453, 173.017914, 172.900269
201.211441, 326.009155, 175.319962, 177.216507
200.209167, 325.721954, 177.632660, 177.569901
200.336472, 326.244995, 175.663956, 176.926147
203.884583, 330.737610, 174.321594, 172.437607
196.635239, 329.398682, 178.034073, 170.898224
198.587311, 326.620911, 176.191849, 176.469299
193.120544, 323.835236, 180.294876, 183.083023
196.181961, 324.731506, 178.507721, 178.288116
195.312561, 324.155945, 177.054901, 178.801132
195.060043, 323.350586, 179.088425, 180.062576
195.294785, 324.742096, 176.815430, 178.526031
195.897430, 325.521912, 176.265152, 178.046539
195.585983, 324.544067, 176.725372, 178.720566
190.382446, 322.592896, 185.503403, 179.129074
191.150772, 324.012573, 184.905106, 179.347397
189.685928, 322.215576, 189.517395, 181.245590
189.766098, 323.075592, 186.808945, 180.838455
189.254440, 322.900360, 188.996429, 180.913818
195.113403, 324.164886, 178.440292, 178.893356
195.313416, 323.789398, 177.017792, 178.966675
195.177689, 323.793884, 177.127182, 179.837387
193.633011, 321.845642, 182.666260, 184.391510
193.474197, 322.459259, 182.961807, 183.706009
194.951004, 323.886658, 179.134293, 180.997849
194.699356, 322.707886, 181.852982, 184.346085
194.817703, 324.609192, 179.053543, 180.550232
195.144104, 324.634186, 180.414948, 182.524323
194.900406, 326.160248, 177.730225, 179.363358
195.380463, 326.958344, 176.735580, 179.477188
188.191132, 325.177612, 184.811035, 181.775024
188.332306, 325.151733, 184.452759, 181.468460
188.947281, 325.635315, 183.510422, 180.219025
188.532318, 325.224335, 184.450500, 182.444122
189.099854, 325.915527, 182.338440, 182.444321
188.816437, 326.613251, 183.110443, 183.322357
190.448105, 326.863068, 180.859665, 182.282593
190.446335, 326.806091, 180.858963, 182.386444
190.415543, 326.921997, 181.587051, 182.284912
189.060593, 327.062927, 183.827957, 183.312668
189.995514, 327.723877, 183.483795, 182.067673
190.812546, 328.363525, 182.504440, 181.743469
190.206299, 329.322266, 184.022354, 181.356110
189.756378, 330.192596, 184.905685, 180.223740
190.147949, 331.589203, 184.622391, 178.533768
190.558823, 331.985474, 184.443695, 177.842682
190.531204, 332.003845, 183.906479, 177.902054
190.165924, 332.859070, 184.164261, 177.412460
191.633148, 334.537537, 181.680710, 174.197388
189.974487, 333.967285, 184.074310, 176.885986
192.146545, 336.313354, 180.473740, 172.875473
192.411423, 336.783661, 179.915329, 172.440125
192.212921, 336.944519, 180.482178, 172.379730
191.585022, 336.754944, 181.464264, 174.465576
192.425690, 338.198334, 180.004456, 173.314774
192.988190, 338.788300, 179.175018, 172.814163
192.777863, 339.123901, 179.462067, 171.759781
192.465759, 338.979889, 179.863785, 172.692810
193.226349, 338.689697, 179.357574, 172.975311
193.550186, 338.761719, 179.399948, 173.136749
193.016205, 338.283417, 180.294067, 174.733292
193.529739, 338.454407, 179.598419, 173.327316
193.667572, 338.872437, 179.768784, 173.731262
193.848770, 338.977020, 179.539185, 173.690353
194.154892, 339.532959, 179.473969, 172.414185
194.705078, 338.801270, 179.582764, 173.643921
194.102615, 340.207123, 180.076538, 171.689377
194.647552, 341.392273, 179.485245, 171.137741
194.949249, 340.241791, 180.806717, 171.290573
192.525116, 336.062805, 186.302582, 177.591858
194.017441, 336.608856, 185.118652, 177.194839
194.333221, 337.262268, 184.801804, 176.769379
197.789230, 339.726654, 181.970703, 173.225052
197.525345, 339.687073, 183.985428, 173.141647
196.855591, 337.990540, 185.062012, 174.694107
198.278091, 335.742401, 182.265839, 176.560715
197.964737, 335.388519, 184.105438, 177.662033
197.791306, 335.606445, 184.664185, 178.170227
198.218979, 335.847321, 184.890869, 178.356781
198.227325, 336.373383, 184.137863, 177.049179
198.248428, 336.397827, 184.175201, 177.116364
198.940994, 336.657593, 183.170898, 175.607910
198.957550, 336.171875, 183.743134, 176.516891
197.610931, 335.568054, 184.630478, 177.669861
198.721115, 336.252930, 183.014618, 175.847153
197.373932, 334.597351, 186.033478, 178.929214
197.722733, 335.854431, 184.727020, 176.276215
198.270966, 336.169678, 183.994888, 175.893677
198.508835, 336.564240, 183.633209, 174.800049
197.819580, 335.695770, 185.203476, 176.789383
199.462280, 336.356720, 182.950607, 174.846863
198.278503, 336.077759, 184.349792, 175.841537
198.142975, 336.186249, 184.488464, 176.517792
198.556931, 335.942841, 184.142868, 175.000519
198.144775, 336.104675, 184.171219, 176.640762
197.967560, 335.953461, 184.828262, 177.080215
199.381577, 336.952301, 182.251007, 173.923660
198.091217, 336.098694, 184.313889, 176.744827
198.107040, 336.389374, 183.742905, 175.692307
197.425415, 335.541809, 185.578217, 177.549118
198.400467, 336.535889, 183.683121, 175.668228
197.599472, 335.277283, 185.148590, 177.968994
197.915771, 336.280518, 184.108276, 176.146515
197.104355, 334.970093, 186.495804, 179.016495
197.547714, 335.402954, 185.475067, 177.682495
197.761871, 335.145813, 185.392059, 177.046509
197.866745, 335.332397, 184.970963, 177.210648
197.708466, 335.838440, 184.736328, 176.479828
197.672318, 335.675262, 185.354309, 176.465530
196.701630, 334.571503, 186.660263, 178.277039
197.058167, 334.868347, 185.894806, 177.713104
197.811798, 335.864502, 185.188950, 175.911224
197.623901, 335.473419, 184.921585, 176.489838
199.631241, 341.337830, 180.617340, 171.110062
201.643143, 340.820801, 179.904068, 174.796051
202.993073, 343.191620, 178.273102, 173.721420
201.743927, 342.203827, 179.028366, 166.043625
200.972610, 340.305084, 180.663300, 174.738403
203.630432, 340.618500, 178.217468, 175.592209
203.350220, 339.931549, 178.868317, 175.724930
203.582291, 339.297363, 178.740067, 176.182587
204.315033, 339.375916, 178.137863, 175.630997
205.357986, 339.339264, 176.873749, 174.835175
205.117783, 339.260223, 177.347839, 175.685516
206.372284, 339.649414, 176.217056, 174.655548
205.628860, 339.409393, 177.483582, 174.809769
206.954361, 339.778046, 175.970474, 174.463593
200.636841, 333.160828, 184.224899, 185.695419
206.972366, 340.415924, 175.800385, 173.567810
199.708786, 331.935699, 185.157730, 186.938660
200.384689, 332.979858, 184.305756, 186.175308
199.696320, 331.963379, 185.251007, 186.529129
200.560196, 332.920074, 184.771500, 186.034912
200.258041, 332.105804, 184.784058, 186.528549
200.214554, 331.907349, 184.952103, 187.011963
199.979568, 331.677521, 185.157440, 186.882431
200.519974, 331.906281, 185.007507, 186.807480
200.715668, 332.072571, 184.655441, 186.620056
200.057098, 331.224274, 185.015060, 187.222916
200.196121, 331.380310, 185.263443, 187.051849
200.306549, 331.484680, 185.313782, 186.892258
200.540787, 331.576385, 185.194336, 186.990417
200.736755, 331.789948, 185.227692, 186.918579
200.186829, 331.265381, 185.396942, 187.288361
200.635040, 331.729553, 185.084259, 186.767990
201.039963, 332.056061, 184.950165, 186.446136
200.519592, 332.106201, 185.504044, 186.860901
201.591019, 332.504791, 184.407928, 186.367950
200.654770, 331.845154, 185.544113, 187.213593
201.079956, 332.224396, 184.822495, 186.682251
201.578751, 332.477966, 184.482651, 186.617340
201.657776, 332.400543, 184.375000, 186.549011
208.216934, 340.377045, 174.706604, 172.580948
201.915634, 331.734497, 184.603775, 186.818314
207.370850, 340.152527, 175.629044, 173.571213
207.712128, 340.223969, 175.117569, 173.681580
207.607269, 340.412292, 175.981033, 173.853683
207.054657, 340.217896, 176.133667, 174.224518
206.898895, 339.792114, 176.098831, 174.668243
207.589203, 340.010193, 175.438339, 174.219131
207.865707, 341.096863, 174.748398, 173.454117
207.911667, 340.585968, 174.570236, 173.813553
207.495087, 339.998535, 176.338440, 175.115601
208.094009, 339.641418, 176.633575, 175.629852
207.579773, 338.634644, 177.888519, 176.958603
208.805923, 340.054596, 176.164734, 175.548187
208.214020, 339.986481, 176.439148, 175.862000
208.472214, 339.610809, 177.002853, 176.650589
207.468323, 338.731171, 178.804520, 178.158035
208.774323, 339.966278, 177.074173, 175.753143
207.184280, 338.315216, 180.527878, 178.320541
205.692886, 337.756226, 182.906967, 179.266586
205.683914, 337.831177, 183.006180, 179.921478
205.945587, 337.908844, 182.589005, 179.561722
206.148758, 337.835510, 182.578796, 179.677673
206.316727, 338.029785, 182.381027, 179.412827
205.990677, 337.529785, 183.368622, 180.756729
205.866730, 336.639862, 183.219299, 181.341751
205.866592, 337.175171, 183.636719, 180.977310
207.557022, 338.583649, 180.067719, 178.046326
206.468094, 338.124908, 182.114746, 179.123322
206.543701, 337.622009, 181.675934, 179.295380
206.415054, 337.703186, 182.421326, 179.177322
207.154358, 338.474701, 181.299423, 178.446060
209.027542, 339.948486, 177.841171, 176.539932
205.928925, 337.759338, 183.627808, 179.994568
206.285980, 337.840607, 182.863129, 179.850113
205.950958, 336.069641, 184.042603, 181.859039
206.039368, 337.500153, 183.482300, 180.040268
205.399475, 335.685547, 185.356125, 182.851685
205.640717, 336.248108, 185.036972, 181.758957
206.409729, 337.586761, 181.306549, 178.790726
207.306015, 338.661194, 179.838028, 177.345856
207.139542, 338.196228, 180.566818, 178.046585
206.424957, 337.623657, 181.965515, 179.215469
207.129288, 338.106262, 180.549667, 177.936798
208.486145, 338.918457, 178.444916, 177.391525
208.529526, 339.027679, 178.206619, 176.921524
200.792282, 333.103088, 185.989883, 187.506378
208.489807, 339.421661, 178.222824, 176.601288
199.715424, 333.252808, 184.004135, 186.290771
207.698013, 339.182220, 177.693588, 176.798874
207.746567, 339.302826, 177.823700, 177.472809
202.019867, 333.709595, 183.091812, 185.724960
202.764496, 334.237793, 183.135056, 185.291901
207.700562, 340.122986, 177.341400, 176.491837
207.247162, 340.085358, 178.618927, 177.174973
206.534943, 339.249115, 179.835724, 178.027237
202.483215, 334.582825, 182.690536, 185.108246
208.060440, 340.832977, 176.702179, 176.273849
203.153564, 335.183716, 182.446960, 183.884079
207.121704, 341.337494, 178.183273, 176.499191
201.247940, 335.027252, 182.581985, 185.029205
205.558487, 339.881744, 180.526749, 178.205200
206.150513, 340.854736, 178.814774, 177.200989
204.941544, 339.024170, 181.177490, 179.152084
205.093628, 340.240601, 181.845840, 178.636093
204.757889, 339.044891, 181.337341, 179.570450
205.021042, 340.363831, 181.044159, 178.429642
204.037155, 339.988953, 183.570984, 180.236038
204.479416, 339.964600, 182.634521, 179.128754
204.351700, 339.152039, 182.830261, 179.807373
203.704361, 338.014954, 183.913498, 181.301758
204.054993, 338.891663, 183.182770, 180.287964
204.362289, 338.869446, 182.334869, 179.576447
203.821548, 337.699768, 183.342133, 181.517212
204.213104, 338.786163, 183.255417, 180.809006
203.335251, 337.910339, 185.022827, 182.031250
200.787094, 334.597137, 186.186340, 186.694504
203.728378, 336.499939, 183.496262, 182.082886
202.819901, 334.415771, 183.145447, 184.873062
204.390305, 337.010681, 182.784515, 181.338989
202.833542, 334.296967, 182.477051, 184.032196
200.872070, 333.294586, 185.766602, 187.426788
199.129776, 333.017456, 187.050430, 188.533630
198.346588, 332.891174, 186.601532, 188.428635
198.927872, 333.087769, 186.227951, 188.020721
198.889832, 332.780090, 186.192261, 188.032211
199.317261, 332.957153, 185.898239, 188.119431
199.135178, 332.853943, 186.812531, 187.796875
198.810211, 332.864410, 187.256256, 187.996353
206.224289, 337.334259, 180.029404, 179.411942
198.901749, 335.589783, 187.855301, 182.554382
200.327011, 335.719116, 186.313263, 181.903473
205.010178, 337.655457, 183.750320, 181.645950
199.350128, 335.645508, 187.762268, 182.768814
205.220322, 337.748657, 184.951691, 182.783646
206.482513, 335.099762, 184.607727, 185.125809
206.197830, 334.904388, 185.566086, 186.230499
206.079300, 336.195801, 185.267075, 185.204834
206.585083, 337.075409, 184.558594, 183.951233
200.345139, 336.224182, 186.644547, 181.317276
205.243851, 334.343689, 187.218338, 187.747849
202.471863, 338.588165, 182.206940, 179.185394
201.470932, 337.545349, 185.331421, 180.777618
202.017487, 338.263153, 183.732452, 180.640564
201.592072, 338.048401, 184.488434, 179.138229
206.058990, 334.544067, 187.292633, 189.144440
201.948013, 338.392609, 183.353790, 178.343155
205.651733, 333.578766, 189.010834, 192.062653
201.817108, 338.331238, 183.396210, 178.170975
202.539169, 338.647003, 182.905716, 179.433868
202.354965, 338.642059, 183.094666, 179.363556
202.793198, 338.498291, 182.093658, 179.274445
201.732269, 338.064117, 184.231110, 180.662659
201.602936, 338.293457, 184.054825, 180.174255
204.586334, 332.012268, 191.093491, 193.275040
204.586823, 332.460114, 191.282669, 192.943741
201.079407, 338.070587, 185.432205, 181.224136
204.973709, 334.629272, 189.381607, 189.711609
201.655289, 338.038879, 184.186798, 181.283203
204.627731, 332.635193, 190.331696, 191.154404
205.807724, 335.249451, 187.318802, 186.916473
204.423355, 330.143341, 191.219559, 194.139984
204.500397, 332.591187, 189.431717, 189.672531
203.742081, 330.449493, 191.256989, 191.935928
204.209335, 332.210052, 189.529877, 189.383789
204.182632, 331.241028, 189.863205, 191.298691
204.319458, 332.915710, 188.204620, 189.542374
203.810745, 333.044220, 188.707855, 190.343277
204.600128, 335.275635, 186.267456, 187.211517
204.629333, 341.713257, 183.680634, 182.557861
199.822998, 335.963196, 187.198593, 188.564529
202.024109, 337.983337, 183.969147, 184.399734
199.752899, 335.761688, 188.795868, 189.453049
201.419846, 336.692322, 185.897873, 186.624954
204.336899, 336.808136, 188.144043, 189.296341
204.446411, 335.799774, 188.349594, 190.231598
202.987366, 334.277496, 190.729309, 193.201675
202.779709, 337.024323, 189.368683, 190.097534
201.775589, 335.792114, 184.789032, 185.799988
204.091675, 335.806519, 187.664230, 189.408600
203.318146, 334.997803, 183.596954, 185.765915
204.138885, 335.949219, 186.499298, 186.988739
202.914276, 334.837006, 187.977463, 187.680130
202.853821, 335.739685, 182.111496, 183.431732
202.901093, 334.683380, 182.545197, 185.685577
202.272675, 335.379120, 182.782028, 184.714157
202.264923, 335.446960, 182.818710, 185.038498
202.300293, 335.423035, 182.177917, 184.401184
202.442307, 335.562347, 182.792618, 184.227707
204.309189, 336.393005, 185.765244, 186.669495
203.057907, 334.969177, 182.752899, 184.761536
203.950043, 338.535339, 184.868164, 184.288330
203.453873, 335.030060, 182.758499, 185.299591
204.392319, 339.460449, 184.754517, 184.083176
203.800217, 340.017090, 185.070450, 182.925613
203.715668, 339.378143, 185.164886, 183.696945
204.311295, 340.562988, 185.054504, 183.027725
204.235641, 340.367523, 185.461014, 183.884094
204.842896, 340.571045, 184.671204, 183.917694
203.008301, 339.716034, 186.082779, 185.092239
204.508087, 340.824036, 184.350433, 184.520950
204.357941, 339.511688, 183.681915, 185.360382
207.155563, 341.021637, 178.941986, 181.983109
206.199692, 335.353821, 180.894608, 186.477829
207.572815, 340.741455, 179.206100, 181.956635
207.646423, 339.200623, 179.667068, 182.952347
209.120071, 340.583160, 177.958588, 181.782410
205.828186, 334.715942, 183.912781, 187.883591
205.349274, 335.063599, 185.520447, 188.561386
207.527222, 338.451355, 180.640213, 184.344727
205.130341, 335.276489, 185.174377, 187.929581
205.511673, 336.793060, 184.453522, 186.380493
208.433014, 339.363037, 179.638901, 183.421188
200.427109, 338.561066, 184.358124, 182.582977
205.291916, 335.911865, 185.092560, 186.718185
199.852188, 338.048187, 185.035614, 183.046387
199.979523, 338.884399, 185.809418, 181.405411
206.975174, 339.298889, 179.230728, 182.851334
207.974106, 340.768799, 178.876205, 180.250397
206.632355, 339.673584, 180.934952, 181.455643
207.184845, 340.092224, 179.843140, 180.196182
205.663712, 339.107880, 181.268326, 181.509460
201.292557, 341.185822, 183.052017, 180.091339
206.429184, 338.694519, 180.767746, 182.020416
205.780960, 338.077087, 181.681793, 182.797470
205.194901, 339.589661, 180.480469, 181.847427
205.301056, 339.509766, 180.562759, 181.935593
206.434647, 338.274231, 180.549744, 182.750870
206.766037, 338.953674, 180.309067, 181.586777
206.338272, 338.986755, 179.979950, 182.599304
206.162460, 339.260132, 180.442795, 182.632507
207.240097, 339.199829, 179.850983, 182.441971
207.064972, 339.693634, 179.952286, 181.801498
206.345062, 339.639069, 181.030914, 182.130859
206.235107, 339.973694, 180.758804, 182.209717
206.391373, 340.597412, 179.896317, 182.685944
206.375397, 340.627930, 179.821167, 182.694717
205.905350, 335.950989, 182.536148, 186.748856
206.537430, 338.157135, 180.803925, 184.234970
205.866348, 335.387329, 181.234619, 185.868759
207.496597, 337.890503, 179.046143, 182.840912
206.323608, 338.834229, 181.465240, 183.685074
208.000107, 337.916748, 178.732101, 182.717957
206.982513, 339.094513, 180.488342, 183.180511
208.172272, 337.058258, 179.023087, 183.305054
209.078888, 337.174561, 177.738358, 183.039978
208.442505, 338.483765, 178.110306, 182.693604
208.742371, 339.061096, 177.484940, 181.821899
209.332275, 338.374176, 177.073532, 182.342255
208.311142, 338.945129, 178.398087, 182.713120
209.060608, 339.637878, 176.475372, 181.372543
209.238052, 337.980408, 176.963577, 183.335968
208.827545, 338.380341, 177.346771, 182.485809
209.155441, 337.861786, 176.970612, 183.548325
210.505493, 338.162354, 176.262802, 183.902191
209.145416, 338.250580, 176.885559, 183.227127
202.789429, 333.958893, 188.445770, 187.922699
209.934692, 338.460114, 176.297668, 184.252609
207.039673, 339.105408, 179.300537, 183.880997
209.010010, 338.029663, 178.407364, 185.732605
210.027328, 340.591797, 177.035492, 183.418869
209.115601, 343.031586, 178.099670, 182.324371
201.776337, 341.515289, 184.257935, 184.679489
206.227905, 341.108002, 184.316757, 185.861191
205.651810, 341.575500, 184.916763, 185.196915
206.042557, 340.626648, 184.959564, 185.278320
207.031357, 340.777863, 183.977615, 185.345688
207.822128, 338.440094, 184.520004, 186.706665
207.851074, 338.502686, 184.697586, 186.926529
207.746017, 337.722839, 185.388290, 189.357346
208.276474, 340.582245, 183.702408, 186.214813
208.084427, 340.363098, 183.510956, 186.661011
207.233810, 340.586609, 183.983383, 186.053879
207.368088, 340.514221, 184.576797, 186.889435
207.195282, 340.616333, 184.583984, 187.382858
207.504105, 339.522156, 185.266815, 188.155472
208.285782, 340.935303, 184.788544, 187.301300
207.236526, 341.546570, 184.996033, 186.745026
208.562256, 344.580017, 183.089600, 184.558533
208.010376, 343.286163, 184.181839, 186.158478
209.351791, 343.597076, 183.153931, 185.392166
207.786240, 342.777252, 184.637909, 187.104828
207.228745, 341.349365, 186.070328, 188.793884
207.385605, 340.883423, 185.681137, 188.626129
206.816132, 340.348816, 186.704880, 189.064453
206.768738, 339.542053, 186.684311, 189.976044
206.984589, 339.162872, 186.616867, 190.184250
206.334091, 338.683258, 185.760269, 190.430420
206.615936, 339.861176, 184.836456, 188.076660
205.929977, 340.034180, 184.940338, 188.676361
205.902832, 339.456696, 185.393906, 189.631165
205.855865, 339.621948, 185.573242, 189.227936
206.616287, 338.838776, 185.096588, 190.436432
207.273071, 339.199738, 184.279175, 189.124847
208.217850, 340.611145, 182.281998, 188.115265
208.072372, 346.320984, 181.485214, 181.137466
207.977676, 340.412079, 183.431473, 188.423141
208.902664, 340.967468, 183.279678, 188.956177
209.384552, 341.038177, 182.867859, 189.570190
209.584122, 342.175232, 182.020569, 187.801849
209.634995, 340.522614, 182.511642, 189.479355
209.609726, 340.267303, 182.681671, 189.491959
209.777893, 339.948181, 182.748444, 188.909760
206.393707, 346.189056, 183.232986, 178.844986
207.849350, 339.841309, 184.573837, 189.801025
208.970047, 351.342773, 182.998108, 176.129715
207.392700, 346.474121, 182.673065, 177.592392
210.121323, 351.018127, 182.258911, 174.516006
210.686523, 351.317993, 181.881866, 173.808884
210.807510, 351.125427, 181.804855, 174.450180
210.513336, 351.056549, 181.904755, 173.976318
210.723694, 350.695251, 182.450516, 174.853455
208.163528, 349.250946, 185.650604, 178.610596
207.948532, 349.609924, 185.979126, 177.380829
207.861649, 348.916443, 186.759109, 178.287308
209.301041, 349.351929, 184.763138, 177.659271
209.585617, 349.364075, 185.097641, 177.703125
210.257217, 349.659821, 184.266907, 176.708420
209.679016, 343.480164, 184.550491, 180.247650
200.347473, 336.528809, 196.789719, 194.660324
202.991302, 344.223450, 191.069916, 187.019485
209.673660, 348.683380, 185.448990, 177.306229
209.681290, 348.535461, 185.177444, 178.138306
210.283234, 348.946838, 184.209656, 177.041214
209.361465, 348.203033, 184.653519, 178.301071
209.012039, 347.974060, 183.979675, 177.613098
208.837723, 348.321228, 184.157532, 176.812820
207.442261, 347.799713, 185.122437, 177.396500
207.478333, 347.891541, 184.338089, 176.810699
207.217834, 347.045959, 185.323364, 177.868912
205.104401, 347.582825, 186.467957, 177.662811
206.421310, 346.857056, 179.472214, 178.024567
204.520355, 348.291290, 184.070374, 176.051453
205.193451, 347.411011, 180.114517, 177.280167
206.439606, 349.134766, 179.119583, 177.660309
205.884262, 349.475403, 179.290070, 177.896973
205.556107, 350.998352, 177.143341, 173.097183
203.726303, 350.944214, 178.268234, 174.582809
199.444809, 343.559601, 181.383957, 179.054276
199.359955, 342.551117, 184.904709, 178.984680
197.204758, 343.724792, 184.094894, 180.625809
198.205292, 343.140991, 183.237198, 181.119217
196.222076, 348.177795, 181.208618, 170.054855
195.762726, 349.003754, 181.580688, 170.971375
197.893158, 342.498718, 183.239670, 182.764053
196.085587, 342.972717, 184.168381, 182.109985
195.383026, 342.434082, 184.348648, 182.324036
197.721344, 342.582275, 181.209961, 178.984970
195.889175, 341.601257, 182.208954, 180.398972
193.310043, 341.319885, 184.156799, 181.511917
193.463394, 342.708221, 184.111557, 177.683945
193.343857, 345.072327, 181.886749, 175.289566
190.943497, 345.180756, 182.415207, 177.291473
189.756241, 344.637238, 182.911133, 178.114685
186.258362, 342.631012, 185.295227, 181.997208
184.930344, 342.309479, 184.669952, 181.450790
182.309158, 337.388367, 186.629822, 185.967422
187.699036, 337.961548, 180.589935, 184.039444
183.231522, 337.157654, 184.768448, 181.533447
181.553513, 335.602417, 191.026840, 191.745163
180.588715, 336.137573, 189.982666, 189.561203
172.297653, 338.330322, 194.585953, 188.462646
185.353363, 340.724976, 180.608475, 181.997681
182.543121, 341.891235, 183.938202, 182.386337
177.977127, 338.716614, 189.625992, 188.390625
178.681625, 338.267303, 187.996017, 187.363983
177.576797, 340.277740, 188.787369, 186.333755
178.018173, 338.610474, 187.633179, 186.978638
178.383148, 339.393158, 187.931274, 185.659103
177.911621, 339.996216, 187.820206, 185.147095
179.869858, 338.708832, 184.635910, 182.705673
181.841537, 338.597015, 181.607590, 180.448807
171.130020, 334.125427, 193.313034, 188.651291
171.470291, 333.014587, 193.142868, 188.683273
172.108231, 333.739258, 193.216370, 188.441696
184.563370, 334.880310, 179.821716, 179.945496
185.524094, 335.269897, 179.008789, 179.375641
185.886536, 334.128998, 179.161423, 180.173950
186.624695, 332.661011, 177.382751, 179.943924
186.435837, 332.261658, 178.115845, 180.330444
180.049072, 330.738342, 183.975403, 182.574936
184.346710, 330.577484, 179.108261, 182.259598
174.524261, 327.215820, 190.110092, 189.112411
183.217880, 331.023560, 180.167068, 180.575806
174.246567, 327.869446, 190.203110, 187.295181
184.524567, 332.685974, 178.724060, 180.594452
185.272797, 333.790222, 180.727600, 180.668625
180.919159, 331.497772, 183.431763, 181.235214
181.874390, 330.468964, 184.150497, 183.197327
182.634247, 330.415222, 184.127731, 183.710648
181.182648, 330.682709, 186.842529, 184.200470
188.945938, 331.020691, 177.108917, 181.274719
190.571533, 329.331299, 176.806534, 181.752884
192.775116, 330.049286, 173.969803, 178.267349
191.957291, 327.437256, 176.090530, 180.462921
190.741241, 327.156525, 176.103516, 181.359024
190.488541, 325.924042, 176.465805, 182.858688
190.023605, 324.711334, 177.229523, 181.386948
193.755524, 323.233093, 174.503815, 178.843964
190.369766, 314.761292, 184.482162, 188.827423
198.324677, 315.657715, 174.660278, 182.193466
195.476044, 313.233307, 175.613876, 176.830490
199.905701, 315.724731, 171.585831, 170.043167
197.982697, 309.123657, 175.910904, 171.713425
201.969986, 300.616791, 169.868423, 173.440384
204.363937, 301.305695, 166.339508, 169.477844
205.374207, 293.774475, 173.168167, 177.775604
208.159546, 290.999786, 173.319260, 178.650742
208.760330, 288.533447, 170.589813, 175.926407
210.552216, 286.345123, 168.946823, 175.147491
212.196655, 286.400848, 164.831467, 170.426468
213.961334, 283.248260, 166.127365, 173.110504
215.797226, 281.733978, 164.100861, 172.278717
215.075546, 281.674469, 161.844177, 168.397552
216.243652, 282.828705, 159.359421, 166.313385
220.746689, 287.269958, 158.336761, 161.600998
219.144455, 277.336823, 164.093628, 173.208328
215.012283, 277.282257, 172.016708, 177.779663
217.537537, 284.206207, 167.238983, 163.111191
225.079895, 280.392639, 161.200821, 166.053101
226.027161, 279.647705, 160.762222, 165.203293
227.195999, 278.852325, 159.041443, 165.640625
228.900421, 278.853851, 156.352280, 162.871292
229.449753, 278.199890, 156.239166, 162.876175
231.285995, 276.744446, 154.524261, 162.105988
232.884644, 273.837708, 155.155121, 163.278137
232.815918, 270.354126, 157.164856, 166.636734
232.896210, 270.014069, 158.127747, 167.079285
232.278183, 266.640411, 163.100159, 170.880432
234.910110, 266.444061, 158.225479, 167.672714
237.095840, 266.522583, 159.357346, 167.134705
238.509369, 269.367828, 157.171356, 163.519775
240.097336, 266.385681, 158.022705, 163.620880
240.124466, 268.549988, 159.122177, 160.535904
241.620728, 268.733307, 159.021072, 159.904099
239.554871, 262.636597, 157.743866, 168.525757
245.787857, 262.355743, 154.157501, 168.573135
250.800674, 265.394409, 152.620514, 163.810501
251.429855, 262.089661, 152.868301, 165.052795
255.493301, 268.704651, 148.753143, 157.847046
253.405273, 262.099945, 152.155823, 163.397903
256.460419, 258.520233, 153.955856, 165.659607
255.882111, 262.150421, 152.871063, 161.788773
257.388733, 260.052795, 152.651398, 161.629913
260.786621, 261.295258, 152.189087, 162.480835
261.159515, 254.929596, 152.979874, 165.091019
264.947235, 256.159546, 154.930695, 166.291626
266.695038, 255.179291, 155.112686, 168.439621
264.427002, 253.815262, 154.683289, 165.321243
264.992767, 253.815674, 155.354813, 165.195282
266.278046, 258.149414, 156.958588, 164.112625
269.858429, 254.195862, 156.163879, 168.341949
271.856079, 253.368683, 156.426346, 169.330078
268.273285, 253.071823, 156.720047, 165.823593
268.828766, 251.732742, 156.824295, 166.350723
270.885468, 255.685257, 155.673157, 163.990860
271.916382, 256.625763, 154.163147, 162.726761
274.049164, 259.285553, 153.150467, 162.721146
272.662018, 261.945679, 158.061172, 163.840256
268.134247, 263.131195, 166.370453, 165.015274
268.083282, 264.502075, 166.313522, 165.156982
265.946442, 262.659302, 168.749741, 167.379547
267.479675, 266.099030, 167.439896, 166.546249
268.083344, 263.964874, 164.704147, 170.669754
270.857605, 265.555664, 157.802277, 166.351486
269.032898, 266.024170, 159.316193, 168.556931
268.904877, 270.225281, 161.628983, 168.561157
272.070007, 273.289825, 160.805237, 168.556107
263.755127, 275.267792, 168.286346, 168.968201
269.432892, 279.798187, 159.435501, 167.335648
267.140259, 280.691193, 159.333176, 168.090576
265.170654, 279.112976, 160.241928, 170.398636
264.003693, 275.931305, 165.398346, 174.806442
264.228699, 278.841309, 162.404160, 173.038467
264.778442, 279.551025, 161.823135, 171.176193
263.531433, 276.509277, 164.310287, 174.304779
257.564880, 280.454010, 169.703491, 173.080429
257.530945, 284.559998, 165.285919, 164.013931
257.597992, 278.608337, 163.019135, 172.500549
258.192444, 278.734406, 165.167816, 173.190292
256.431885, 277.879303, 162.403839, 172.095032
254.409027, 280.010040, 161.629242, 170.474976
252.421600, 280.283142, 162.434204, 170.692978
251.816833, 279.974976, 163.005524, 171.832382
244.880447, 283.645752, 170.276230, 168.831268
247.090439, 280.917389, 164.755875, 173.929138
239.446274, 284.766754, 173.682434, 171.668411
237.570450, 286.074829, 174.148712, 172.257858
239.000793, 286.496460, 173.960342, 171.193619
239.649719, 282.675690, 169.266312, 177.925568
238.250778, 283.239807, 170.368118, 179.329987
234.428696, 286.101624, 172.371475, 179.096207
233.586563, 288.810974, 173.622192, 177.688828
231.517227, 295.852570, 177.342529, 178.406555
233.252747, 296.043060, 171.489838, 175.613647
236.217484, 299.152771, 168.574738, 173.290009
238.875504, 300.737122, 166.008743, 174.654327
227.355209, 295.832367, 175.884811, 181.676407
230.498215, 302.711548, 171.229141, 177.292740
230.966034, 305.447937, 176.431885, 177.457687
230.382690, 306.540314, 176.443283, 178.056168
233.002304, 297.712250, 167.477188, 180.459503
225.572067, 299.869385, 175.086426, 182.911301
233.626663, 306.467926, 165.692474, 176.314468
231.647537, 306.742004, 167.553909, 176.705490
218.271103, 300.220306, 177.605850, 184.572906
216.761902, 300.869812, 177.324249, 185.080017
224.501114, 305.236572, 169.197098, 179.389023
221.771606, 304.575562, 172.900558, 180.510437
222.693588, 304.980469, 169.960464, 180.022125
217.104843, 300.221191, 174.255646, 184.340729
213.122223, 303.510132, 175.881424, 180.628159
212.212967, 303.109100, 176.945007, 181.026398
211.683838, 305.002594, 176.822647, 179.527420
210.874039, 308.240479, 174.647278, 179.976318
211.036835, 305.386536, 173.750854, 184.231598
209.216019, 306.411987, 174.679581, 183.992630
207.426743, 314.511658, 175.546951, 179.443619
195.222000, 315.247040, 188.585907, 186.902863
207.548599, 316.682678, 175.836563, 180.686508
205.850784, 319.806763, 179.718430, 179.854996
206.907288, 321.086182, 177.822449, 178.975693
207.439087, 321.731110, 177.372253, 176.989212
204.864563, 319.851257, 181.282059, 178.927231
199.734177, 317.184570, 181.427887, 183.680344
200.020432, 317.160645, 181.973938, 183.651764
199.577316, 317.656342, 181.708679, 183.288330
200.225021, 317.999817, 181.572449, 182.734772
199.796844, 317.727386, 181.886459, 182.922775
199.336411, 318.679260, 182.428329, 181.306976
200.000916, 318.964569, 181.838715, 180.988068
198.665329, 318.563812, 182.328049, 181.300964
196.100250, 318.142365, 183.424438, 181.987061
195.967926, 317.666107, 183.711777, 184.056229
194.896347, 317.958038, 184.225571, 184.709412
194.640793, 318.414612, 183.816528, 185.252502
195.657043, 319.018219, 183.519287, 185.185532
195.626434, 320.763550, 182.972794, 184.912933
195.876480, 326.850861, 184.598312, 177.895294
208.199310, 322.586731, 172.673553, 180.171082
196.296814, 326.754120, 183.581879, 177.350555
208.949341, 325.113770, 172.869049, 179.936096
206.458450, 325.215637, 176.828308, 180.678436
204.956894, 324.773407, 179.708664, 182.543671
204.669662, 331.815948, 182.172134, 179.947266
205.246719, 331.549438, 181.661560, 179.177628
205.761826, 326.773407, 179.493103, 181.765045
205.892700, 331.629364, 181.731995, 179.427719
207.895691, 332.764252, 183.327286, 179.379822
206.336212, 331.739166, 181.651749, 178.406509
204.269577, 326.920868, 182.610855, 181.528946
204.012650, 326.624390, 182.820862, 182.186890
204.374878, 326.916260, 181.941895, 182.588440
204.098129, 327.189301, 181.713348, 182.376785
205.245667, 327.373840, 181.278320, 182.357697
206.273178, 327.687653, 180.514847, 182.163940
