232.053513, 160.455856, 142.445724, 123.462990
232.810135, 160.569611, 146.488281, 129.279800
233.981583, 162.414398, 141.196320, 125.747009
233.950729, 162.460709, 141.195251, 125.733864
237.126160, 165.665771, 140.610367, 125.312996
236.918030, 166.284729, 140.604599, 124.550606
236.885376, 166.258789, 140.308884, 124.452103
238.239227, 166.295380, 139.802872, 124.980408
238.217255, 166.237274, 139.845688, 124.954384
238.196030, 166.277679, 139.824432, 124.928268
236.012512, 165.189407, 140.981491, 126.090164
237.518631, 168.109131, 135.880661, 122.281891
238.982254, 165.480560, 139.031540, 126.208031
238.908798, 165.451019, 139.118820, 126.236298
240.694000, 167.268265, 136.799728, 124.446457
240.712692, 167.263168, 136.784546, 124.448921
240.540222, 167.133911, 137.034927, 124.674179
241.570587, 166.800110, 133.971878, 124.300888
240.600571, 164.765152, 136.279907, 125.861382
240.614075, 164.704712, 136.434418, 125.990784
237.131104, 163.569275, 139.701401, 127.687508
237.523819, 164.098862, 140.695862, 128.500183
236.214142, 164.549591, 135.453125, 127.252457
237.432281, 164.426132, 135.812256, 128.183563
236.841873, 164.719620, 135.732910, 128.372787
236.658737, 163.927216, 136.312790, 129.338806
236.534378, 163.913757, 136.415756, 129.397339
236.463150, 164.351349, 136.604431, 129.760269
236.125031, 164.623444, 136.947449, 129.619720
234.802002, 165.544235, 137.934219, 129.180740
234.745041, 164.897385, 138.246613, 129.946884
236.230347, 166.395554, 138.591553, 129.589142
238.121597, 169.130707, 139.014725, 127.495911
238.138885, 169.130096, 138.988220, 127.448883
238.262756, 169.143921, 138.926468, 127.434456
239.355423, 169.548279, 135.051498, 130.491898
238.881439, 164.918182, 139.566681, 136.989517
238.796371, 168.198761, 135.780014, 132.732971
242.146378, 165.861420, 138.293900, 134.584427
243.445480, 166.027130, 135.465836, 135.097412
243.552643, 166.046234, 135.426804, 135.042328
243.540314, 165.992599, 135.402115, 134.950302
247.176773, 167.936279, 133.915146, 132.158691
245.112549, 167.441238, 134.580170, 130.838745
245.126892, 167.468002, 134.492340, 130.759171
245.161484, 167.511246, 134.503021, 130.751648
244.287186, 161.520355, 140.695953, 135.362152
244.199432, 161.504547, 140.720612, 135.406815
244.198654, 161.504150, 140.716812, 135.405182
247.175278, 159.667801, 137.135559, 128.498642
242.343796, 157.912231, 138.342819, 134.197449
242.392075, 157.853546, 138.479782, 134.247925
248.294434, 159.033188, 137.031403, 127.701744
246.970779, 156.784225, 140.183243, 131.403748
246.944168, 156.698059, 140.182419, 131.459030
242.071396, 156.916443, 144.685791, 132.218674
246.813782, 155.533768, 135.186005, 127.107033
243.748718, 158.054367, 140.185257, 130.204895
244.050232, 157.066513, 139.381119, 130.528107
243.701096, 158.089279, 140.286972, 130.111496
244.111160, 157.509674, 139.158600, 129.360809
244.187729, 157.120834, 139.172379, 130.148193
244.363846, 157.580612, 137.192291, 127.779732
243.785004, 162.405914, 137.991318, 127.905350
245.221619, 163.227982, 136.944870, 126.603554
245.268799, 163.243256, 136.936081, 126.597832
244.975235, 162.785797, 137.181015, 127.568810
244.945358, 162.395828, 136.424515, 132.587021
244.917419, 162.376297, 136.511002, 132.657059
244.949890, 162.387314, 136.442505, 132.601349
248.073059, 164.118301, 136.762863, 133.565674
248.269928, 164.208771, 136.618423, 133.359711
247.769409, 163.748169, 136.792282, 132.365173
248.298721, 166.211304, 133.796127, 130.595581
245.253357, 163.619797, 138.100861, 133.528534
245.290833, 163.567123, 138.074295, 133.590469
243.306137, 164.314957, 132.598740, 133.085846
243.240265, 164.505005, 132.940445, 132.613586
243.260803, 164.310623, 132.644363, 133.117630
245.738693, 162.699310, 138.402328, 132.507996
245.850159, 162.747131, 138.208817, 132.347015
238.999969, 156.056091, 141.648087, 139.302475
239.026871, 156.061737, 141.557571, 139.219131
241.530472, 161.332199, 135.523285, 130.562057
241.496994, 161.325485, 135.567780, 130.713425
241.534729, 161.435883, 135.467575, 130.603516
240.002075, 163.345062, 140.240356, 131.367950
238.494919, 164.586044, 141.495499, 130.551773
237.642059, 164.468597, 140.494064, 129.700195
237.626816, 164.450958, 140.529510, 129.715622
237.638779, 164.473022, 140.524292, 129.712708
233.077179, 164.179855, 134.036636, 128.402817
233.251053, 164.275436, 133.993988, 128.286224
229.354340, 171.309799, 136.450409, 124.020569
229.356094, 171.299118, 136.454224, 124.039833
228.414795, 171.649033, 128.313065, 122.511230
228.489014, 171.685852, 128.215134, 122.401558
227.830673, 172.141861, 128.696747, 121.980881
225.063324, 180.607529, 129.042282, 117.364433
225.032547, 180.567566, 129.123947, 117.409279
225.036804, 180.585068, 129.074707, 117.389244
222.407394, 179.315765, 129.521744, 117.963760
222.272446, 179.211670, 129.680756, 117.982178
222.277451, 179.783783, 129.454147, 118.179085
222.924561, 182.025085, 127.208374, 115.857841
222.257751, 181.531036, 128.061203, 116.413475
222.917969, 181.937164, 126.657440, 116.019318
221.759872, 175.995712, 124.156708, 118.228737
225.081039, 178.542877, 122.932098, 115.292503
225.054565, 178.545898, 122.962296, 115.311890
225.050323, 178.540588, 122.983337, 115.323898
228.336105, 173.255310, 134.430725, 123.241211
230.099411, 167.721909, 137.597122, 127.036293
230.892838, 168.008179, 136.463501, 125.816757
233.189240, 158.675446, 134.308853, 129.996719
233.657059, 159.000580, 134.569962, 130.136063
238.206177, 163.591553, 138.247818, 127.997917
239.810211, 163.797256, 136.267166, 127.124962
244.002380, 162.952744, 136.214127, 128.644608
243.480515, 162.198135, 136.646210, 129.832077
242.889862, 162.297531, 137.313385, 130.099518
243.475845, 162.211411, 136.685364, 129.856598
245.448929, 160.220718, 129.723480, 124.828690
245.359665, 158.086288, 132.246826, 128.104416
245.395752, 158.104355, 132.236420, 128.056839
245.293076, 158.071350, 132.333633, 128.110260
248.975540, 159.143585, 129.383347, 127.792694
248.926117, 159.110016, 129.422485, 127.837616
245.180984, 160.155090, 129.812134, 125.575470
249.774689, 162.478485, 134.328964, 126.235924
249.387405, 162.417831, 134.438751, 127.287491
249.325439, 162.820435, 134.288193, 126.445946
248.604324, 165.456436, 134.282104, 127.325386
247.911423, 165.547211, 134.729874, 127.402855
248.198669, 165.897888, 134.725708, 127.189102
251.273911, 162.076111, 133.367462, 130.706039
250.785065, 161.910522, 132.830902, 130.725555
253.950211, 163.154526, 131.228806, 130.046844
252.356552, 165.894974, 129.093918, 127.570534
248.955276, 160.145874, 130.296280, 135.994751
248.923416, 160.186127, 130.338699, 135.976563
248.920380, 160.144882, 130.326828, 136.002304
249.713226, 159.603897, 129.344284, 133.319000
251.827667, 163.823486, 134.081436, 129.370224
248.548065, 159.393967, 130.379425, 137.239410
248.501770, 159.405853, 130.374390, 137.227325
248.521286, 159.362488, 130.400208, 137.239380
256.078552, 162.658386, 134.731277, 132.448257
256.003723, 163.069580, 134.708466, 132.423431
256.012634, 163.078156, 134.710266, 132.429230
255.057968, 159.760620, 132.476303, 133.649979
254.934769, 159.934143, 131.573624, 132.902832
255.225403, 161.995789, 131.423721, 131.273270
255.318604, 162.004059, 131.355835, 131.232651
254.433685, 159.828812, 134.205093, 133.182541
254.426315, 159.871613, 134.154663, 133.136688
253.251282, 159.076843, 134.146225, 132.576141
252.053421, 162.306976, 134.480591, 128.752731
251.907211, 162.910233, 134.088135, 128.145889
251.877487, 162.822540, 134.227737, 128.291138
253.737320, 153.653809, 135.815720, 136.544907
253.621033, 154.752258, 133.970642, 134.144196
253.228912, 155.119171, 133.383865, 132.966309
253.576340, 157.581955, 133.370941, 130.912567
253.008011, 159.353851, 133.968536, 129.754791
252.998215, 159.328491, 133.990585, 129.818192
253.031799, 159.394165, 133.933228, 129.701263
251.875885, 157.452972, 130.813782, 130.466797
251.765579, 155.728363, 129.622452, 130.109467
251.562744, 155.537933, 129.800980, 130.334839
249.686661, 154.802292, 130.966309, 130.898849
249.727188, 154.795258, 130.949097, 130.817825
249.760620, 155.143707, 131.069412, 130.770889
252.367844, 156.315155, 130.051270, 130.351700
251.661438, 155.719406, 131.015656, 131.839310
249.046570, 160.830795, 133.887039, 127.629745
250.359222, 161.074005, 132.264557, 126.272659
249.355667, 161.010773, 133.917404, 126.996109
248.262253, 153.334274, 134.260712, 131.618942
248.406036, 153.838089, 133.490494, 130.382706
248.287521, 153.290649, 134.254684, 131.664642
248.126678, 153.583801, 134.083740, 131.010437
247.828079, 155.876144, 139.932007, 133.152313
248.429932, 156.271301, 139.815536, 133.411713
247.841019, 155.911438, 139.890930, 133.144104
252.656494, 155.655029, 134.101608, 125.757088
252.669922, 155.630081, 134.100952, 125.768730
249.710007, 153.724808, 134.957886, 131.197906
249.889954, 154.545593, 134.688446, 130.589249
252.917404, 154.836899, 132.429276, 130.028946
252.917770, 154.804108, 132.475891, 130.079208
254.559006, 157.401093, 135.985916, 130.544830
253.156326, 157.311340, 137.351349, 130.110214
252.438110, 154.452408, 137.864899, 133.415955
251.975128, 153.744553, 141.037552, 135.277496
251.947327, 153.787170, 141.023071, 135.269043
251.957733, 153.763489, 141.055939, 135.287827
253.663177, 155.472778, 138.571320, 132.067200
247.772202, 154.642258, 140.108490, 130.200211
249.228836, 154.766815, 133.702637, 124.801544
248.692886, 153.858704, 136.620438, 126.495171
249.230942, 154.757996, 133.746597, 124.876389
247.032715, 151.399521, 137.719269, 127.482758
247.048584, 151.330414, 137.353836, 127.054047
245.164139, 152.973785, 134.354065, 125.679955
245.201569, 152.953094, 134.361664, 125.698189
239.417877, 164.116714, 129.190048, 120.211937
239.512329, 164.119308, 129.119232, 120.190079
237.141800, 170.437012, 124.161118, 117.142807
237.046265, 170.431580, 124.106003, 117.086876
234.671204, 176.648468, 127.013000, 119.542664
234.674469, 176.665375, 126.993553, 119.496208
234.993454, 178.305252, 124.578049, 115.840042
235.041885, 178.275635, 124.508209, 115.822014
235.044891, 178.339752, 124.522133, 115.800964
235.081772, 178.293793, 124.470795, 115.810417
234.890305, 182.067596, 118.374199, 110.498558
234.938278, 182.166901, 118.290466, 110.398682
233.328751, 183.957275, 121.024635, 111.222984
229.241394, 171.251251, 130.414948, 125.414864
229.298355, 177.645950, 129.901779, 122.198662
229.234390, 177.625671, 130.018707, 122.313324
229.124344, 177.606033, 129.937225, 122.367035
229.749786, 182.484039, 123.762398, 114.861267
229.999268, 183.350555, 123.421814, 114.025230
229.820816, 174.841400, 130.190964, 122.879036
229.071335, 171.716553, 129.544510, 124.280243
229.079376, 171.732956, 129.516953, 124.259552
228.888016, 172.493683, 129.651489, 123.513878
226.893860, 174.574219, 125.702148, 120.470169
230.882736, 181.535065, 122.468040, 113.728264
230.328430, 180.902344, 122.214661, 114.739815
232.994293, 176.068542, 130.459671, 119.507431
234.547211, 172.869843, 131.852966, 122.078285
234.672928, 173.728745, 131.793457, 120.717239
234.614853, 173.011490, 132.369766, 122.075066
232.242081, 163.253418, 135.503860, 127.718140
237.944824, 166.691513, 132.319153, 123.079788
237.363815, 167.592865, 132.755219, 122.465302
235.632263, 165.354980, 135.562317, 124.303894
235.635818, 165.360626, 135.448181, 124.249252
238.269897, 164.807571, 135.730011, 125.029785
237.939392, 164.857925, 136.642029, 124.978371
236.606277, 162.012314, 136.058517, 126.579971
235.348511, 161.174240, 137.149246, 126.112656
235.800308, 162.098373, 136.342758, 125.699867
236.666992, 160.572754, 135.803741, 126.712502
236.876984, 160.171585, 135.968674, 126.760994
238.355316, 159.960968, 133.898300, 125.351822
236.886978, 160.276352, 135.979507, 126.673820
240.415039, 156.689972, 137.550919, 130.200790
241.132416, 155.191498, 136.012192, 129.423508
242.065125, 155.934357, 135.361832, 129.042023
241.779678, 155.974731, 135.153915, 129.014725
235.892456, 155.270187, 132.527283, 127.332375
241.086014, 157.309143, 130.523346, 124.713203
241.099213, 157.386017, 130.513351, 124.658882
240.483246, 157.674683, 130.684906, 124.485153
240.604324, 157.735962, 130.586227, 124.357658
240.665878, 157.596313, 131.157318, 124.394348
243.768921, 156.743866, 131.893173, 125.098534
244.925003, 156.991959, 132.682343, 125.275848
243.820724, 156.539505, 135.012695, 127.292603
247.393158, 155.401306, 133.627319, 127.151459
247.678482, 153.729660, 137.841904, 129.312408
247.649551, 153.734177, 137.912811, 129.374878
247.697556, 153.751434, 137.891113, 129.356003
246.981079, 154.360260, 134.918915, 128.410019
246.805756, 154.488052, 136.374161, 130.024643
249.640686, 156.409729, 138.045700, 129.610809
246.911316, 154.238205, 137.042892, 129.400711
250.477203, 156.387665, 137.322479, 127.784370
248.146759, 154.551239, 137.321487, 128.251495
248.048248, 155.285004, 137.402496, 128.666443
238.393539, 155.600815, 142.989807, 133.216843
238.143234, 155.427032, 143.514908, 134.418854
238.383835, 155.588058, 142.993301, 133.234009
240.466476, 148.541122, 134.478333, 129.212769
240.474274, 147.159409, 134.694000, 130.452606
238.174149, 153.697662, 139.986130, 127.200203
238.381073, 153.882996, 139.944870, 127.054428
236.832489, 155.898239, 137.373123, 123.340118
237.110626, 155.273361, 137.746063, 123.588760
236.702744, 154.313736, 137.868408, 123.761032
235.329544, 146.712280, 139.488235, 124.514000
228.797363, 152.769730, 137.958282, 122.469086
228.773758, 152.768051, 137.961243, 122.501129
228.730621, 152.801163, 137.997864, 122.487648
225.533691, 152.469116, 136.667709, 120.796974
224.480560, 152.741837, 134.592148, 117.801033
224.471832, 152.737427, 134.592270, 117.811653
224.513138, 152.758972, 134.532700, 117.734444
217.471680, 156.996597, 136.542450, 119.695183
214.566376, 157.427536, 137.969543, 119.049309
214.588211, 157.454498, 137.987244, 119.032310
211.755280, 156.958282, 139.019531, 120.305367
211.737411, 156.956985, 139.043945, 120.315849
211.762207, 156.954666, 139.000793, 120.290855
216.994476, 161.063522, 120.577072, 109.911911
212.970398, 159.887589, 137.671555, 118.035255
212.930634, 160.503113, 135.794434, 117.367310
212.113022, 160.020721, 136.262924, 116.553490
210.623169, 159.871964, 140.309082, 119.898895
208.852448, 161.030151, 142.902252, 120.886887
208.773102, 160.996765, 142.951035, 120.943466
208.837265, 161.018188, 142.936523, 120.909119
212.486160, 163.573441, 135.994720, 114.308945
208.975800, 165.830750, 143.313019, 119.659492
208.940277, 165.865921, 143.324249, 119.648895
208.977783, 165.810486, 143.315613, 119.665100
213.941818, 164.002838, 142.295105, 119.978897
213.778763, 164.508209, 142.360977, 119.073486
214.053543, 163.205322, 143.254089, 121.520340
214.307404, 163.624954, 143.076096, 120.235825
213.425308, 160.274200, 149.446548, 126.758728
213.446320, 160.284943, 149.420532, 126.752312
218.207397, 163.576797, 145.106964, 126.537148
222.388702, 169.238251, 136.919205, 116.156998
222.640350, 168.677536, 136.702637, 116.887741
222.326538, 169.121689, 137.057587, 116.236992
223.448868, 169.128555, 136.309967, 117.305466
223.567581, 169.160248, 136.245728, 117.282745
223.632004, 169.095276, 136.187592, 117.346283
223.690048, 169.033783, 134.555084, 117.310257
223.176254, 169.633347, 136.235596, 117.267136
222.690567, 168.520050, 137.276047, 118.941727
227.721146, 168.523178, 130.077713, 117.726814
227.722672, 168.500137, 130.088898, 117.698151
227.289444, 165.315430, 140.175079, 121.637314
227.214905, 165.349503, 140.268738, 121.683151
225.052902, 162.083984, 132.657074, 127.404366
225.089386, 163.211975, 142.791412, 125.877396
225.573929, 162.302765, 143.573975, 126.833611
225.848999, 162.167130, 142.789352, 125.403625
226.048599, 161.969498, 142.795654, 125.990204
232.934235, 164.742218, 133.766174, 121.529167
232.940109, 164.723480, 133.756256, 121.515892
235.804245, 163.290405, 135.915482, 120.729111
235.890350, 163.326111, 135.811005, 120.663078
235.824249, 163.298615, 135.895538, 120.704391
238.562744, 160.623962, 137.651947, 127.507423
238.559418, 160.626007, 137.623566, 127.452774
238.427994, 160.462250, 137.824692, 127.446754
245.450409, 167.153534, 135.486221, 125.431870
244.660507, 163.395844, 140.605362, 133.439331
249.331497, 164.090729, 134.393051, 130.956177
249.335510, 164.133896, 134.396896, 130.955475
249.227768, 164.098373, 134.519241, 131.051956
250.291382, 163.162369, 134.103699, 131.686020
250.281784, 163.194366, 134.092041, 131.652634
249.883301, 164.250473, 135.091324, 126.977432
250.967651, 162.482483, 134.633575, 129.741043
250.979172, 162.494843, 134.605957, 129.722427
251.425507, 162.942352, 133.946976, 129.293610
254.664368, 162.010361, 133.980469, 126.713448
255.209335, 151.304932, 136.277054, 137.235931
255.238434, 151.322174, 136.143799, 137.530853
258.786285, 162.884064, 128.851349, 127.921150
259.175873, 163.038528, 128.290085, 125.716568
259.144775, 162.543640, 128.127808, 126.092934
259.169739, 163.040085, 128.297638, 125.734016
258.053894, 158.351852, 130.433167, 130.167999
260.525879, 159.092712, 128.690277, 126.386360
260.571533, 159.094009, 128.627426, 126.330528
261.571472, 159.180237, 127.606400, 126.046890
261.605408, 159.172668, 127.555557, 126.032516
262.039734, 154.394440, 129.731110, 130.882874
262.014191, 154.402191, 129.764099, 130.930328
262.848358, 155.730377, 124.717583, 125.613647
257.137756, 153.069931, 133.063110, 131.161636
257.114471, 153.085693, 133.094681, 131.153290
263.744446, 156.884583, 127.239197, 127.695770
264.218903, 155.679916, 126.998070, 127.906273
264.467102, 157.583939, 126.327019, 126.762581
264.496735, 157.568054, 126.243851, 126.722816
264.446777, 157.581146, 126.305626, 126.810280
257.852905, 151.361115, 134.471573, 135.969208
257.841431, 151.353500, 134.468674, 135.997910
257.862335, 151.369812, 134.457794, 135.966614
257.863861, 151.338623, 134.454239, 136.002533
247.226196, 156.388351, 131.237915, 128.005707
246.945404, 156.577133, 130.961090, 128.708344
246.973770, 156.565460, 131.017822, 128.730026
248.030060, 153.027527, 137.489853, 134.364258
248.353333, 152.427856, 137.431702, 135.299561
248.019806, 153.024414, 137.502609, 134.381149
236.362686, 158.553070, 137.666626, 126.177414
234.735840, 161.837982, 131.302597, 121.483833
234.770325, 161.810822, 131.340103, 121.523148
234.766129, 161.802628, 131.338959, 121.525284
230.138092, 160.218414, 134.204987, 122.022285
229.395493, 160.439194, 134.295303, 121.817604
225.369141, 162.727570, 138.438522, 124.541550
224.468033, 166.695053, 135.615784, 122.193497
224.313034, 166.308502, 137.920288, 123.509277
224.515701, 166.736923, 135.606049, 122.006752
225.046875, 166.850830, 135.139236, 121.595940
221.950714, 177.077286, 130.542862, 116.701172
222.582230, 177.066071, 129.695755, 116.475502
219.206375, 176.870728, 129.073288, 116.810959
220.097931, 178.983841, 126.966003, 115.450951
220.188721, 178.980377, 126.910164, 115.456444
219.000900, 179.291565, 124.029594, 115.431595
220.152420, 180.846451, 126.409966, 114.932358
219.513092, 181.371170, 122.510712, 115.126335
219.518799, 181.339233, 122.535538, 115.153954
211.795670, 173.481750, 121.097092, 117.972382
211.235153, 173.552933, 121.352524, 117.580086
211.829468, 173.447723, 121.104042, 117.971031
213.247833, 177.689209, 126.485687, 118.296341
214.817581, 178.734116, 125.266449, 118.174812
214.622910, 178.928589, 125.815041, 118.155655
214.815308, 178.727676, 125.270744, 118.184067
222.462830, 181.751480, 118.534317, 110.779938
220.524353, 182.596985, 125.933449, 115.027237
220.551804, 182.653015, 125.863640, 114.938049
220.569839, 182.657578, 125.863098, 114.933273
221.712891, 173.671463, 131.345703, 117.960449
225.624512, 170.127426, 131.516983, 117.207787
224.989822, 169.132965, 132.408920, 118.839127
226.468124, 165.247147, 134.160446, 122.341949
227.358170, 165.195633, 134.126633, 121.807220
227.354858, 165.199036, 134.087418, 121.768784
230.102264, 159.186783, 131.236725, 125.996017
228.608337, 161.969284, 125.148415, 122.989433
228.630615, 162.034973, 126.481339, 122.722137
228.592972, 161.960922, 125.121483, 122.987968
228.974274, 161.746826, 126.735306, 122.415390
233.393555, 154.392456, 132.351456, 125.312737
233.046600, 154.547668, 131.884064, 125.080772
234.749191, 155.216644, 131.924973, 125.340706
234.692200, 155.672043, 131.722092, 124.628998
241.446121, 154.853546, 132.225342, 126.582077
240.444794, 155.745605, 131.819214, 125.521729
241.464035, 154.868759, 132.228470, 126.499382
239.595764, 159.940903, 128.319168, 122.110847
239.570175, 159.948578, 128.222153, 122.090706
237.457413, 159.866089, 130.733597, 124.767044
238.272659, 162.674347, 129.731186, 124.186119
238.574982, 161.372528, 131.758469, 126.038033
238.562881, 161.311462, 131.754425, 126.006767
239.697113, 163.673737, 134.932632, 126.037392
239.739502, 163.655472, 134.832016, 125.976624
239.645874, 163.632614, 134.958496, 126.104614
239.322891, 164.209824, 133.834106, 125.627716
239.342133, 164.151215, 133.801208, 125.622269
240.661072, 160.955795, 137.133041, 128.787506
240.868912, 161.046509, 136.783646, 129.235107
242.860031, 163.594360, 129.984558, 124.988716
243.047897, 164.059906, 132.852921, 126.957184
242.905243, 162.774689, 129.669662, 127.491226
242.817474, 163.716156, 133.114731, 126.777977
240.763641, 164.752762, 138.056107, 131.781616
241.721069, 160.785324, 130.000305, 131.925766
240.706802, 161.046997, 129.967255, 131.780487
241.702850, 160.753708, 130.019928, 132.029205
240.886917, 167.384216, 134.947433, 128.929321
240.493805, 167.368164, 135.606445, 128.804367
240.952682, 166.796967, 135.807983, 131.082901
240.945724, 166.806122, 135.799286, 131.082184
240.815460, 166.011154, 138.782135, 131.458664
240.036591, 166.268417, 138.206757, 131.910294
240.822662, 167.874222, 136.768860, 129.263992
239.835464, 162.069763, 141.521194, 133.282471
239.827927, 162.068787, 141.549225, 133.287338
239.818481, 162.065979, 141.540222, 133.292953
239.977692, 161.349518, 129.312820, 125.303452
240.584671, 161.324707, 128.790054, 124.189857
240.341415, 160.700211, 132.421082, 127.621086
239.324951, 166.438705, 137.455093, 128.979263
241.171417, 166.791214, 136.266617, 126.365723
241.171967, 166.819550, 136.236191, 126.351814
241.116470, 166.710419, 136.342972, 126.467400
241.110107, 160.550156, 130.221085, 125.685013
241.126877, 160.564346, 130.196548, 125.671837
239.977753, 159.063126, 131.026321, 128.038223
242.702698, 160.100266, 129.712997, 127.482056
240.827118, 159.132263, 132.612625, 129.138153
240.812744, 159.137390, 132.635193, 129.167603
243.784698, 163.072098, 130.399414, 128.765900
245.283081, 168.425262, 126.702194, 124.190399
245.160889, 168.624084, 126.795898, 124.176552
238.348495, 173.891571, 126.078934, 122.774834
241.561554, 173.284302, 127.680336, 122.035652
236.833176, 182.813736, 130.325546, 120.673912
236.829514, 182.795532, 130.349396, 120.688698
236.306351, 181.432831, 131.687546, 122.210297
237.124557, 182.374969, 129.987961, 121.872009
236.507431, 181.846786, 130.859695, 122.512802
236.214157, 181.234665, 130.757828, 123.010094
236.202240, 181.318329, 130.743958, 122.929596
236.153198, 183.686340, 126.554222, 117.683609
236.111343, 183.551147, 126.560036, 117.288940
236.480576, 184.003464, 126.080650, 117.237175
230.725983, 176.401398, 128.343414, 123.950798
231.023224, 175.954239, 128.056473, 124.627533
230.698318, 176.466461, 128.313522, 123.843018
230.690094, 176.236603, 127.485603, 123.747559
229.787689, 177.985901, 131.309525, 124.358322
230.964462, 175.904617, 127.980469, 123.621483
230.181458, 176.768463, 128.745926, 125.244293
229.089600, 177.170090, 128.659805, 125.045029
230.312439, 177.192322, 128.614807, 123.775429
230.333664, 177.275330, 128.578094, 123.750290
228.069412, 177.597092, 124.463737, 122.298874
227.780731, 178.167175, 124.003098, 120.349556
228.021423, 178.282181, 123.446831, 120.623756
228.046310, 180.013733, 122.714897, 119.299408
227.928986, 179.967072, 122.922821, 119.477982
227.945908, 179.977081, 122.881439, 119.470543
228.139771, 177.550858, 125.651649, 123.349625
228.317764, 177.678772, 125.530380, 123.246056
227.129486, 177.683838, 130.610291, 125.380074
227.183594, 176.475266, 130.727478, 126.789345
227.901810, 185.839874, 129.516052, 120.971458
227.941971, 185.733841, 129.487610, 121.056320
224.797058, 178.757263, 125.471230, 123.028145
228.285919, 187.081299, 127.373909, 120.077850
226.725143, 178.287582, 127.050606, 124.134651
226.918137, 177.360672, 127.357758, 123.865181
226.799805, 177.194214, 127.322067, 123.970581
226.415833, 177.265152, 128.529221, 122.335701
226.252197, 176.463562, 128.556625, 123.619080
226.372314, 176.420563, 128.823746, 123.631004
226.093491, 176.275604, 128.577393, 124.439964
226.393921, 177.171997, 128.393646, 123.549423
226.921082, 185.646057, 128.558548, 120.256805
226.864151, 185.641632, 128.576050, 120.282471
226.904984, 185.642624, 128.508789, 120.242676
227.690308, 185.460526, 127.676056, 119.567184
227.791977, 185.561066, 127.507935, 119.495522
228.341476, 186.558655, 127.759506, 119.593285
228.514130, 187.171463, 127.268997, 118.633812
228.485214, 187.126816, 127.301262, 118.625092
228.387192, 187.088593, 127.446709, 118.763947
227.459869, 176.774551, 131.231567, 127.266945
229.732635, 182.960541, 129.408279, 119.409294
229.815048, 183.008377, 129.325851, 119.317184
233.284897, 178.996689, 131.584320, 122.769417
233.268936, 178.975342, 131.600281, 122.797218
233.271805, 178.926392, 131.650360, 122.808571
229.572311, 172.528839, 126.986542, 124.848877
231.604218, 174.297394, 138.813278, 131.322052
235.446884, 168.911758, 134.254929, 128.680984
235.816360, 169.084656, 133.582458, 128.265472
235.383392, 168.946075, 134.325928, 128.787430
238.151535, 166.986023, 134.254593, 131.019257
238.225235, 166.994492, 134.202530, 130.972000
238.256638, 166.204956, 134.096390, 130.892365
238.259476, 166.230438, 134.108871, 130.899246
241.157455, 160.164124, 131.503967, 133.223602
240.982056, 160.620712, 132.089020, 132.781021
240.955643, 160.641159, 132.072052, 132.641159
237.792084, 161.758240, 134.144562, 129.836670
237.778000, 161.788132, 134.237793, 129.866318
238.778763, 162.749878, 133.795410, 129.680069
239.884903, 164.021423, 130.992401, 130.991089
238.253525, 176.789764, 119.493874, 114.437263
238.209366, 176.646301, 119.531364, 114.582275
238.301773, 176.779877, 121.638885, 115.171394
234.042206, 164.534027, 128.963394, 127.588409
237.378006, 176.232254, 116.525749, 111.325981
236.739899, 173.647125, 123.655823, 117.105515
236.791031, 165.101746, 138.290192, 129.328140
237.231735, 164.583557, 137.545914, 129.248169
237.589981, 163.877991, 138.170074, 130.481201
239.351944, 165.387711, 136.606812, 128.714233
235.329803, 165.471924, 139.412476, 133.876328
239.137436, 162.611908, 138.372650, 131.489929
236.320389, 161.371719, 127.893806, 131.695618
235.894608, 161.222916, 135.962906, 131.658188
235.885239, 161.154388, 136.092911, 131.746536
235.853271, 161.149307, 136.134796, 131.769363
236.514816, 161.258240, 134.916641, 131.223526
237.733765, 162.272232, 132.315781, 129.122986
237.240005, 160.575653, 130.573792, 131.139313
237.477325, 163.180756, 129.365570, 126.888802
237.584610, 163.718857, 129.015717, 126.090660
233.343994, 158.313629, 132.369644, 128.946899
233.353714, 158.293396, 132.332993, 128.922852
231.769379, 157.220963, 132.351044, 127.573837
233.098465, 157.928513, 132.467270, 126.074448
229.681274, 153.045532, 134.336685, 130.285629
229.607254, 152.941345, 134.744446, 130.795898
229.600418, 152.914017, 134.803360, 130.848267
232.422577, 152.524414, 136.057190, 129.931183
231.848312, 152.187683, 137.022247, 131.200378
232.423553, 152.547226, 135.967621, 129.874130
226.993378, 157.333221, 136.132553, 126.232399
228.496964, 157.356796, 134.921951, 125.104210
226.980576, 157.341858, 136.141708, 126.218620
228.605331, 157.893219, 134.906998, 124.423798
228.395004, 158.586716, 135.215042, 125.216049
228.041794, 157.048721, 135.441086, 125.537910
227.386993, 153.921371, 137.695053, 124.327538
227.486069, 153.616272, 137.230759, 124.667953
227.413223, 153.909515, 137.660446, 124.320793
228.126816, 155.671158, 131.959015, 120.996849
226.817215, 157.419189, 131.669922, 120.463120
226.766830, 157.449615, 131.723602, 120.477074
227.169296, 157.755127, 130.364975, 120.097946
226.756821, 158.243927, 132.378357, 119.739304
226.795883, 158.280640, 132.316650, 119.681305
226.287415, 157.468262, 133.418884, 121.537964
224.539108, 158.427765, 137.087509, 124.012169
223.187363, 157.771378, 138.019943, 125.977692
223.142059, 157.748947, 138.077377, 126.014526
223.116730, 157.621063, 138.174210, 126.176003
222.505997, 159.483490, 136.436935, 123.237892
222.781006, 159.934433, 136.252151, 122.450165
222.790405, 159.963745, 136.248367, 122.432007
222.761810, 159.934143, 136.333908, 122.533264
226.435287, 162.248627, 132.217148, 118.559387
224.005096, 162.555878, 134.258987, 120.694992
223.402527, 164.035858, 134.122742, 119.751472
222.515427, 163.642578, 134.145264, 120.026855
222.989761, 163.670471, 133.589767, 120.168320
222.985123, 163.687988, 133.621857, 120.139687
219.675720, 161.978668, 137.284348, 122.920563
219.827499, 161.778076, 141.215790, 125.375450
219.844589, 161.777649, 141.201950, 125.396835
219.804733, 161.770142, 141.250168, 125.424843
219.864670, 161.787933, 141.251755, 125.401245
220.101456, 161.509430, 141.612595, 127.162315
219.573944, 161.872742, 142.050629, 125.698868
219.605896, 161.849258, 142.008453, 125.701363
220.310104, 152.612930, 132.890976, 128.217026
219.688477, 153.517242, 141.973373, 131.971436
220.328308, 152.596985, 132.884216, 128.218430
219.618546, 150.028427, 135.400772, 126.945808
220.943634, 153.281754, 141.688431, 128.212509
223.127945, 153.339508, 141.666000, 129.422226
220.818207, 153.239731, 141.829651, 128.318314
225.122147, 151.876266, 132.575058, 126.515419
225.528900, 152.463135, 132.297302, 127.461090
225.110687, 151.876282, 132.564758, 126.468285
225.957779, 154.054886, 136.504059, 128.095261
225.537766, 150.653503, 139.675781, 129.724228
225.677719, 150.007050, 139.706650, 129.804642
227.921555, 155.449936, 144.250214, 132.045700
227.936646, 155.600601, 144.182510, 131.965088
227.985443, 155.541840, 144.155930, 132.049454
237.601715, 159.868927, 131.590073, 121.774719
237.663406, 159.180069, 135.528687, 123.910004
238.834702, 160.107605, 133.185410, 123.900108
238.698929, 160.212692, 133.106308, 123.946503
238.154221, 160.146851, 134.162857, 124.115417
239.125381, 159.282410, 136.412430, 124.640732
238.931442, 158.060043, 137.494629, 125.609650
244.352997, 160.558899, 129.089844, 121.115547
244.891953, 160.331680, 127.183311, 121.468636
244.884247, 160.319550, 127.121788, 121.495255
244.826904, 160.223969, 127.247452, 121.619858
244.605606, 160.048798, 130.013916, 123.318604
243.175201, 159.252441, 129.853699, 124.103851
243.164078, 159.229126, 129.967133, 124.231651
243.152390, 159.267410, 129.933701, 124.166153
238.482178, 155.154938, 133.902618, 128.453583
238.475754, 155.147278, 133.967072, 128.460831
238.484238, 155.165451, 133.909622, 128.453140
241.364212, 157.108490, 132.988831, 127.613846
241.999466, 154.877106, 134.684616, 129.780090
242.020523, 154.848175, 134.657257, 129.761108
241.828827, 157.084885, 133.334930, 126.529434
241.833725, 157.076004, 133.341202, 126.524338
241.816620, 157.063934, 133.332932, 126.536140
238.155289, 157.752197, 136.424774, 132.056168
238.261169, 156.480316, 136.093094, 134.079865
241.379837, 157.282410, 138.019684, 134.005554
241.391220, 157.302704, 138.035675, 133.970688
244.023331, 159.676025, 135.874893, 131.825623
243.022339, 159.609482, 137.143738, 132.917877
243.787048, 158.896912, 135.985962, 132.981979
243.780212, 162.706787, 132.996689, 126.970924
243.431625, 156.647446, 136.317459, 132.063965
239.096008, 155.878876, 135.650436, 132.459961
238.417892, 155.472992, 136.682388, 133.061646
239.057693, 155.884171, 135.667618, 132.496643
243.341980, 155.087448, 136.995285, 130.366425
243.453125, 155.109604, 136.969513, 130.282730
247.739716, 155.570908, 133.301224, 129.171051
243.205521, 155.366562, 138.062088, 130.385010
243.221512, 155.290558, 138.046951, 130.390335
243.199341, 155.325745, 138.075714, 130.421356
242.023926, 154.226242, 134.496841, 127.935287
241.666656, 154.104050, 135.188873, 128.379776
241.996567, 154.212189, 134.522003, 127.975830
239.568466, 155.959885, 135.443771, 130.919830
241.997360, 159.431976, 131.115555, 127.198174
237.629868, 157.072647, 132.386963, 128.264084
237.583984, 157.062912, 132.393066, 128.295105
240.326294, 162.245255, 141.297882, 132.467728
237.004288, 159.117981, 134.199707, 129.462112
237.003433, 159.129120, 134.230408, 129.457809
238.092484, 158.466080, 132.858749, 126.502525
237.934937, 158.631287, 132.565903, 126.533676
238.097458, 158.456512, 132.859268, 126.510368
237.890884, 158.627457, 132.608475, 126.511749
238.078110, 158.468018, 132.875519, 126.482063
235.967636, 158.538025, 135.303253, 129.170364
235.955612, 158.544739, 135.294586, 129.146591
235.960770, 158.546402, 135.306686, 129.140488
235.178406, 159.386459, 132.157593, 125.410202
235.172226, 159.109695, 132.484711, 125.845955
235.151093, 159.385468, 132.174255, 125.434471
223.774704, 166.044617, 139.061432, 123.034592
220.468964, 169.726532, 136.174194, 119.394104
220.435196, 169.737839, 136.167572, 119.414101
220.495575, 169.730835, 136.147659, 119.391411
220.448730, 169.757202, 136.161148, 119.396034
220.396118, 177.844986, 127.577652, 115.490578
220.378448, 177.851868, 127.610397, 115.488022
219.114578, 180.366150, 126.512054, 116.901970
216.418564, 180.093536, 127.448410, 118.099106
216.393951, 180.046494, 127.467499, 118.160477
216.097137, 180.332428, 127.998993, 118.283730
213.692841, 180.786224, 122.967789, 114.652138
213.603653, 180.248276, 123.075439, 115.294243
213.697388, 180.365311, 122.900124, 115.219307
214.204300, 181.083649, 122.755302, 114.643173
215.042648, 183.754440, 121.967796, 112.908913
214.892990, 183.647903, 122.141930, 113.035126
213.892761, 182.085144, 123.383415, 114.907822
214.020248, 182.055634, 123.307762, 114.919289
213.867371, 182.097900, 123.382614, 114.908279
216.476120, 181.250214, 128.473312, 117.226219
216.407074, 181.248169, 128.574387, 117.266708
216.452621, 181.239197, 128.511414, 117.232361
217.877136, 181.342560, 128.255814, 116.964287
215.113388, 175.585693, 124.714699, 119.189316
215.010574, 175.542618, 125.683914, 119.286652
220.857300, 179.949356, 130.965439, 119.291054
220.871552, 173.149475, 135.892548, 121.956764
220.863068, 173.149185, 135.893860, 121.939148
225.292831, 163.616425, 131.102890, 126.015869
225.283676, 163.623825, 131.095657, 126.017471
225.313828, 163.615326, 131.108063, 126.016502
229.990585, 168.362122, 134.559967, 124.943954
229.997635, 168.346039, 134.625809, 125.010010
231.347672, 162.726181, 134.614212, 130.503021
231.516312, 162.294708, 134.342133, 130.312653
230.871735, 159.052963, 138.855301, 136.289871
231.111389, 158.841583, 138.285889, 135.676682
231.143158, 158.797089, 138.210907, 135.739151
230.743362, 159.200348, 138.772873, 136.110367
230.900833, 159.065536, 138.258835, 134.932770
230.800323, 159.286713, 138.653427, 136.012299
230.879318, 159.031708, 138.313324, 134.996826
233.565689, 170.108215, 138.095612, 129.760727
233.734131, 170.382935, 138.817093, 131.172318
233.566147, 170.113281, 138.087479, 129.751877
235.687897, 164.829819, 131.255585, 126.823120
235.703506, 164.832336, 131.213928, 126.820404
235.694000, 164.828598, 131.245911, 126.817635
234.879333, 160.762817, 132.059219, 130.033691
235.225006, 160.326523, 132.771927, 130.372986
234.876190, 160.758667, 132.045242, 130.024658
238.190140, 160.826309, 135.560776, 130.008682
237.366623, 162.943527, 132.035538, 127.130142
237.379593, 162.938614, 131.981689, 127.117393
239.076981, 157.950394, 133.904037, 129.193237
237.862885, 153.258652, 137.221664, 132.799149
237.252090, 154.003311, 137.065887, 132.684631
237.862045, 152.968246, 137.792740, 132.935989
237.608810, 153.245178, 138.216965, 132.079559
238.524933, 157.189697, 134.507843, 130.698090
238.484619, 157.193542, 134.526184, 130.707428
243.278412, 161.974380, 138.240173, 129.892731
242.103027, 164.839874, 133.848480, 126.052269
240.596909, 161.874863, 129.138855, 127.246902
242.820999, 161.554749, 132.495102, 128.178467
242.831696, 161.525482, 132.479034, 128.216797
237.412094, 160.449112, 130.549133, 129.348862
237.402237, 160.411377, 130.554718, 129.440430
237.767593, 160.450516, 129.796127, 128.918915
237.818893, 160.389526, 130.574966, 128.842911
240.806717, 160.647263, 139.969925, 131.262299
240.807434, 160.675140, 140.006592, 131.266022
239.805130, 161.351517, 138.850571, 130.066803
239.621094, 161.573074, 138.953735, 129.864777
239.798950, 161.335526, 138.874557, 130.073822
233.271378, 162.571686, 130.611435, 123.314728
230.148544, 158.589600, 135.248993, 127.128632
229.870972, 159.462875, 134.369034, 126.283722
230.159637, 158.580124, 135.239731, 127.126144
229.361221, 171.805435, 129.008789, 116.327591
228.704346, 178.192261, 129.085342, 118.214088
229.070786, 178.457062, 128.542252, 117.284149
229.965103, 179.892471, 122.580887, 113.009346
228.100266, 178.951492, 125.392662, 115.350578
229.949982, 179.892120, 122.601143, 113.018745
223.494095, 174.177460, 129.530457, 121.720505
222.961487, 178.175995, 122.082520, 114.962769
223.678787, 179.848175, 122.197945, 114.285675
223.870590, 179.531265, 121.677902, 114.105705
224.211487, 179.582123, 120.017838, 113.510246
223.193359, 179.124390, 121.467506, 115.432442
224.268631, 179.679382, 119.932732, 113.424927
223.268265, 180.097916, 120.787498, 113.518669
222.531052, 179.943817, 122.996254, 114.926979
221.644699, 179.916809, 123.953560, 115.122643
221.655579, 180.000092, 123.913803, 115.049530
221.654877, 179.893143, 123.933685, 115.156883
222.764450, 177.513092, 123.300735, 117.642456
222.558167, 177.145905, 122.455803, 117.564346
224.288742, 182.265381, 128.329559, 118.052673
226.078247, 181.033356, 126.108276, 118.027061
225.539276, 182.051910, 128.020447, 119.039787
225.559265, 182.290665, 127.746696, 118.781677
225.119995, 182.456573, 127.700516, 118.313004
223.943466, 181.131119, 128.935699, 120.447380
224.020966, 181.490646, 128.123978, 119.963036
223.987320, 182.012482, 128.501663, 119.362930
223.919510, 180.246292, 128.480331, 121.229866
223.823212, 180.117859, 128.622543, 121.438721
223.847000, 180.232117, 128.644409, 121.331711
224.351685, 182.405029, 128.848953, 120.675308
223.203217, 180.170624, 132.454803, 123.000458
223.189270, 180.125183, 132.509430, 123.120865
227.061172, 179.572174, 125.302582, 118.113808
226.438950, 179.824249, 126.464874, 118.343231
226.527023, 172.169739, 133.694931, 122.380753
226.587021, 172.184311, 133.504379, 122.266823
226.592529, 172.164749, 133.587463, 122.310135
228.946838, 172.351425, 137.260666, 126.916229
228.894440, 172.165070, 137.186707, 127.018227
229.917923, 172.096466, 138.044144, 127.866333
229.926056, 172.146271, 138.019516, 127.828651
229.806015, 170.430206, 135.081680, 126.527107
230.222458, 170.676422, 135.513809, 125.971977
230.139191, 168.456085, 133.644882, 124.003960
229.900375, 167.199463, 133.432526, 125.357544
229.853729, 167.213684, 133.485916, 125.414932
230.221970, 174.027557, 131.766724, 120.696388
230.229553, 174.023499, 131.749390, 120.658447
228.273468, 177.776016, 134.233597, 123.616112
228.043549, 177.480408, 133.827011, 122.387093
229.409973, 180.070679, 133.419785, 122.567986
229.343170, 180.022919, 133.546585, 122.673485
229.429153, 180.094513, 133.457596, 122.554337
228.667892, 178.401611, 129.684631, 122.186501
228.642059, 178.804535, 130.365433, 122.737968
228.650360, 178.112518, 130.422531, 123.256752
225.891769, 175.414627, 125.829865, 123.859871
228.028748, 180.172714, 134.188644, 126.919228
228.442505, 177.562653, 124.837196, 121.040306
228.187012, 180.127731, 133.955536, 127.160446
232.477829, 173.591110, 127.157478, 123.074471
233.076309, 180.719818, 121.767502, 113.618324
231.026688, 175.328323, 127.383186, 118.848991
231.040970, 175.353363, 127.395630, 118.799545
230.948090, 172.914902, 130.272583, 119.457146
231.216949, 172.982452, 129.822784, 119.306824
230.917709, 173.116623, 130.336365, 119.275772
234.823730, 169.434937, 129.017731, 120.942909
234.562820, 169.464386, 129.066147, 121.087517
234.836563, 169.440018, 129.004379, 120.949760
234.843338, 169.431412, 129.013428, 120.969612
231.918365, 159.915985, 126.384720, 128.030228
233.699921, 163.375900, 127.432152, 125.706413
233.692871, 163.392548, 127.486687, 125.702637
235.748917, 162.659149, 130.093201, 126.082298
236.646851, 163.264938, 128.639847, 125.676598
236.607254, 163.335129, 128.560226, 125.748352
235.399307, 156.710724, 129.401047, 130.998123
237.809021, 163.509140, 129.417313, 125.051674
239.840958, 164.646729, 127.570908, 123.816193
238.868668, 164.005798, 128.653732, 124.024467
239.108368, 164.510651, 127.407234, 122.682411
239.295395, 164.772369, 130.782089, 124.251457
239.186584, 161.387604, 130.246719, 125.593903
239.273666, 164.820465, 130.762619, 124.202560
239.827057, 160.374374, 131.263245, 127.064003
236.959946, 161.548141, 127.749962, 124.447014
237.404633, 160.714111, 127.461327, 125.287575
237.427795, 160.728577, 127.442947, 125.266907
238.016693, 158.785065, 127.866081, 126.060646
238.003357, 158.700394, 127.892059, 126.191383
238.040192, 158.698532, 128.151474, 125.720062
240.499405, 158.871582, 132.152863, 126.255486
241.160095, 159.514618, 130.318451, 125.549782
240.028854, 157.522430, 132.160385, 127.632111
240.029480, 157.502441, 132.422653, 128.067612
239.569336, 157.692535, 132.832153, 128.202301
240.026184, 157.468033, 132.501083, 128.175339
239.736740, 156.451477, 134.880966, 129.753036
240.496796, 158.717560, 131.516678, 127.060272
240.520645, 158.886292, 131.109238, 127.421524
240.541748, 158.729462, 131.469559, 127.000351
240.527740, 158.710724, 131.511017, 127.047684
235.341919, 157.462555, 133.598709, 128.058762
235.084412, 157.669678, 134.590622, 127.732224
234.323029, 158.539139, 134.728378, 127.727219
237.176819, 155.192184, 136.765381, 130.898544
236.274429, 156.400085, 133.294693, 128.107285
235.650558, 154.127213, 135.104462, 130.285416
235.749405, 154.144241, 135.010101, 130.242752
232.313263, 153.637421, 136.233109, 129.793747
232.295227, 153.284912, 135.715607, 131.625198
232.305878, 153.292755, 135.752167, 131.673080
226.268387, 156.635178, 137.541534, 127.177132
224.702682, 153.129120, 135.883682, 129.255096
224.714493, 153.126556, 135.806580, 129.236145
224.694992, 153.116089, 135.876724, 129.253906
223.656448, 157.167664, 141.976852, 128.216431
223.601089, 157.200684, 142.005325, 128.191223
220.603943, 156.339417, 144.077881, 128.375198
220.192352, 157.434113, 141.712738, 125.448357
219.970230, 157.779434, 141.470200, 124.609291
220.223984, 157.410309, 141.729416, 125.442917
219.451538, 155.998230, 142.920883, 125.555214
219.971420, 156.269424, 134.274231, 119.878433
220.723175, 157.906998, 138.964859, 123.709061
220.636414, 157.970932, 139.091736, 123.733841
220.619095, 157.903473, 139.171204, 123.823524
220.625015, 157.972382, 139.133804, 123.767914
214.907501, 156.950272, 140.850433, 123.305763
213.971466, 157.231949, 139.039352, 121.954529
214.488571, 158.629364, 137.277664, 120.394073
210.899506, 157.042450, 139.662415, 121.807930
211.438828, 158.938995, 139.148087, 121.285530
211.397186, 158.901581, 139.185654, 121.359116
211.455093, 158.939301, 139.128296, 121.305656
212.563980, 161.852524, 132.590363, 118.959518
212.116074, 155.172272, 131.608063, 120.333565
209.448898, 157.148178, 139.444809, 122.086601
209.432526, 157.137909, 139.480560, 122.137833
209.461990, 157.181030, 139.422562, 122.063606
210.462936, 157.486115, 139.150085, 122.817535
210.499237, 157.439575, 139.140076, 122.806442
210.539902, 153.882370, 130.536469, 120.411400
210.441116, 153.746826, 130.637604, 120.565338
210.404404, 159.135773, 134.125351, 121.359589
210.191177, 156.342194, 131.417892, 120.168259
210.371078, 159.163208, 134.128662, 121.321518
210.117859, 158.672318, 141.012131, 125.286865
210.158585, 158.671570, 140.967529, 125.246208
209.825729, 159.296066, 139.431290, 123.893211
210.389465, 158.548050, 139.987854, 123.719185
212.792816, 159.848862, 139.625854, 125.176262
213.747055, 158.047562, 139.525284, 124.063095
212.306412, 159.058884, 141.393250, 125.820602
215.791611, 156.258499, 137.560318, 123.220703
215.336807, 155.731903, 126.945602, 120.040512
214.896774, 153.442474, 133.555450, 121.381104
214.891006, 153.452957, 133.579193, 121.422188
218.218307, 154.367477, 138.312500, 124.386589
218.235626, 154.349487, 138.292038, 124.384239
218.234055, 154.361481, 138.332687, 124.412895
224.521469, 157.018127, 136.465500, 120.189697
226.685852, 148.285675, 140.120697, 128.988007
225.855270, 155.805374, 138.402451, 123.506927
225.824188, 155.814499, 138.444565, 123.487282
229.988342, 157.153534, 134.829514, 121.856422
230.005249, 157.132202, 134.830826, 121.850082
228.861053, 156.382370, 135.366577, 123.227249
230.147903, 157.400436, 133.574966, 120.347885
229.135483, 156.993866, 134.519058, 120.852539
227.030396, 150.686722, 141.642792, 132.704300
229.473282, 149.396408, 140.080902, 133.456009
230.400940, 158.803040, 134.872101, 121.569664
230.401428, 158.790680, 134.947357, 121.618294
226.501785, 157.939575, 137.539276, 123.032036
225.463486, 155.899567, 134.950195, 121.347916
225.007721, 155.343353, 135.626801, 122.039459
225.405411, 155.604370, 135.334808, 122.042816
229.348923, 148.956299, 136.183807, 125.909660
229.426773, 148.946075, 136.071930, 125.895500
229.403641, 149.011047, 136.135071, 125.843033
226.728821, 155.581238, 136.025864, 122.707260
225.227325, 156.894913, 138.647003, 123.430084
224.470337, 153.442688, 136.721176, 125.676064
225.109665, 156.959457, 138.835434, 123.501442
227.403961, 150.688660, 137.826401, 126.899040
227.425476, 150.690475, 137.782745, 126.900002
227.383560, 150.687073, 137.846558, 126.902718
223.747574, 153.942383, 133.290924, 123.780472
223.738266, 153.930847, 133.266449, 123.784805
223.739532, 153.938202, 133.307510, 123.781387
227.818146, 154.846497, 129.430420, 121.462532
231.229263, 150.679916, 138.184418, 128.136017
232.117218, 150.871689, 135.989716, 127.735512
231.239990, 150.821655, 138.111877, 127.976357
231.232651, 150.738190, 138.206070, 128.094788
231.303192, 149.469437, 139.218643, 133.204453
230.962921, 150.089752, 138.978790, 132.658295
232.871399, 159.011078, 136.154388, 125.121964
229.974960, 152.889481, 136.273529, 133.938919
230.082886, 152.754318, 136.387375, 133.938095
230.182434, 152.557312, 136.474533, 134.054977
230.224716, 152.594452, 136.393478, 134.012772
230.171295, 152.594193, 136.417816, 134.037842
230.228973, 152.579163, 136.431503, 134.051773
232.303391, 156.741974, 135.964676, 126.914337
231.662720, 150.551758, 141.172104, 132.473633
231.694534, 150.507690, 141.200516, 132.547028
231.654495, 150.699127, 141.172485, 132.424133
231.211349, 153.536682, 141.042480, 130.858810
231.210846, 153.515594, 141.080612, 130.905960
231.227554, 153.499832, 141.056229, 130.887970
231.936630, 152.256256, 139.455429, 130.882996
231.591385, 151.971695, 140.040939, 131.182220
233.924149, 153.680908, 137.102142, 128.590790
228.187714, 155.883194, 142.703461, 134.525116
229.841843, 156.681137, 140.764908, 133.143738
232.786560, 155.477264, 138.193192, 128.327866
233.371460, 161.138672, 132.470490, 123.370110
234.097488, 157.693954, 137.399521, 128.305588
233.784912, 156.390198, 138.138153, 129.697525
233.950562, 157.040283, 137.916702, 129.021362
234.520386, 159.163956, 131.540222, 125.181206
229.156479, 162.801483, 128.708069, 126.249344
231.963547, 160.270386, 133.379501, 128.115936
231.972336, 160.327271, 133.361923, 128.038345
231.969925, 160.331070, 133.344345, 128.080582
235.159943, 160.540207, 134.330460, 129.770630
235.141708, 160.507370, 134.362961, 129.791809
233.014145, 168.422348, 139.768738, 131.357620
232.969330, 168.331528, 139.859116, 131.466309
234.239120, 167.271683, 139.227188, 131.187195
234.337769, 167.271423, 139.150421, 131.143707
234.762222, 169.042221, 137.990585, 130.207108
237.171799, 164.485779, 132.129654, 126.419548
237.143112, 164.456772, 132.119980, 126.426514
235.748947, 165.673737, 138.309616, 129.718613
235.846176, 165.674286, 138.251801, 129.621613
241.924118, 161.839188, 131.071793, 127.820824
241.895706, 161.889221, 131.132401, 127.809540
241.902786, 161.860031, 131.080231, 127.808571
238.408920, 165.884277, 136.235809, 128.025681
238.333542, 166.377045, 136.238586, 128.120285
237.567505, 165.414154, 137.501175, 129.784286
237.257202, 165.389648, 137.480759, 130.188919
238.384689, 165.456421, 137.345810, 130.699905
238.362869, 165.401184, 137.419449, 130.773026
237.990051, 165.841370, 137.670120, 130.454849
240.447800, 159.494354, 134.820953, 131.659164
240.405350, 159.397766, 134.866791, 131.767578
236.937866, 157.759857, 136.074203, 132.177078
236.923416, 157.762527, 136.078583, 132.173965
239.015533, 158.776443, 134.587051, 130.682648
239.499100, 157.223587, 135.268723, 132.682495
240.698456, 156.938339, 135.663849, 132.732559
235.481369, 164.944397, 141.419388, 130.561630
235.619583, 165.665390, 141.617722, 130.107300
238.973083, 167.580109, 140.294830, 131.114212
239.425934, 167.886719, 139.325485, 130.210480
238.969177, 167.589386, 140.250015, 131.100372
241.158539, 164.024261, 131.753098, 128.029755
242.567062, 166.510132, 129.454483, 125.897087
244.738846, 165.045639, 131.039124, 129.687103
244.442795, 166.067184, 131.094604, 129.034561
244.782562, 165.052948, 130.999054, 129.700211
247.201508, 169.879974, 130.640060, 128.491257
245.119934, 167.969101, 129.506470, 127.411797
252.017044, 168.466934, 133.265091, 129.242203
252.005142, 168.446671, 133.263306, 129.237656
247.465210, 166.918396, 128.964050, 126.840332
247.521973, 166.917099, 128.778107, 126.639687
252.710724, 167.331741, 132.599014, 125.850357
251.559250, 166.683731, 133.386505, 127.088051
251.635010, 166.745239, 133.221420, 126.981071
254.128113, 166.069016, 132.960358, 126.600479
253.371185, 165.052063, 135.128036, 130.127457
253.391312, 165.148376, 135.075424, 130.040649
253.403992, 165.085175, 135.112091, 130.098984
245.494476, 163.418533, 130.557098, 134.419632
253.253754, 163.342453, 132.787064, 133.310150
253.267532, 163.350143, 132.781418, 133.306656
252.286484, 161.478333, 132.146606, 132.078995
251.932098, 162.888275, 131.560913, 130.928955
251.648911, 161.952927, 132.943008, 132.612274
251.645096, 161.997772, 132.849716, 132.532227
252.903503, 162.486023, 132.576004, 133.324005
252.776794, 163.240189, 131.654190, 132.095825
252.861542, 163.087021, 131.810516, 132.260101
252.817947, 163.079117, 131.816147, 132.283936
251.133408, 165.167862, 131.149490, 126.600067
246.116394, 162.575470, 133.171875, 128.658020
245.695267, 162.351913, 133.734436, 128.563568
246.102997, 162.588654, 133.181992, 128.629868
247.245544, 160.727356, 132.187195, 128.851822
247.081894, 160.935455, 132.277832, 128.652786
247.229431, 160.728043, 132.185867, 128.853378
250.108917, 161.277008, 133.262817, 126.099327
246.958801, 160.509262, 133.805771, 127.907333
246.951233, 160.458588, 133.846191, 127.966179
243.817612, 160.587433, 136.484772, 129.297287
242.918442, 159.384201, 137.467361, 130.581665
242.926315, 159.360947, 137.440094, 130.554825
243.966400, 158.985901, 135.929565, 128.425156
242.714493, 160.143646, 136.801987, 128.419769
243.418182, 158.308289, 137.683716, 128.749466
243.390182, 158.185333, 137.778290, 128.822906
242.230362, 159.888611, 137.278366, 128.215912
242.244614, 159.902603, 137.302414, 128.200684
242.218491, 159.886230, 137.325302, 128.232574
241.178665, 161.056763, 134.437927, 127.360558
239.843689, 163.454742, 129.175705, 123.897705
239.769562, 163.680573, 128.214508, 125.555580
239.078506, 163.292007, 129.119247, 126.299973
240.186859, 163.649002, 128.106781, 124.557266
240.164322, 163.702271, 128.088074, 124.516335
239.638016, 163.375336, 128.387039, 125.759102
239.644577, 163.370331, 128.376785, 125.757080
239.956100, 167.465027, 130.747543, 120.953232
240.235886, 168.141830, 130.010040, 120.629623
239.097839, 163.495880, 129.244354, 126.576187
239.119370, 163.513214, 129.227997, 126.536041
246.014374, 165.705673, 130.487000, 123.812042
246.288437, 165.861893, 129.823486, 123.491585
248.283325, 166.117737, 128.538910, 126.363464
249.180374, 166.544708, 132.126114, 127.779045
249.183563, 166.485031, 132.132446, 127.795013
249.196167, 166.513138, 132.120819, 127.787727
250.736115, 165.681107, 131.424683, 129.114319
250.953629, 161.879807, 139.667694, 135.732391
250.906052, 161.936310, 139.735718, 135.792984
255.757828, 163.220551, 135.466339, 132.844666
255.088104, 162.535339, 136.644501, 134.156998
255.100784, 162.545288, 136.680832, 134.173264
261.235565, 164.359238, 133.265213, 131.885147
255.952087, 161.395645, 130.292816, 136.248993
256.168213, 162.113953, 130.098785, 135.657028
256.041779, 162.081192, 130.123230, 135.697495
255.063232, 165.536087, 141.714737, 135.954834
255.064438, 165.540451, 141.729675, 135.955185
255.031693, 165.519577, 141.746048, 135.959457
258.715851, 167.631180, 132.731110, 130.068802
254.318298, 169.423340, 135.304733, 131.371201
255.328979, 171.108719, 129.477951, 127.713051
255.296844, 171.161591, 129.411728, 127.669586
248.475830, 178.590500, 133.212280, 123.538078
248.668442, 178.716476, 133.634430, 123.672516
247.980972, 178.863495, 133.764923, 122.969246
245.532303, 175.266357, 129.652924, 126.331306
239.710724, 176.065552, 129.768570, 123.691154
243.354401, 175.318420, 129.394180, 126.031677
239.696945, 176.055878, 129.772583, 123.705193
245.106857, 186.816986, 123.420433, 112.096481
241.031937, 178.878708, 128.400192, 125.493523
240.532516, 178.709259, 128.425034, 125.120522
232.858078, 177.444366, 131.589737, 126.504196
236.226257, 178.549500, 133.123245, 127.711975
234.932861, 185.808380, 129.106796, 121.397400
234.895935, 185.821518, 129.098282, 121.399124
234.922211, 185.814880, 129.088730, 121.396675
230.759613, 186.190460, 128.840103, 120.252831
230.690689, 186.129700, 128.939240, 120.475937
230.728226, 186.356033, 129.365311, 121.660858
230.425812, 186.743301, 129.244934, 120.969238
230.516006, 186.991272, 129.811752, 121.849518
230.467346, 186.906647, 129.891815, 121.851143
225.094437, 177.086105, 129.119034, 126.356758
227.144592, 180.902679, 128.865341, 122.607101
226.738205, 180.688492, 130.127960, 123.163322
226.295059, 180.925583, 130.590012, 120.547165
226.344894, 181.026993, 130.453995, 120.391426
226.585144, 174.294556, 133.842453, 122.818367
226.666397, 174.126785, 133.660950, 122.410011
226.583511, 174.285751, 133.856598, 122.827415
231.948364, 171.973846, 132.842499, 121.018829
232.573029, 172.252396, 130.741333, 119.237160
230.814972, 167.120026, 131.769547, 123.128471
230.772278, 167.577499, 131.982452, 122.830109
230.850311, 167.143173, 131.743652, 123.075188
235.109543, 159.692505, 129.627563, 123.581345
235.219345, 164.812683, 131.066269, 121.185852
236.225967, 159.185898, 133.067123, 126.265747
235.923843, 158.389343, 133.301895, 126.814445
235.925827, 158.383575, 133.335617, 126.837769
239.950974, 159.376846, 133.118240, 124.669800
239.956467, 159.365311, 133.114853, 124.664139
239.941208, 159.361496, 133.127838, 124.673302
238.615631, 157.439301, 131.743256, 124.458359
235.851181, 156.516663, 134.948166, 123.496101
242.358612, 159.147614, 126.899368, 121.459259
235.219711, 155.962433, 134.750641, 124.168900
236.340591, 156.496155, 133.891876, 121.487251
236.075104, 153.921524, 134.877853, 123.936417
236.389008, 153.924088, 136.414963, 124.818962
236.494354, 154.000153, 136.309509, 124.716568
234.320923, 153.030792, 138.150574, 126.376366
234.321472, 153.061569, 138.138535, 126.322945
234.339203, 153.021774, 138.145752, 126.353218
233.449249, 153.875214, 136.524841, 125.570457
233.405365, 153.905396, 136.564011, 125.499084
231.703278, 154.091385, 139.504120, 125.494835
228.012726, 152.169937, 143.118118, 130.277405
228.436935, 152.052002, 143.398926, 129.679169
228.478394, 151.987732, 143.384155, 129.708755
229.000259, 152.472702, 142.504730, 128.291611
228.965439, 152.008286, 142.603729, 131.842667
228.957672, 152.014679, 142.626007, 131.849640
230.136719, 153.287537, 142.049530, 130.319855
228.284332, 158.619049, 142.252914, 125.200058
229.604233, 159.534271, 140.583847, 124.472572
229.885391, 160.004425, 140.396179, 124.090561
229.875549, 160.009491, 140.428146, 124.115013
230.721756, 159.701721, 139.087433, 127.777046
231.139954, 160.590378, 138.856400, 127.602425
231.089767, 160.598267, 138.899429, 127.605118
235.985641, 166.194336, 130.589630, 124.782654
232.025055, 166.510681, 135.732269, 128.287537
232.844009, 166.551788, 134.886490, 128.029480
231.447968, 167.547363, 134.900833, 128.559402
232.057617, 169.894943, 139.879700, 134.932007
232.072800, 169.866165, 140.036209, 135.144424
232.013504, 169.892883, 140.081223, 135.082001
235.971756, 170.596298, 138.374435, 132.430923
236.336334, 169.942917, 136.438477, 128.358047
238.024338, 170.846191, 134.656586, 127.437813
236.521133, 169.962051, 136.417038, 128.251068
234.327545, 172.631226, 133.353348, 126.607918
234.311478, 172.631531, 133.395355, 126.614983
234.320480, 172.626953, 133.363266, 126.621010
232.604050, 167.290085, 133.341888, 129.534424
236.882584, 168.554077, 129.954849, 125.220695
237.018951, 168.598938, 129.828171, 125.130074
235.290848, 168.191895, 130.789093, 125.060631
235.426407, 168.201843, 130.699112, 125.031746
235.350342, 168.220566, 130.735367, 125.041039
231.662582, 167.935791, 134.134644, 128.248138
232.563324, 167.339142, 133.901962, 127.173477
232.495880, 165.741913, 136.093674, 128.110840
232.485229, 165.707535, 136.009033, 128.048309
232.990143, 166.991287, 136.375717, 126.798500
232.841309, 166.426132, 135.971359, 127.708099
232.699600, 166.458557, 136.089371, 127.760719
234.327881, 164.741928, 135.866074, 127.454735
232.977463, 166.400101, 135.895676, 126.908821
232.708481, 167.076904, 136.155045, 126.269745
232.893234, 166.333939, 135.982239, 127.022301
234.008774, 166.630081, 131.110001, 122.952393
232.949265, 166.159729, 134.061981, 124.465691
232.944519, 166.159775, 134.090408, 124.491463
232.947556, 166.165894, 134.046494, 124.467171
235.376129, 167.357452, 127.077095, 119.925438
235.421555, 167.317017, 127.059738, 119.957123
235.355927, 167.346298, 127.113815, 119.955132
232.457703, 177.374954, 129.389297, 116.047913
231.704575, 181.293137, 130.813187, 118.333023
231.814163, 181.355530, 129.970108, 117.879028
231.749802, 179.726746, 130.685913, 119.434708
231.089676, 178.379791, 125.395164, 116.659317
231.223434, 178.351227, 124.229782, 116.487541
231.168091, 178.339508, 124.290077, 116.542236
229.226318, 177.999237, 122.032822, 117.216644
231.961243, 175.931641, 125.706940, 120.430679
232.737473, 176.264923, 124.699356, 119.960068
228.864944, 176.422867, 130.540726, 123.892311
226.699051, 174.596252, 132.798767, 126.637688
228.831039, 176.232635, 130.665817, 124.140434
228.819626, 181.729370, 124.566963, 116.826881
231.365891, 182.562607, 123.378578, 115.212723
231.485641, 182.574539, 123.188820, 115.146820
231.313065, 182.548630, 123.418510, 115.199867
232.168640, 187.162155, 125.495064, 118.480423
232.158417, 187.105942, 125.485077, 118.493942
232.165436, 187.157578, 125.502907, 118.487892
227.803116, 180.006561, 119.200012, 112.346695
227.813690, 180.013916, 119.220947, 112.349762
236.391678, 179.231323, 128.945496, 118.776176
236.437927, 179.178650, 128.864227, 118.762276
230.839996, 178.007141, 116.206383, 117.593109
230.959732, 177.617630, 117.678108, 117.793259
230.916000, 178.043503, 116.707329, 117.510796
238.187042, 182.484131, 130.262177, 118.489792
237.854202, 183.033173, 128.331970, 117.952690
239.304062, 178.802597, 125.684387, 119.531792
239.230103, 179.173615, 125.700905, 118.999573
239.530426, 179.041595, 125.417206, 119.218849
235.858032, 183.232468, 124.035095, 115.190163
235.830765, 183.285034, 123.996391, 115.174721
235.137634, 179.326584, 121.486809, 117.975815
237.216400, 186.260468, 121.064240, 115.046997
237.138962, 186.236008, 121.120705, 115.088005
237.184158, 186.291443, 121.091125, 115.051414
233.732361, 187.080719, 123.762459, 114.290291
232.261841, 180.959320, 122.810982, 119.264442
232.263504, 181.025085, 122.780724, 119.237930
230.856033, 180.303314, 124.086853, 119.484665
230.290421, 182.773407, 124.641212, 119.404846
230.415543, 182.834412, 124.627052, 119.270866
230.708069, 182.407196, 124.699242, 119.960884
231.405945, 182.227112, 122.040794, 117.038956
233.232666, 184.657883, 122.720047, 116.295280
232.926239, 184.158218, 123.255966, 117.608627
229.724884, 180.736130, 126.571297, 117.033852
230.169815, 181.121414, 125.548576, 116.144173
235.356506, 178.555405, 128.214630, 117.878395
235.330963, 178.569763, 128.187180, 117.849922
238.623306, 173.395493, 129.329025, 121.877258
238.907333, 170.582306, 132.395782, 124.901733
238.862946, 170.634979, 132.422150, 124.858665
238.866028, 170.702011, 132.633133, 124.904968
240.187500, 166.930206, 133.098038, 128.752670
239.764160, 167.492538, 133.433960, 128.035507
237.589844, 168.754059, 131.596191, 124.823021
241.342850, 167.258453, 132.933319, 123.927986
242.900406, 167.901016, 133.696121, 124.355545
242.828308, 167.916138, 133.856125, 124.449661
243.691193, 167.716171, 133.427109, 123.793854
244.938461, 166.379669, 133.677399, 124.818512
244.690445, 165.800018, 134.183167, 126.189346
244.935806, 166.374130, 133.676895, 124.836128
240.225769, 159.007263, 135.532990, 130.839966
240.377167, 158.896957, 135.472107, 131.025803
240.353531, 159.346375, 135.844360, 130.181503
237.198959, 160.959152, 135.309128, 130.289703
243.253403, 166.203659, 134.742783, 126.911827
243.249466, 166.199097, 134.714050, 126.925262
239.304016, 165.964340, 129.674042, 127.365669
239.225998, 165.974350, 129.736267, 127.447716
240.939713, 174.835815, 126.490143, 118.820618
240.901184, 174.850296, 126.520859, 118.825401
240.903656, 174.823090, 126.530624, 118.838280
234.584900, 176.858917, 131.131790, 122.500618
234.591354, 176.844910, 131.123932, 122.513229
232.784103, 176.632858, 128.859955, 120.183647
233.911316, 177.390533, 129.016388, 120.309151
232.073212, 176.956116, 125.645523, 117.592918
232.289825, 177.866974, 124.539742, 116.527420
232.079376, 179.260315, 120.907051, 114.290672
231.981537, 180.887360, 120.209015, 112.405266
232.064377, 179.219025, 120.985275, 114.344521
233.640366, 185.983170, 123.421326, 114.690895
234.327652, 186.086029, 122.351967, 114.475754
229.249863, 184.311127, 119.388184, 112.981163
229.272064, 184.381943, 119.367943, 112.900253
226.896500, 182.974792, 124.801819, 116.507607
226.811356, 182.934235, 124.963539, 116.598900
226.811584, 182.242279, 125.559662, 117.379074
225.765167, 181.507416, 126.153610, 117.641747
225.926727, 181.502609, 120.412193, 113.428696
225.813492, 183.437836, 125.183075, 116.965675
225.574356, 183.011108, 124.841751, 117.399361
223.840225, 180.947464, 121.973770, 116.150169
228.829742, 183.754929, 123.216446, 114.124237
228.413910, 183.430984, 123.739746, 114.746452
228.913025, 183.725235, 123.105873, 114.071266
236.755478, 180.203156, 119.083290, 111.287605
231.865082, 172.503830, 128.813156, 120.077118
231.662399, 172.421310, 129.153748, 120.165703
234.277176, 171.472366, 121.336365, 113.365967
234.790298, 171.884155, 120.501884, 112.820633
234.260284, 171.441589, 121.326897, 113.301048
230.575684, 164.168182, 136.323380, 126.129204
232.252121, 165.297470, 134.524124, 123.895851
231.793350, 165.663605, 135.195786, 123.278702
232.272278, 165.309479, 134.504028, 123.869202
232.248199, 165.342133, 134.506729, 123.862091
238.301346, 164.075821, 130.953140, 124.737076
238.850708, 164.143890, 130.103989, 124.374825
236.931610, 164.655609, 131.273071, 124.549637
236.940933, 164.724136, 131.204666, 124.485420
238.243149, 165.876526, 129.627808, 122.727608
237.268677, 164.816895, 130.328232, 123.566734
237.960281, 164.563202, 129.467331, 123.820854
235.804108, 166.476105, 134.598740, 126.937881
236.117798, 167.211609, 134.156387, 126.215019
240.899857, 166.851349, 132.508499, 124.842361
241.460434, 166.910339, 133.354019, 123.749161
241.522079, 166.942154, 133.277588, 123.629539
241.551605, 166.844711, 133.268784, 123.727890
235.395248, 163.709976, 134.945999, 125.583832
239.911789, 164.141205, 136.083878, 125.106567
239.837677, 164.099365, 136.296906, 125.187164
236.715881, 167.748535, 125.349564, 121.324738
237.186188, 167.389130, 124.930008, 121.952278
236.715134, 167.751801, 125.351646, 121.336174
238.545807, 165.942261, 134.881760, 127.658295
238.553268, 165.938644, 134.814255, 127.626938
236.766495, 167.077347, 135.073166, 128.246002
236.734512, 167.075607, 135.125046, 128.286285
235.215668, 167.744812, 136.997589, 128.398911
235.021591, 167.590652, 136.737518, 129.051270
235.221481, 167.606506, 137.001038, 128.562439
240.524414, 165.181854, 132.075638, 127.941528
241.485184, 164.831009, 133.024872, 128.326080
242.095642, 165.354523, 133.802582, 128.390823
241.789444, 165.172699, 134.836853, 128.386795
242.051804, 165.266281, 133.916443, 128.504242
240.320221, 165.191650, 138.242691, 127.487465
239.878326, 163.654022, 138.131897, 128.855118
240.324509, 165.182999, 138.233841, 127.474426
239.293579, 166.436966, 133.771469, 126.789688
238.625732, 166.379944, 137.425354, 128.355652
238.295578, 165.910767, 137.521118, 128.176437
238.624878, 166.399536, 137.394653, 128.329865
238.608795, 166.361740, 137.484390, 128.389206
237.902557, 165.493790, 137.734344, 128.820251
237.844681, 165.831299, 137.192322, 129.073624
234.574463, 163.004044, 134.063370, 124.962784
234.415848, 163.228836, 134.111908, 125.140488
234.565460, 162.991425, 134.081863, 124.966698
237.437653, 167.456482, 129.121841, 120.956017
234.623810, 171.270416, 129.979065, 117.855721
234.576889, 171.264374, 129.965790, 117.822128
233.511459, 176.266647, 131.721283, 119.339264
233.490891, 176.224060, 131.735291, 119.321274
231.182358, 183.156662, 124.796997, 115.359802
231.209396, 183.255463, 124.736244, 115.265503
228.663986, 183.541397, 118.465736, 111.121338
227.848358, 187.156067, 123.499519, 114.345581
227.927658, 186.186356, 123.511787, 114.536316
228.391235, 182.194855, 118.896652, 112.952187
228.357422, 182.221527, 118.965080, 112.935997
228.703583, 181.875336, 124.132118, 116.758652
227.490768, 181.912674, 124.055771, 117.090660
223.408295, 179.339600, 121.177414, 116.576439
225.125885, 181.314529, 119.065765, 115.231384
224.989227, 181.494476, 118.392662, 113.847588
229.015228, 185.417633, 121.010521, 115.200844
229.587479, 184.705261, 121.614647, 116.465530
228.514618, 187.179428, 128.017487, 120.207893
227.710495, 186.027206, 129.112000, 121.630501
232.471497, 187.083374, 120.076180, 114.004272
232.487381, 187.190857, 119.999489, 113.880928
232.485168, 186.409027, 120.439209, 114.887711
231.965561, 188.359131, 124.959602, 117.744461
231.162491, 187.997940, 126.028778, 118.850250
231.125351, 187.669495, 126.157875, 119.009514
231.420013, 187.324692, 125.422478, 119.030418
232.291855, 189.296066, 123.388184, 116.113091
232.826385, 188.839279, 123.005814, 116.585953
232.208740, 189.061615, 123.698540, 116.378319
234.057205, 188.748505, 124.635056, 118.408386
239.719757, 192.622253, 129.061325, 123.001404
240.192505, 193.008438, 128.447830, 122.648247
240.681900, 191.727005, 128.233749, 125.483704
237.258820, 184.375671, 135.315750, 131.948380
237.773972, 186.984741, 133.736084, 131.141495
237.279861, 184.967743, 134.359436, 131.978149
238.110031, 188.697922, 132.489655, 127.960472
