330.065643, 244.164154, 170.656128, 167.047974
329.819794, 244.318817, 171.236511, 167.817169
329.937042, 244.492279, 170.759903, 167.685715
329.811646, 244.305756, 170.637314, 167.655411
331.046051, 243.690704, 171.354706, 167.730621
331.285339, 243.632629, 170.171661, 167.535995
331.459106, 243.724945, 170.110779, 167.452682
325.077881, 250.040283, 173.129105, 158.893936
325.235291, 249.589294, 173.236176, 159.760635
329.702332, 244.085632, 172.652496, 169.673492
330.287140, 244.378952, 172.556686, 168.848663
330.507935, 244.527374, 172.469421, 168.664185
330.487274, 244.660797, 171.919571, 168.354538
330.520599, 244.244629, 171.918121, 168.935959
330.632294, 244.789886, 171.551666, 168.027679
330.165253, 244.078583, 171.733505, 168.477112
331.565552, 243.007904, 168.097992, 166.343185
331.615570, 242.672821, 169.701614, 167.145523
332.019684, 243.610733, 168.575333, 164.707092
334.713348, 257.479431, 164.268204, 153.006989
334.966492, 257.591034, 164.421936, 153.808685
334.812012, 257.519928, 164.507401, 154.068283
330.992249, 242.510132, 170.823151, 167.554352
329.360229, 241.909973, 169.754257, 166.816925
330.471375, 242.046783, 169.152283, 166.532242
330.041046, 242.565460, 170.774323, 168.813263
330.593719, 242.582413, 170.865051, 168.735397
330.576874, 243.062180, 171.206589, 168.284897
330.913177, 242.869690, 170.610321, 168.624847
329.670410, 242.007568, 169.446655, 166.607849
330.385132, 242.501617, 170.275345, 167.481735
330.965271, 243.387070, 171.382050, 167.520950
330.925354, 243.381058, 170.686020, 167.921539
330.093964, 243.385818, 171.908188, 168.337067
325.199066, 250.524078, 172.747726, 159.314423
326.992249, 250.332794, 170.899078, 159.612885
326.005188, 250.326126, 171.632385, 159.653900
328.384094, 250.733902, 169.569550, 158.664200
326.328766, 250.855438, 171.750305, 158.763931
326.052856, 250.503540, 171.515823, 159.181778
330.000793, 242.884613, 170.319916, 167.324814
330.647034, 242.987122, 169.942230, 168.195450
330.560699, 243.497131, 171.414001, 168.269608
330.257660, 243.834946, 171.965210, 166.873398
330.299866, 243.606628, 170.935654, 166.765030
331.726318, 243.716125, 170.525986, 168.573090
330.013428, 244.486679, 171.262527, 168.378189
330.507843, 244.286774, 170.871017, 167.963715
330.099670, 244.803101, 169.998337, 166.520844
330.972443, 244.979019, 169.405228, 166.661514
330.296722, 244.116455, 169.697952, 167.776413
329.417267, 243.724686, 169.852509, 167.264450
329.662292, 242.261032, 168.698318, 166.137161
328.545135, 242.759445, 170.675369, 167.288162
328.827484, 242.954315, 171.432404, 167.622086
325.387634, 251.464920, 171.540710, 158.741867
326.193726, 250.963898, 170.854477, 158.223892
326.173981, 250.866409, 171.028534, 158.465225
325.223877, 250.583542, 172.680847, 159.486526
331.783020, 245.294937, 168.498596, 161.981689
329.405731, 242.444611, 171.713562, 163.174591
329.104950, 242.717926, 172.221558, 163.368515
328.812714, 243.789185, 171.505417, 162.140503
324.666504, 249.849655, 172.918655, 159.826416
328.573425, 242.268158, 171.452179, 162.517517
329.066772, 244.515060, 169.418869, 160.104767
328.949005, 245.062622, 168.819901, 159.067841
328.447937, 242.210846, 172.201965, 163.556458
328.483948, 242.919891, 168.463531, 165.382141
329.247070, 242.448181, 168.187088, 166.141693
328.885468, 236.514954, 178.740540, 173.787827
329.769836, 243.182327, 167.632477, 164.486877
326.254517, 250.967331, 173.115463, 160.702209
329.540344, 243.291626, 167.647995, 164.495544
329.380341, 243.536560, 168.782562, 165.134399
330.386841, 243.340363, 168.287262, 165.691605
326.513489, 251.889267, 172.160751, 159.290543
335.042206, 243.873291, 161.854111, 156.138611
334.650024, 245.988708, 163.880707, 157.133438
328.429413, 241.994186, 168.497116, 163.338379
328.193115, 242.357162, 171.892471, 165.994354
331.010345, 250.251236, 163.846664, 161.498138
327.454987, 243.324097, 172.861206, 168.134552
330.079071, 251.871735, 170.152634, 165.141418
330.395386, 250.826614, 174.923599, 168.951462
328.641846, 249.710175, 178.115387, 171.736649
325.606049, 255.596817, 170.206512, 165.875031
324.849213, 255.274200, 173.338165, 168.906021
322.080139, 253.903915, 174.023514, 170.427734
321.134399, 255.199432, 171.685333, 168.515518
320.014709, 256.063690, 172.114319, 169.118759
317.820648, 256.136627, 173.929565, 169.660004
321.474152, 262.386841, 171.693817, 163.019089
314.190643, 256.444916, 179.498566, 175.915985
313.278259, 254.735687, 182.933945, 177.164276
310.168304, 266.380371, 182.998901, 174.032394
309.784210, 266.991486, 182.249680, 174.371796
310.027039, 268.148346, 180.430969, 172.743759
309.062683, 267.861908, 180.518234, 173.178604
309.069580, 268.712799, 180.595032, 172.287369
308.758362, 268.273041, 181.116928, 172.368835
307.008423, 268.459991, 181.487183, 173.072159
307.084778, 268.528503, 181.118088, 173.070251
305.102051, 267.952362, 183.421616, 174.403854
305.963928, 268.086182, 182.598557, 174.205826
305.197296, 268.699738, 182.684311, 173.580887
304.858429, 267.866364, 182.652679, 174.286713
306.083771, 267.275879, 181.856720, 174.416443
303.714600, 267.994629, 182.880890, 174.212952
305.896423, 267.763489, 181.572021, 173.706055
306.234009, 267.537415, 181.096878, 173.885193
306.246735, 267.657104, 180.644684, 173.949921
304.973358, 268.035706, 183.485565, 174.650345
313.979065, 261.094543, 173.126114, 166.391632
314.290070, 261.106018, 172.900040, 166.603088
314.014191, 261.192322, 172.970047, 166.251434
306.360199, 267.556946, 183.180740, 174.595505
306.206757, 267.958862, 183.311310, 174.833603
306.984711, 266.699280, 182.494522, 175.875183
306.750031, 266.766266, 182.247696, 175.559067
306.263580, 268.104614, 183.178314, 175.033157
307.131470, 266.617279, 182.418198, 175.588837
305.752563, 267.034760, 182.680588, 175.596695
305.832458, 266.936676, 182.743118, 175.466675
307.249207, 266.793854, 179.285736, 173.575577
307.969666, 266.694397, 179.226822, 173.261566
313.764008, 260.278259, 173.550674, 170.209641
314.603760, 259.711945, 172.810196, 169.719360
305.405365, 264.135864, 183.275909, 175.427399
307.642395, 264.251556, 182.107788, 172.009949
311.102173, 253.637604, 175.604660, 170.042343
314.792419, 253.829254, 174.237167, 169.879852
318.289429, 253.184570, 173.656998, 168.056244
320.430695, 253.919632, 171.708054, 165.165787
321.512939, 254.041214, 166.528534, 161.379608
323.606842, 253.073105, 166.201660, 162.614548
326.364105, 250.442963, 165.287521, 159.680206
323.751831, 242.136887, 178.764786, 172.958420
329.696442, 245.771500, 174.704041, 169.629120
329.916962, 241.741409, 176.707062, 170.604858
330.935120, 241.265564, 172.519638, 168.751190
331.235077, 236.054153, 182.159088, 172.191147
331.762451, 235.152802, 181.917450, 173.616943
335.442383, 244.235077, 163.146469, 157.375076
335.748260, 244.093643, 163.164764, 157.645508
335.910217, 244.880951, 162.905304, 157.726517
335.741882, 244.157394, 163.386139, 157.933136
333.152100, 241.174911, 176.145828, 169.236816
334.188934, 235.878143, 178.654251, 172.868408
333.089966, 241.899170, 170.712708, 167.410202
331.508972, 241.357071, 173.460236, 169.622467
329.731812, 241.582428, 177.226608, 170.298141
328.078064, 242.172836, 177.376434, 170.389435
328.855713, 244.316406, 175.110504, 169.611450
328.355957, 245.311813, 175.881729, 170.056290
324.127777, 254.830231, 175.366623, 162.226578
325.728149, 255.598526, 172.518539, 160.895004
325.849884, 256.915039, 172.414551, 159.860138
325.668304, 256.352203, 171.547729, 160.411362
325.100983, 256.432953, 172.501648, 159.609467
324.509186, 255.177612, 172.501526, 160.679855
326.850922, 243.571838, 175.346054, 167.830841
330.494049, 244.662231, 171.220795, 166.063477
327.819794, 244.219940, 177.554688, 170.746826
328.038208, 243.597748, 176.474152, 171.586807
326.900146, 242.739059, 177.756363, 172.071609
327.691345, 243.990417, 176.897339, 171.253281
329.188812, 245.055511, 175.528488, 170.223083
328.706787, 244.154556, 175.286484, 170.562424
328.116974, 243.773560, 175.901932, 171.948578
329.538422, 244.834015, 175.627914, 170.374985
328.117676, 244.418930, 176.652649, 170.424149
328.208405, 244.428146, 175.495697, 170.663422
327.606689, 243.717773, 176.566620, 170.846848
327.832092, 243.399216, 175.967621, 170.385803
327.191467, 243.288086, 176.448822, 171.157547
327.508636, 242.859879, 176.950958, 171.306091
327.925110, 243.152451, 176.794708, 171.472931
327.976807, 243.444977, 176.274582, 171.217041
328.296265, 243.182816, 177.126617, 171.433655
328.484589, 243.245346, 177.061569, 171.239639
327.857635, 243.449600, 177.222519, 171.073517
328.313263, 243.501160, 175.735397, 170.580414
327.891113, 243.546631, 177.141586, 171.534668
327.909943, 243.194153, 177.359390, 172.292038
328.069366, 243.876312, 176.998428, 171.262405
327.703522, 243.503418, 176.589233, 171.613174
327.792358, 243.313477, 176.541885, 171.495316
327.602936, 243.277756, 176.986053, 171.828232
327.483185, 243.221863, 176.247208, 170.713226
327.298553, 243.101105, 176.166748, 170.709183
327.217255, 243.166519, 175.676865, 170.448242
327.539032, 242.846405, 175.940048, 170.339478
327.680237, 242.922577, 176.270493, 170.182877
327.648163, 242.953247, 175.724976, 170.036575
328.256683, 242.922638, 175.796768, 170.670273
328.253937, 242.520111, 176.206314, 171.185837
328.082306, 242.240326, 175.977448, 170.814560
327.878204, 241.814468, 176.447037, 170.588364
327.970428, 241.733505, 174.872269, 170.228104
328.395355, 241.621552, 175.392899, 170.063965
328.109222, 241.749786, 175.485336, 170.681931
328.477264, 241.748932, 175.798813, 170.349075
328.394073, 241.775589, 175.709229, 170.346802
328.117004, 242.419556, 176.358322, 170.177094
327.914185, 242.320190, 176.286957, 170.517334
328.028290, 242.364563, 176.396591, 170.704788
331.095795, 239.190903, 178.601166, 171.894257
327.402313, 235.794128, 181.038315, 174.114182
327.312073, 235.654144, 180.942169, 173.908081
327.111664, 235.501160, 181.395248, 173.610825
327.077393, 235.791946, 178.194336, 172.705688
327.146332, 235.444244, 180.156799, 173.142975
327.058472, 236.206665, 179.789474, 172.938019
328.023865, 236.419052, 178.757202, 173.986710
328.011993, 236.431732, 179.143707, 174.131195
328.232086, 235.922729, 178.793457, 173.391617
326.918884, 235.768494, 175.896637, 172.139664
324.626587, 234.851410, 177.576614, 171.145538
325.644531, 234.912582, 177.341568, 171.664276
327.225403, 235.658264, 177.035034, 171.981339
325.825775, 234.961975, 177.501099, 171.657715
327.946899, 235.307343, 179.243454, 173.480713
327.105255, 235.535004, 177.205826, 171.808380
325.474182, 234.848694, 177.263657, 171.044693
327.631927, 235.159058, 177.931396, 172.714279
329.260498, 236.161423, 177.131088, 172.975830
329.283905, 236.237488, 176.844574, 172.688934
328.773804, 236.789139, 177.180862, 172.093781
327.706726, 235.376236, 177.571579, 172.600403
328.150909, 235.151855, 179.517273, 173.450714
327.539215, 235.461960, 179.348572, 172.949707
327.594360, 235.572952, 178.831985, 173.508270
326.731659, 235.545486, 177.166443, 172.387665
327.156342, 235.283646, 176.658707, 171.379166
323.318207, 234.405365, 174.995392, 169.758743
322.803467, 234.147308, 174.958557, 169.506592
324.349487, 234.814468, 174.784225, 170.156998
326.950745, 235.518555, 175.226440, 170.763596
327.391815, 235.487152, 178.325439, 172.742828
327.545074, 235.935944, 178.453354, 173.644989
327.584503, 235.967133, 178.463455, 173.544998
327.448822, 235.470032, 179.082062, 173.251984
325.454010, 235.526443, 176.130585, 171.420227
326.415161, 235.668335, 176.499359, 171.764404
325.264526, 235.433136, 175.344986, 171.225906
326.431763, 235.637024, 176.803833, 172.084564
327.072235, 235.846344, 176.749207, 171.923401
324.333405, 236.053406, 174.673264, 170.122223
325.018158, 236.094894, 174.520035, 170.602631
325.456451, 236.281342, 172.843872, 169.272934
323.940826, 235.167435, 174.444519, 170.478836
324.109100, 235.194794, 174.348282, 170.421478
324.778229, 235.840118, 174.066162, 169.812393
324.846710, 236.227783, 174.070892, 169.902115
326.832672, 236.546783, 172.230286, 169.189835
326.748383, 236.412384, 171.842911, 169.145706
325.337982, 235.745132, 173.291656, 169.511307
325.113525, 235.494186, 173.437042, 170.145477
326.148407, 235.570892, 174.322067, 171.517517
326.812286, 235.932281, 175.257751, 171.562408
327.626862, 236.100967, 176.923828, 173.267548
327.339447, 236.413498, 177.537201, 172.158188
327.237823, 236.596222, 177.508728, 172.772522
327.714600, 236.379501, 177.621948, 172.066956
326.535461, 236.315475, 171.740494, 168.652298
326.463684, 236.209457, 170.913101, 167.977646
325.790039, 235.502533, 172.654724, 169.150192
331.300385, 241.400970, 165.586136, 158.214966
325.848572, 235.757584, 172.989822, 169.509262
325.602539, 235.512299, 175.508484, 171.309998
325.447052, 235.046906, 175.971741, 171.686584
325.117035, 235.153030, 176.079636, 170.837830
325.716980, 235.404816, 176.263046, 171.563843
325.114075, 235.414169, 174.059967, 169.764282
324.974457, 235.306122, 174.356033, 170.512222
333.490204, 243.420563, 164.439743, 159.891678
332.846375, 242.732605, 164.910400, 160.940186
332.957489, 243.286316, 164.064285, 159.885971
332.597321, 242.626358, 164.096573, 159.103683
332.424744, 242.714920, 164.916977, 160.702850
332.705994, 242.790512, 165.051651, 161.047745
326.871155, 235.522629, 172.957062, 168.192047
329.940063, 232.354355, 177.268921, 170.769043
331.498444, 237.321365, 165.154648, 161.180969
333.122559, 237.537598, 164.345917, 160.599411
333.340576, 238.266861, 165.478912, 161.932556
330.501892, 237.016632, 173.530136, 169.840164
327.553955, 233.673431, 183.399612, 175.314011
327.924438, 232.495300, 183.215103, 175.151978
328.433105, 233.760498, 176.870911, 170.182709
330.634491, 235.143875, 169.257889, 165.274384
331.398560, 239.689392, 164.757172, 160.436096
327.953217, 232.633240, 175.980789, 167.679092
326.851532, 232.851593, 174.154846, 167.316315
328.575073, 234.315552, 168.595215, 163.470886
325.448669, 234.020401, 171.651855, 167.102692
325.216614, 233.885284, 173.552063, 168.288605
326.095276, 235.122971, 171.632477, 166.638107
325.892242, 235.485046, 171.808044, 167.276535
327.902679, 234.403748, 173.086578, 167.692032
327.141663, 233.244080, 172.816238, 168.478333
327.039978, 234.350830, 173.092773, 168.411438
325.621246, 233.674805, 175.046326, 169.198715
328.774994, 239.840698, 167.962723, 164.631638
329.578278, 239.499893, 166.685425, 163.893799
329.682892, 239.161346, 167.182129, 164.714386
329.618042, 238.901718, 166.512466, 164.453140
328.042450, 247.000595, 172.177856, 162.044891
328.222321, 246.371338, 172.538986, 161.265350
325.889435, 232.502304, 173.985580, 167.648834
326.958282, 232.733337, 174.400772, 167.477448
326.333862, 233.691833, 173.932373, 167.656479
329.282410, 239.533325, 168.530289, 165.226868
325.972351, 234.979767, 173.786926, 167.951782
330.187164, 239.898376, 171.712845, 166.738052
329.659363, 240.350845, 169.690704, 166.201752
328.036926, 239.484589, 169.948181, 165.254379
327.901978, 239.991638, 168.073669, 163.683121
328.011017, 240.246658, 167.581406, 162.911072
328.358215, 239.925766, 168.196289, 163.224487
329.762482, 240.602188, 166.440796, 163.690109
330.290405, 240.131378, 168.749512, 165.769287
331.854767, 239.629700, 168.768860, 165.625717
331.853943, 240.197113, 168.358902, 165.440308
332.209961, 239.761932, 167.426193, 164.900299
330.733551, 239.790070, 166.646759, 164.362396
330.321442, 239.627625, 166.613815, 164.679626
330.203064, 239.573792, 166.861267, 165.130417
329.988922, 240.031967, 165.674759, 164.113068
330.673065, 240.236069, 166.265045, 165.213089
331.496796, 240.493393, 168.641525, 165.891602
325.725861, 249.720276, 175.539200, 161.450211
325.652985, 249.428497, 175.114151, 161.822342
332.166382, 240.010986, 169.094284, 166.707428
330.829437, 240.315063, 167.073029, 164.968872
330.099030, 240.238342, 166.691345, 165.027664
330.315643, 239.805283, 166.087677, 164.967667
329.540283, 240.230194, 167.484528, 165.257904
329.850952, 240.207153, 168.191788, 165.643585
329.461853, 241.163635, 169.263718, 164.596771
329.631989, 240.776749, 170.222931, 166.484344
329.341064, 240.745148, 171.182892, 166.319611
329.036682, 240.462265, 170.212814, 165.993851
328.424622, 240.667877, 167.319641, 164.652252
327.436707, 240.752136, 168.644638, 165.489609
327.409943, 240.764526, 169.356995, 165.224762
327.651489, 241.072235, 169.217850, 166.033295
327.789703, 242.112457, 169.024704, 164.957077
324.743317, 249.861420, 173.965515, 159.695572
326.473175, 235.827667, 177.043900, 171.014786
325.196381, 234.733444, 176.085312, 170.257156
325.969055, 234.858368, 175.352386, 170.274872
326.302368, 235.219864, 173.382950, 167.952469
326.320007, 235.126099, 174.738098, 169.407455
326.717224, 234.490005, 177.804733, 171.520386
326.561310, 234.774841, 175.873825, 170.709869
326.572906, 234.447189, 177.892776, 171.512878
325.553680, 234.285583, 176.941437, 170.649170
326.291504, 234.824219, 176.819336, 171.081085
325.442902, 233.990494, 178.024399, 170.858841
325.386353, 233.839783, 178.805466, 171.548004
326.676636, 235.274323, 176.315002, 170.112854
326.612793, 235.075760, 176.771866, 170.490402
325.782104, 234.645477, 176.606979, 170.918991
326.667175, 235.288895, 175.288239, 169.992661
324.529388, 235.037842, 175.835327, 170.067444
325.853607, 233.804062, 175.971420, 171.420105
326.558807, 234.114334, 174.020203, 169.175140
327.438904, 233.495529, 175.306290, 170.147491
328.351929, 233.433517, 175.233551, 169.376175
328.527557, 233.886261, 174.929733, 169.333099
327.422607, 233.584152, 173.749115, 168.747040
328.006256, 232.522980, 177.597946, 170.995941
327.951141, 234.130310, 174.339584, 168.851608
328.282318, 233.202255, 175.263580, 169.166733
328.065399, 233.978195, 173.771805, 167.829819
329.726013, 231.884521, 177.750610, 171.140076
328.344788, 233.803284, 172.840820, 167.611206
329.541138, 232.111145, 177.206131, 170.656952
328.559601, 231.932465, 177.136948, 170.451309
329.162842, 232.112274, 177.253540, 170.278000
329.316101, 232.129333, 177.422501, 170.757095
326.929291, 231.694000, 180.690247, 172.772659
329.061035, 232.034943, 178.101212, 171.312241
327.983643, 231.876572, 178.178574, 171.105453
329.173096, 231.819839, 177.873398, 170.907684
328.265808, 232.290207, 177.086899, 170.175507
327.820740, 232.025940, 177.630234, 170.558105
328.512451, 233.556900, 175.412552, 168.832230
327.978180, 233.374359, 173.403183, 168.372314
328.727692, 233.343170, 175.488800, 169.758453
327.932007, 233.949738, 173.722534, 168.853363
327.722961, 240.389282, 170.254044, 166.173721
328.280762, 240.158981, 170.353226, 166.118851
328.214081, 239.687866, 170.658936, 166.683136
328.306335, 239.954529, 169.062653, 165.818253
328.550171, 239.782837, 169.035248, 165.921646
328.121857, 240.140091, 169.814896, 165.274155
328.384186, 239.904800, 169.055191, 165.136261
327.950745, 239.622116, 169.160507, 164.691299
325.786194, 232.658127, 171.785049, 167.192337
328.155151, 239.322083, 169.275879, 164.438721
327.773895, 239.206970, 170.414490, 164.440460
328.572296, 239.170349, 169.483765, 164.895172
328.550995, 238.295441, 169.783707, 166.011505
328.254913, 238.360825, 171.436218, 166.242813
328.883362, 238.121582, 170.303513, 165.931366
328.748505, 237.710236, 171.630646, 166.140350
329.064972, 237.073029, 172.086624, 166.897034
327.573883, 230.152725, 179.489044, 170.618927
328.809418, 230.368851, 179.753830, 170.604401
326.707336, 230.556519, 181.411011, 173.457184
327.166840, 230.343842, 180.839539, 172.751022
326.805267, 229.748993, 178.812485, 171.450638
332.111542, 237.432251, 171.132965, 160.963104
331.219482, 236.923035, 165.567810, 157.634583
331.475952, 236.478729, 165.158798, 157.377487
331.435059, 236.620026, 165.313858, 157.832581
331.014435, 236.336700, 165.775101, 157.341217
331.200745, 236.682724, 165.668549, 157.104980
331.177307, 236.845291, 165.340103, 157.725967
331.450867, 236.935547, 165.301788, 157.619308
331.427979, 236.924835, 165.049515, 157.551331
331.553864, 236.993347, 164.661926, 157.254562
331.445618, 236.678360, 165.097214, 156.456833
331.243591, 237.274734, 165.362213, 156.916031
331.477448, 237.205719, 164.958542, 156.260117
331.026520, 236.730789, 165.403229, 156.976028
331.550507, 237.035919, 164.824615, 157.144501
331.101471, 237.393402, 165.201324, 157.271286
331.144897, 237.872055, 165.170868, 157.499527
330.713684, 237.462753, 165.957291, 157.471451
331.362030, 237.660843, 171.138626, 160.716949
330.188293, 237.810562, 171.844620, 160.479614
329.865112, 237.582733, 171.765106, 160.272461
329.751801, 238.136963, 172.361404, 159.783218
329.501617, 238.528702, 173.171036, 161.068253
331.135712, 238.463898, 171.804291, 160.772232
331.470184, 241.222702, 168.137497, 159.091324
328.181763, 230.678986, 178.624634, 170.918060
328.873016, 231.606384, 177.695663, 169.284912
327.892853, 230.409119, 177.945389, 170.738937
333.374573, 239.337128, 170.697495, 160.072861
330.996033, 237.787033, 164.982574, 159.856125
332.214905, 238.383820, 163.823654, 159.097763
332.737000, 238.074799, 163.853500, 160.191010
331.858856, 238.231583, 163.991821, 159.978806
332.772797, 238.680801, 164.688614, 160.719391
332.769257, 238.791122, 164.811325, 159.458328
332.557709, 239.105591, 165.191025, 159.619919
330.920288, 231.026138, 177.072403, 169.673386
330.178955, 230.300812, 177.509003, 169.700302
329.272644, 230.061020, 177.377548, 169.390411
331.307343, 239.490509, 169.875443, 160.297134
332.504669, 240.192017, 168.387070, 160.086166
332.281128, 239.805664, 170.161743, 159.640549
331.272308, 237.894669, 163.703766, 157.910278
327.867401, 230.453217, 179.648422, 171.118591
330.851532, 231.556427, 176.644150, 168.334610
332.043945, 238.676910, 164.468597, 158.963074
332.976013, 238.937500, 165.605453, 160.550247
332.712433, 238.661835, 166.227768, 161.482666
332.912292, 239.047180, 163.936951, 159.060684
331.570313, 238.989563, 164.142944, 158.631821
332.261200, 240.966873, 166.083069, 162.282593
333.307648, 241.220123, 164.994232, 160.676056
332.955292, 238.522705, 164.618103, 159.465805
332.565430, 238.496796, 164.651627, 159.471664
328.537964, 230.442062, 179.355164, 170.850327
334.018555, 239.985870, 168.781265, 160.750443
332.162994, 237.879013, 163.064713, 158.234619
332.277222, 238.225906, 162.401947, 158.139175
332.656433, 238.585907, 162.799484, 158.274445
332.461548, 238.696411, 165.141876, 159.462982
332.976471, 238.852417, 164.290985, 158.266281
333.666351, 239.416107, 163.605377, 157.660248
333.445007, 239.387222, 163.894989, 158.439194
333.381989, 238.880280, 163.613312, 157.621994
332.829681, 238.242599, 164.137466, 160.122543
332.767548, 238.728333, 164.701813, 159.175262
330.977173, 236.403946, 172.450958, 167.175507
330.502319, 238.212631, 172.883698, 166.137680
330.616821, 238.418152, 172.483215, 166.136551
330.726654, 236.400040, 171.650711, 168.105331
331.212280, 237.448151, 171.700089, 167.803391
330.599030, 237.455582, 172.008881, 167.832428
331.772095, 238.035980, 170.711227, 167.726486
331.074341, 238.334595, 171.321976, 168.261429
330.935425, 239.155426, 172.000473, 169.197861
331.329956, 239.091949, 172.760101, 170.835556
331.118500, 239.168777, 174.132889, 169.396500
331.368286, 239.193314, 173.661987, 169.283539
331.472015, 239.224060, 171.145096, 168.727875
331.145538, 239.887253, 173.504242, 168.262085
331.126801, 238.951248, 173.782257, 168.657639
330.471680, 239.486511, 174.021713, 169.179337
330.097687, 238.834808, 174.675949, 168.875748
330.141846, 239.507507, 174.536331, 167.967422
331.268158, 238.133514, 174.275848, 168.330048
330.522888, 239.048126, 173.751129, 168.610123
331.892822, 238.387253, 174.112442, 169.796677
331.453979, 238.309570, 173.319824, 169.652313
331.946747, 238.240982, 172.052643, 169.410400
332.380280, 238.883194, 171.789429, 168.362350
332.308624, 238.988800, 171.898926, 168.771744
331.202972, 238.611389, 174.021271, 169.182938
330.807983, 239.610992, 176.067108, 170.859467
330.414581, 239.647766, 175.318680, 170.199646
335.636139, 237.799805, 166.906067, 163.321533
337.816315, 237.861755, 164.845215, 164.704544
339.911591, 238.250519, 165.850555, 164.690933
341.787323, 238.802872, 167.448685, 162.930481
341.067841, 231.039841, 167.717499, 168.361526
341.051025, 231.378326, 168.794464, 166.956268
342.566742, 233.080475, 169.166367, 167.943390
346.326752, 235.450333, 168.706390, 166.662735
345.682526, 234.255692, 172.752289, 167.701782
345.984070, 234.121674, 171.839081, 168.839188
347.878296, 231.240051, 169.470337, 170.633575
347.521606, 234.258560, 175.655258, 170.963806
349.502869, 229.893539, 171.161194, 170.198563
347.382233, 234.058914, 176.323502, 170.979736
347.157379, 236.679367, 175.538879, 169.049515
346.459473, 236.575134, 172.641174, 167.078629
346.444092, 237.820343, 171.144363, 165.090286
346.613220, 238.268494, 169.330780, 163.300095
346.096344, 235.297745, 168.326706, 165.059158
344.595581, 238.424377, 167.914017, 163.050735
343.196381, 239.062286, 168.451843, 163.451828
342.568115, 238.521973, 165.425293, 164.352661
344.640076, 239.205795, 166.087326, 161.892761
342.416779, 238.932037, 167.705429, 163.412582
341.996796, 238.583466, 168.684341, 164.583710
337.731598, 242.600372, 166.631454, 162.192352
336.765198, 242.156006, 165.662857, 160.657852
333.872650, 241.311035, 175.555481, 172.153824
331.224426, 241.597885, 178.465347, 173.022919
330.105438, 242.280029, 177.306030, 170.884720
329.639618, 240.862396, 167.197250, 162.217072
327.850800, 241.849518, 176.758133, 169.438354
333.229523, 241.186829, 171.419128, 169.221573
325.698151, 240.764160, 168.413910, 164.748199
325.221191, 239.408035, 164.501205, 161.398758
323.330963, 239.139008, 163.701935, 158.599533
324.541809, 239.804092, 162.235962, 157.188232
323.579651, 239.267715, 162.876892, 158.163696
320.742706, 240.891632, 162.635101, 158.870697
319.143707, 242.925491, 161.710236, 157.964630
321.855042, 242.612259, 161.889603, 157.603317
320.971252, 242.659210, 162.722046, 157.864502
319.909454, 242.826843, 161.610809, 156.928680
319.283325, 243.108734, 161.224075, 157.201920
320.142212, 243.237915, 161.883972, 157.809631
319.527191, 243.252594, 161.798950, 157.856567
320.604004, 243.105743, 161.744415, 156.998169
318.633667, 245.024399, 162.823593, 157.526978
318.747955, 242.261063, 163.755142, 157.501633
320.538513, 242.037140, 164.773132, 159.703934
322.073914, 241.341125, 164.627869, 158.421478
324.839325, 242.012482, 164.187744, 158.518265
324.903442, 240.361908, 165.141006, 158.990204
323.581421, 238.803314, 164.607742, 157.318329
323.733093, 238.462402, 164.869949, 157.272476
324.093292, 238.877197, 164.442673, 157.095306
323.908081, 238.016479, 164.575775, 156.677856
323.927338, 236.859283, 163.570435, 156.752533
323.458923, 237.001556, 163.305237, 157.323380
324.871704, 236.457733, 162.233719, 156.658661
323.799744, 236.547028, 162.850555, 156.190765
324.767761, 236.582108, 162.593704, 156.212051
324.383148, 236.455841, 162.887283, 157.157990
324.445953, 236.604889, 162.721268, 157.190735
325.148743, 237.213608, 163.493256, 156.412201
325.726166, 236.668991, 164.446609, 157.531570
324.334381, 237.882172, 163.107773, 156.164093
324.925842, 237.602585, 162.300186, 156.827042
325.144287, 237.333435, 161.009750, 153.890045
325.475250, 235.795258, 161.310486, 154.420135
326.185883, 234.836319, 162.664749, 155.894043
325.835571, 236.190216, 162.357880, 154.356812
325.947815, 235.158768, 163.706879, 156.642670
325.868591, 235.271484, 164.525360, 156.909546
325.672546, 235.224274, 163.966492, 155.980896
326.445251, 235.200745, 163.396286, 156.193054
325.579346, 235.199600, 163.411911, 155.618576
325.320282, 234.905472, 163.417526, 155.993103
324.402039, 234.150650, 164.207397, 157.147614
325.717987, 234.681458, 163.477463, 157.174408
324.808624, 233.608109, 163.098511, 156.952576
325.438721, 235.154099, 163.271698, 155.775909
325.732330, 235.265137, 164.017944, 155.933716
324.972900, 234.332657, 162.927490, 156.768890
324.777740, 234.755508, 163.026154, 155.335587
325.652496, 235.487610, 162.348953, 155.221481
325.950531, 236.019897, 162.747375, 155.084396
325.719330, 237.033325, 162.417603, 154.803101
326.474487, 236.730148, 163.780655, 155.949722
325.859436, 237.173584, 163.190262, 155.792770
325.518127, 236.741150, 163.118988, 156.465332
325.505859, 236.336243, 163.044464, 156.517517
325.486328, 237.663040, 162.779861, 155.355179
326.281128, 237.197357, 162.498001, 155.268341
326.616028, 237.122177, 163.862625, 156.063095
326.367981, 237.756027, 162.817947, 155.189468
326.425995, 237.131744, 163.253357, 155.471008
325.876984, 235.868500, 163.216156, 156.954712
325.809265, 235.447495, 163.223740, 156.300262
326.428253, 235.039719, 163.915466, 156.226669
326.353302, 234.789154, 164.783630, 157.616089
325.838531, 233.453232, 165.525497, 158.105209
325.691254, 233.206787, 165.537506, 158.087402
325.932404, 232.683899, 165.537537, 157.652176
325.769684, 232.679535, 165.689316, 157.526825
325.346802, 233.158890, 165.380707, 157.893753
325.942444, 233.195724, 164.770874, 157.752563
325.076691, 233.270493, 165.239410, 156.668503
325.249512, 233.139114, 165.404083, 158.068939
325.300537, 233.624542, 165.918655, 158.014282
325.813782, 233.424438, 165.479919, 157.826904
325.320648, 233.269333, 164.986130, 159.141983
325.666687, 234.474167, 163.215714, 158.681168
326.347748, 233.883133, 164.057358, 159.951859
326.934662, 234.448502, 166.029175, 160.020676
327.043365, 234.420074, 164.830124, 158.731644
328.470367, 234.086655, 163.579636, 159.468872
328.407410, 234.574432, 161.418167, 157.348694
329.581146, 235.111084, 161.054367, 155.759552
328.850128, 234.800476, 162.018326, 156.181931
327.707703, 233.395752, 162.860535, 157.384323
327.970428, 233.156677, 162.422867, 158.728668
327.603394, 233.532898, 162.301163, 157.685654
327.672516, 233.425980, 161.733887, 157.806046
327.162048, 233.680176, 162.331009, 157.276047
327.293030, 233.437546, 161.594620, 157.900589
326.834351, 234.053802, 162.029617, 157.123138
327.351257, 234.232056, 162.623413, 158.373138
327.503387, 234.224579, 162.198593, 157.678528
328.887787, 235.200684, 161.209579, 156.321762
328.537201, 234.950272, 161.879242, 157.609436
329.260254, 235.725540, 160.659821, 156.530930
329.140961, 236.332993, 160.989120, 156.716599
328.086151, 235.990646, 163.598953, 157.092850
328.887756, 236.436203, 161.806000, 156.800278
328.556152, 237.060181, 161.378159, 156.435867
327.925598, 236.785294, 162.317078, 156.624588
329.292328, 237.466095, 160.457001, 155.657120
328.719147, 237.163147, 161.240036, 157.030853
328.573029, 237.440979, 160.643143, 156.148026
327.961121, 237.037109, 159.915421, 154.985138
328.143127, 236.780914, 160.774170, 156.563263
328.143494, 236.818512, 160.606262, 156.835236
328.244324, 236.758469, 161.002762, 155.956528
328.676636, 236.888214, 161.025467, 156.802841
328.851898, 236.581635, 160.236130, 157.066635
328.797333, 237.071930, 160.496063, 156.477020
328.504059, 236.912170, 160.595581, 156.487335
328.868378, 236.349197, 160.227585, 157.615646
328.473236, 236.053299, 161.765366, 157.587357
329.055511, 235.403107, 159.835464, 156.805069
329.155151, 234.657501, 161.126663, 157.782730
328.398315, 234.167297, 161.867493, 156.867218
328.746307, 234.165848, 161.639313, 157.259720
329.039856, 234.468750, 160.822083, 157.824448
328.580750, 234.617355, 161.914780, 156.790863
328.963074, 235.819916, 161.363907, 157.066635
328.552795, 235.888397, 161.402481, 158.185043
328.442413, 235.915771, 161.756439, 157.139053
328.544617, 235.868835, 161.216568, 158.089539
328.270050, 235.655579, 161.318954, 157.653122
328.357483, 235.385880, 161.420746, 156.769043
328.263062, 234.954193, 161.251038, 157.488907
327.784424, 234.219833, 161.660858, 157.620071
327.173035, 233.422653, 161.998642, 158.379379
327.969452, 234.195084, 161.300598, 157.211349
327.424896, 233.439728, 162.215698, 157.423813
327.485840, 233.132156, 161.914215, 158.045319
327.576569, 233.720139, 161.817566, 157.032150
327.543243, 233.344116, 161.935730, 157.841370
327.706207, 233.844345, 161.868851, 157.206894
326.573486, 234.027832, 161.046646, 156.292023
325.156921, 234.333084, 160.746078, 155.184097
325.545685, 235.117416, 160.947815, 155.833221
326.434631, 235.261826, 162.253479, 156.002609
327.451508, 235.141708, 161.447495, 157.070221
327.881561, 235.473465, 160.738892, 157.246597
327.182373, 235.175720, 161.983521, 157.433105
327.051575, 235.029114, 161.279007, 156.857986
326.122589, 235.523743, 161.628571, 154.857803
326.115723, 235.155121, 161.827545, 156.656128
325.923004, 235.690384, 161.954544, 155.398819
326.627533, 235.825928, 161.209488, 155.671448
327.801117, 236.527496, 160.317184, 156.627106
328.064819, 237.313965, 160.915970, 157.401291
327.768677, 238.029053, 162.253983, 156.329056
328.399261, 238.928055, 161.041351, 158.306412
338.771118, 242.683289, 164.196777, 162.207245
328.807892, 256.699951, 170.843262, 161.819214
332.546509, 254.966034, 167.640823, 161.799866
337.180481, 255.843048, 161.282074, 160.151978
338.792511, 258.357117, 163.364975, 158.584641
337.868744, 258.573181, 162.262299, 157.797668
337.197327, 260.564301, 162.244812, 158.061020
338.824982, 260.261475, 165.353592, 159.906326
341.243500, 262.703491, 159.140350, 157.181107
344.322388, 270.229980, 161.349289, 156.708908
347.151093, 271.141479, 160.638580, 155.934158
349.227692, 270.428253, 161.445892, 152.924271
351.116364, 272.781525, 162.608826, 153.237274
337.907318, 257.856323, 167.277679, 156.533691
343.639252, 254.269165, 166.115677, 163.646927
350.764191, 273.533325, 162.234009, 154.259323
343.795319, 264.270538, 167.416824, 163.306778
298.852020, 289.947021, 30.232264, 28.255953
350.268372, 273.772949, 162.218781, 154.793793
350.491180, 274.979034, 161.500076, 152.557251
350.442444, 275.174377, 160.177567, 151.466980
350.814789, 274.863495, 161.600815, 152.565933
340.663727, 264.334106, 167.603485, 163.079376
344.147522, 265.257629, 166.766953, 160.428970
297.698761, 290.074280, 29.050228, 27.861401
297.634491, 290.041046, 29.056623, 27.873417
349.617035, 269.112030, 165.799164, 161.063400
350.668060, 268.791290, 166.408218, 161.837936
349.399109, 251.820526, 166.235809, 161.042053
350.982391, 252.913605, 163.294632, 158.375015
351.830536, 253.039444, 163.136642, 158.810333
353.116333, 254.188110, 160.023132, 157.185577
355.449921, 254.983719, 159.713165, 158.089859
357.967987, 266.594177, 158.387299, 156.015289
357.278015, 266.440552, 159.450470, 156.629486
358.549347, 264.774200, 159.500397, 157.176971
357.817841, 252.367432, 157.143478, 157.198669
298.905945, 290.165131, 29.941048, 29.166756
347.038727, 249.382706, 170.394119, 167.252914
299.103302, 289.531921, 30.501114, 28.603479
299.310425, 289.654785, 30.220230, 28.203014
345.466705, 257.613678, 159.215988, 158.569473
337.931702, 255.186462, 169.213974, 162.727600
340.786804, 254.117828, 163.824539, 159.882797
337.983368, 249.431793, 164.735184, 161.054794
338.127930, 245.819122, 160.690430, 163.221146
337.364624, 243.959244, 161.853348, 161.383408
342.023987, 240.447815, 162.835434, 161.996994
342.274048, 239.878296, 163.245041, 161.746246
341.916595, 238.330200, 163.276917, 163.047989
338.868378, 237.042114, 165.341232, 161.045883
339.191559, 235.671722, 163.199585, 158.997528
337.588196, 235.267288, 162.373032, 158.938416
337.248749, 234.933136, 161.501328, 158.034454
335.674713, 234.022400, 159.207199, 157.655563
336.015137, 233.244812, 159.345276, 154.612106
339.773865, 235.305496, 155.102295, 153.153702
336.219513, 230.223999, 157.045166, 155.837341
334.981903, 233.035141, 157.634811, 156.947800
330.303284, 231.205994, 162.215103, 160.567429
333.055145, 231.509766, 160.310791, 155.433273
327.882843, 228.761749, 160.896591, 156.904205
326.500244, 228.684998, 158.960876, 155.138733
326.989685, 222.528030, 155.522354, 155.881729
326.922333, 221.864456, 157.427292, 156.478546
325.421906, 219.121857, 157.805298, 156.555405
321.470276, 216.747299, 165.667145, 160.871704
326.926300, 218.001953, 160.799591, 153.179932
321.891418, 218.441284, 166.631073, 163.451508
330.436462, 219.493576, 160.213348, 161.547867
323.994446, 217.511002, 167.188217, 165.925919
325.460571, 219.312927, 169.693100, 167.184921
322.932709, 225.863068, 168.087509, 165.345779
317.527100, 225.344971, 169.802582, 170.218033
312.048737, 226.900391, 169.108551, 170.196091
309.735077, 235.912643, 170.250015, 171.691116
306.434265, 236.103455, 170.783173, 171.297424
298.809906, 237.584396, 172.448639, 172.337753
293.572418, 238.817932, 172.525787, 175.621796
284.251282, 237.344635, 180.161957, 180.574921
279.994995, 241.402649, 177.764221, 179.122330
271.366852, 242.359116, 180.446655, 181.041031
262.130005, 244.023132, 181.833740, 179.196991
258.616852, 244.815720, 180.311325, 178.644836
258.515106, 245.638428, 175.085999, 177.265289
252.370377, 250.262802, 181.022018, 175.969635
250.204453, 244.683685, 179.307800, 178.960312
250.368103, 244.475693, 179.817352, 179.391281
250.430450, 243.889481, 180.422760, 183.977921
251.584930, 245.898102, 177.053757, 180.318283
252.954941, 245.573074, 177.138779, 182.131180
255.658463, 244.864319, 176.693802, 179.486877
257.841949, 245.748856, 176.893585, 177.064575
263.090118, 249.007599, 177.330887, 174.191620
268.163910, 242.694366, 176.264084, 177.973282
275.795837, 242.188309, 183.263077, 186.457291
284.355804, 246.078674, 178.772034, 179.503479
278.251251, 242.034576, 191.131287, 193.274353
288.394928, 245.191101, 183.281174, 179.903564
300.012238, 244.789215, 173.636520, 173.613617
304.219971, 244.813705, 174.154938, 174.410767
310.974121, 242.937408, 175.227631, 175.348328
315.237305, 239.616074, 172.797714, 177.568146
312.166351, 236.849426, 181.746552, 182.721359
316.823547, 235.805740, 179.483627, 180.730804
320.600128, 234.402191, 183.347610, 182.613770
326.503510, 234.113998, 181.247437, 182.429291
330.365173, 239.844360, 182.877136, 178.905304
331.223694, 242.206482, 180.393829, 178.574158
331.580963, 243.296188, 178.865036, 177.118591
330.119904, 243.833679, 179.056198, 178.161423
333.873505, 241.361420, 165.101868, 171.554840
333.347900, 237.641006, 171.223557, 177.198669
331.789734, 237.282333, 169.725555, 176.823868
330.835999, 241.635971, 172.095917, 175.684692
330.548065, 240.701904, 171.448502, 177.074310
331.614105, 241.768555, 171.035049, 175.267929
331.002533, 241.786774, 170.248093, 176.166199
325.659882, 243.249084, 170.307068, 176.450806
323.295319, 241.693527, 174.390656, 180.226196
323.203278, 240.493423, 175.779099, 180.697403
330.412018, 246.064545, 171.688965, 169.750488
325.656036, 239.196930, 168.908447, 172.863312
327.323395, 244.785934, 171.710541, 168.499527
327.408966, 244.758408, 177.010056, 171.797699
328.844177, 244.682159, 173.561447, 169.756439
330.969971, 244.737366, 171.809311, 165.669159
330.251587, 243.289612, 169.544022, 167.850922
330.353790, 242.679611, 170.389832, 168.465820
329.968292, 241.640305, 170.898987, 169.194778
328.382050, 241.863098, 171.683105, 170.648392
327.841522, 241.429459, 171.481232, 171.283813
328.409393, 243.787750, 170.562683, 169.306488
326.240662, 243.094574, 171.719513, 172.126923
325.926849, 241.470779, 170.715820, 175.613770
326.889648, 243.816406, 169.197586, 171.436844
315.854706, 238.849518, 187.204651, 188.067322
322.069702, 243.394455, 169.284378, 177.066177
323.057220, 243.826187, 172.092041, 175.612640
318.047943, 239.100677, 177.698212, 179.139694
312.800049, 224.512268, 186.469864, 189.376312
310.785950, 226.941544, 180.800919, 175.191315
310.683990, 224.870987, 179.139053, 176.726059
316.343536, 217.198410, 175.239700, 178.803391
307.700592, 212.985657, 175.851990, 176.946716
305.689606, 205.307480, 172.897675, 175.013123
301.814026, 202.627548, 173.902039, 175.374725
294.068970, 198.043442, 171.243500, 176.188828
306.480927, 193.309967, 162.181992, 165.778351
307.479858, 188.700577, 161.427994, 166.193573
307.844635, 182.690323, 158.983810, 166.941376
298.862366, 177.593719, 162.383865, 168.479919
299.613495, 173.523621, 157.067017, 164.281677
304.545135, 170.570786, 148.425415, 152.706268
288.681641, 168.324615, 163.774490, 162.133850
289.742981, 163.702438, 170.193878, 160.496658
284.885773, 160.316437, 160.817703, 150.514252
282.244019, 159.909348, 151.931137, 143.639771
290.428650, 162.129044, 138.294266, 138.908264
286.431061, 158.828613, 140.600250, 138.923477
279.577057, 161.874802, 145.940125, 137.601501
283.719849, 160.677872, 124.987343, 123.741043
273.683319, 160.783234, 137.698929, 133.107864
272.680054, 161.158569, 137.807129, 132.775208
262.158234, 169.323898, 126.706253, 127.573189
270.245697, 162.776917, 133.745926, 129.864365
268.196411, 163.313583, 131.895386, 128.067093
271.620850, 162.398773, 132.047287, 128.381241
275.609741, 162.879898, 122.587799, 121.185143
270.010223, 159.723038, 142.829453, 135.739059
476.358612, 292.120972, 38.840916, 30.708725
275.919220, 158.565643, 120.109749, 115.461159
273.790222, 160.852493, 143.079468, 127.439209
272.956512, 160.258942, 128.315475, 126.270386
274.640656, 159.728333, 127.533592, 127.034508
269.364197, 162.369232, 145.579666, 136.182205
273.989594, 163.225494, 144.665115, 134.987228
275.299530, 163.085632, 145.674011, 135.727127
275.526947, 163.190796, 148.236328, 138.274689
271.574982, 159.856781, 155.086319, 143.507782
267.321106, 159.505371, 156.502853, 142.866989
267.322723, 158.133240, 157.667725, 142.939560
268.505890, 160.268188, 146.232788, 139.651566
268.297089, 158.080765, 159.846436, 144.940414
269.241577, 158.293869, 158.166550, 145.721802
267.772888, 160.402267, 149.698807, 144.353287
269.682922, 159.945313, 149.830338, 144.745865
273.102936, 160.973862, 147.508789, 143.041779
271.279449, 158.948105, 150.971832, 147.203033
273.020386, 158.598572, 151.746490, 147.452133
275.531708, 159.397537, 149.687439, 146.633148
268.734589, 162.237839, 160.949081, 150.976166
279.040710, 160.117401, 147.557556, 145.365021
279.214996, 160.271973, 147.865448, 145.202560
277.917786, 159.407974, 149.168732, 147.004105
278.214203, 158.947586, 149.595734, 147.513947
279.665558, 159.773895, 148.367355, 148.036514
276.866486, 158.649185, 151.128784, 148.525513
279.884827, 159.490829, 147.709656, 146.033310
278.570740, 158.852600, 148.266953, 145.606461
278.765656, 159.317337, 148.338684, 145.295776
278.122955, 158.925552, 148.577866, 145.782074
274.045624, 154.975494, 155.328415, 150.094070
276.443665, 153.707382, 152.795578, 149.545746
274.990906, 154.072937, 153.640182, 150.246262
277.044769, 158.391327, 150.952744, 146.748459
275.359863, 156.680725, 151.297699, 145.226151
270.378143, 153.953613, 155.021255, 147.466202
269.156677, 154.481018, 155.798828, 147.614731
270.668823, 153.960388, 155.112488, 147.271912
269.542603, 154.297012, 160.976364, 151.880264
271.876190, 153.908173, 154.509735, 147.044876
273.301697, 154.529068, 152.338730, 145.172501
275.976349, 155.676193, 151.886337, 145.144531
274.282196, 155.202850, 152.636520, 144.855865
278.822906, 158.367477, 150.345032, 144.933273
281.606506, 158.560089, 147.460022, 142.699799
280.586029, 157.876205, 151.303329, 145.876709
283.187317, 158.716980, 146.239838, 141.695724
275.439697, 157.290924, 152.774124, 145.343246
270.992188, 155.265869, 161.992340, 150.945633
270.937866, 153.957291, 165.798477, 153.580048
277.437500, 156.437820, 158.317322, 149.750046
292.489685, 160.361664, 139.478485, 139.240250
292.784698, 162.292358, 138.118988, 139.106659
295.199738, 163.139343, 138.735886, 138.599319
292.632477, 162.388779, 136.167358, 135.621109
302.078735, 164.118378, 131.446365, 136.902557
301.565308, 172.867966, 135.742508, 135.891129
299.131805, 169.762085, 151.018768, 146.980118
309.113281, 180.299042, 138.707718, 135.036026
306.585907, 183.771393, 138.386581, 134.018280
307.540833, 187.485077, 133.741287, 128.263977
301.535156, 189.708618, 139.254089, 134.023560
300.521820, 187.364822, 135.612640, 133.068314
299.490295, 188.002350, 133.503342, 132.108444
291.832275, 185.452087, 140.231033, 134.649399
289.454224, 185.820816, 139.916306, 134.988480
288.388763, 187.181595, 135.150085, 131.980484
286.950745, 187.471207, 132.960449, 131.162628
280.662079, 188.585571, 133.731400, 132.865295
274.739471, 187.518784, 136.583359, 131.879333
275.308990, 188.694656, 131.104492, 129.809052
274.910400, 188.422668, 130.753204, 128.729492
272.385864, 187.849884, 131.614151, 129.612396
268.871185, 190.027954, 132.145020, 129.780243
267.899841, 189.667999, 131.333206, 129.257843
266.144073, 189.393799, 134.043884, 128.787247
269.371002, 190.240997, 129.895554, 128.359955
270.187439, 192.315552, 128.050476, 126.496712
270.042236, 191.236679, 132.445709, 129.258392
271.317566, 193.592438, 130.075027, 127.991508
272.470245, 193.723038, 134.360168, 130.261551
274.034515, 193.561615, 135.341751, 130.746399
277.006866, 195.961044, 131.238754, 128.614777
280.370789, 198.783859, 132.930740, 125.938683
280.964935, 195.762787, 134.340988, 129.791931
283.291534, 199.500259, 128.993546, 123.928223
285.205780, 197.662262, 132.300705, 126.203918
286.556183, 197.833755, 132.106171, 126.327866
288.045258, 196.788315, 132.260101, 128.125534
287.260071, 195.604034, 133.139450, 129.097900
284.578430, 195.558243, 132.861526, 128.519135
285.098969, 195.601044, 132.160828, 128.107254
285.869141, 196.682526, 131.082062, 128.120209
285.294464, 195.564667, 132.470383, 126.561943
285.008942, 196.822006, 131.907516, 128.116272
283.758667, 198.879883, 132.895935, 126.215897
284.290680, 198.375397, 131.792709, 125.029297
284.920258, 197.850616, 127.228455, 125.128517
285.683197, 201.989578, 130.203537, 125.420845
281.160278, 200.966827, 127.527641, 125.301720
276.384827, 194.987335, 135.915482, 130.680023
275.786652, 198.054245, 135.099014, 128.632828
277.209076, 201.195709, 128.382950, 126.164368
273.316254, 197.533951, 134.716034, 128.773834
273.107117, 197.910294, 133.683823, 129.194412
272.110748, 202.064621, 133.625259, 128.308884
269.917236, 201.242844, 131.026077, 127.542091
269.642700, 202.737244, 128.945099, 125.227699
267.523651, 200.993088, 132.437027, 127.296547
268.417084, 201.208801, 131.794800, 127.471153
272.222046, 202.724396, 129.548950, 127.443771
271.916351, 202.937561, 131.033615, 126.204140
272.136841, 202.442429, 131.690552, 126.543106
275.778320, 204.478210, 127.980499, 124.386635
274.037659, 200.188583, 135.563400, 129.166183
274.919403, 201.710358, 134.393936, 127.563499
276.222168, 202.269363, 134.059692, 127.436699
277.972198, 202.610718, 132.899261, 127.213783
278.989563, 202.516693, 134.230591, 127.879662
280.631744, 204.240601, 132.447510, 126.947296
282.761353, 205.621078, 130.482330, 125.478714
282.763367, 206.209976, 129.416733, 125.770905
282.103973, 202.645935, 132.492188, 129.064682
284.017944, 206.873550, 129.700958, 125.663277
284.506897, 205.251251, 129.853180, 126.823608
281.745483, 199.444748, 137.031204, 132.435165
281.804749, 199.592697, 138.277954, 132.612732
284.560883, 204.577728, 130.212265, 127.753845
284.221039, 204.461426, 130.666946, 129.047028
284.538879, 201.498535, 131.414795, 126.766251
285.217804, 200.888596, 130.815140, 128.323959
282.688507, 201.235901, 134.390945, 129.811615
282.796967, 201.505936, 134.496902, 130.166351
283.641571, 202.591431, 133.304337, 129.147568
284.092682, 202.567383, 133.849655, 129.631714
283.864594, 202.357697, 133.198898, 129.337036
283.765839, 202.285904, 133.112137, 128.819778
283.370758, 201.376511, 132.779587, 130.082260
282.406830, 198.397003, 132.123154, 131.557831
283.536346, 201.046509, 132.642731, 129.956787
284.201782, 200.668137, 132.807587, 130.332764
284.305298, 201.260162, 132.962494, 130.241180
284.977570, 201.882889, 132.132950, 128.935501
285.694763, 201.800095, 132.747391, 129.385208
285.774872, 201.761566, 132.721313, 129.982849
285.917358, 201.991119, 132.346695, 129.471649
286.605743, 202.563873, 132.771835, 129.653717
286.107574, 201.854401, 133.251541, 129.687759
286.740784, 201.359070, 133.660645, 129.937012
287.123932, 201.153946, 133.784103, 129.800552
287.053406, 199.768936, 133.132050, 131.831909
287.091766, 199.290955, 133.793137, 132.032196
287.382996, 199.668121, 132.135727, 129.796402
287.405365, 198.663864, 133.087158, 129.694778
287.632721, 199.239380, 132.754257, 129.925476
287.566162, 199.109344, 132.871170, 130.207886
287.665283, 199.284073, 132.640854, 129.922028
287.707916, 199.092438, 132.647964, 130.164902
288.124512, 199.676697, 132.236694, 129.850693
287.466187, 198.485901, 132.822754, 130.592255
287.613220, 198.325653, 132.703323, 130.725128
287.933502, 198.680023, 132.366074, 130.833679
287.607452, 199.116699, 132.328110, 129.923691
288.062378, 198.745483, 132.046188, 130.675507
287.739044, 199.321106, 132.695190, 129.618652
287.835907, 199.205719, 132.320862, 129.915894
287.649139, 198.273407, 133.035400, 129.885162
287.748932, 198.726440, 132.568573, 129.996597
287.599915, 199.394501, 131.884613, 129.093658
288.159576, 198.672577, 132.067795, 129.751877
287.310638, 198.247742, 131.955582, 129.946365
288.137299, 198.732162, 132.049881, 129.373474
288.166412, 198.750290, 132.002243, 129.497910
287.457764, 198.401962, 132.372910, 130.448761
287.850708, 198.238739, 132.684036, 129.528091
286.967072, 197.986298, 131.761871, 130.936127
287.177338, 198.421936, 132.653641, 129.788986
287.498444, 198.109222, 131.716415, 130.056046
287.266510, 198.283447, 132.294525, 130.268890
287.390564, 197.618225, 131.854172, 131.426620
287.031097, 197.298340, 132.022812, 131.705704
286.668091, 197.229279, 132.360596, 132.046722
287.432220, 198.324402, 133.099731, 131.332748
287.431549, 198.206039, 133.061508, 131.560989
287.890747, 198.375473, 132.817993, 131.473587
287.512054, 198.162903, 133.349457, 131.924667
287.049774, 197.647141, 133.321228, 132.360168
286.973083, 197.747589, 133.519440, 132.685715
286.889801, 198.257263, 133.096954, 131.453247
288.062775, 198.386124, 132.064362, 131.004303
288.929047, 198.423309, 131.100998, 131.582748
289.571747, 198.879181, 130.934906, 131.020020
289.752075, 199.098114, 130.761993, 130.945358
289.845856, 199.338364, 130.733444, 129.768555
290.343109, 198.215927, 131.953323, 130.620926
290.841980, 198.463577, 131.072495, 130.402328
290.303101, 198.234192, 132.253143, 130.908752
289.958893, 198.029251, 133.324524, 131.635773
290.122253, 198.189423, 134.357086, 132.486435
290.549042, 197.926544, 133.870392, 132.364502
290.171204, 197.797470, 135.694122, 134.182571
290.926666, 197.891586, 134.550140, 133.125916
290.907257, 197.699066, 135.131943, 133.997772
291.433777, 197.995422, 134.733231, 133.494919
291.963104, 198.594330, 132.862625, 132.115601
291.970551, 199.344742, 133.716873, 133.192123
289.151306, 208.656937, 145.233185, 134.161209
293.056061, 200.539734, 133.401520, 131.983841
292.578217, 197.407303, 130.478333, 131.488937
293.501923, 198.516541, 133.482773, 133.544617
294.181671, 199.761856, 130.549057, 131.282013
294.522705, 200.533478, 131.161072, 130.204010
294.206055, 200.465042, 129.899582, 127.556061
293.830597, 201.993759, 131.402740, 129.508423
293.813873, 201.805634, 129.783844, 129.237305
293.067902, 200.758621, 131.190811, 130.528778
293.327759, 200.866852, 130.306702, 129.294296
294.294189, 201.004257, 129.466858, 129.107117
293.987610, 200.077530, 131.785370, 129.808929
292.823517, 205.214844, 132.834808, 126.401062
292.216827, 205.270844, 134.976944, 128.719284
292.331512, 204.934174, 135.998917, 129.395920
292.128632, 199.795837, 130.029343, 130.171555
293.025391, 200.625320, 131.506073, 131.070557
292.475098, 199.118637, 131.482788, 131.740631
292.287933, 199.801529, 132.471924, 131.844513
291.873230, 199.511108, 133.910995, 132.205032
292.329498, 198.954956, 133.432816, 133.526108
291.932465, 199.834015, 133.800827, 133.092041
292.093384, 199.410172, 133.099472, 132.860291
293.015991, 200.111923, 132.275970, 130.647369
292.942047, 199.253342, 132.951630, 131.280121
293.266418, 199.418365, 133.698502, 131.533783
293.426788, 200.065613, 133.025940, 131.964478
294.646790, 202.859573, 130.874359, 131.194046
293.577179, 205.523071, 128.136002, 130.121979
294.216522, 209.607971, 129.769409, 129.664047
293.970520, 217.111755, 129.473480, 124.881569
290.745789, 221.331726, 133.337265, 127.144997
291.527252, 227.528030, 132.977524, 126.673843
291.122894, 230.115173, 132.790009, 129.305328
291.830566, 232.592224, 131.217300, 127.838089
289.043823, 232.466690, 136.142563, 133.233032
289.595337, 233.721664, 135.219177, 130.795502
288.824463, 233.060059, 135.069061, 129.731934
287.077545, 235.001740, 136.546844, 131.730423
286.177643, 236.521637, 137.826981, 133.263382
289.450745, 250.445084, 126.511223, 119.779350
292.622070, 251.693314, 125.474289, 122.477791
291.129944, 253.197998, 125.368469, 120.613617
291.616608, 254.506943, 124.280373, 120.185905
285.692932, 250.504013, 126.450516, 119.960091
294.431244, 258.261414, 123.374214, 114.896721
295.163727, 260.521179, 121.849106, 114.156990
295.883240, 262.342590, 119.653992, 114.158119
299.081146, 269.106689, 116.673088, 106.385857
245.118301, 355.035370, 33.141201, 33.230118
301.105957, 255.430359, 122.575005, 118.044601
244.948029, 355.154053, 33.748676, 34.052834
303.966461, 259.006134, 120.966919, 115.031555
429.004181, 464.723602, 21.881308, 21.373226
251.524277, 353.729095, 30.721243, 31.492010
306.083130, 272.108551, 114.662514, 104.424110
308.377594, 261.724487, 118.312111, 112.164398
574.978455, 437.685760, 18.524632, 16.896225
306.979950, 259.691040, 124.228493, 117.024879
653.541565, 296.386444, 30.956398, 28.730621
307.228333, 260.509094, 125.950180, 116.587051
306.316406, 259.933563, 128.070251, 117.765823
308.709320, 260.565552, 127.606461, 118.603996
309.557556, 261.619202, 125.936943, 117.675003
309.595764, 263.370300, 127.011841, 119.829498
309.747009, 262.767670, 127.623604, 120.715462
309.288330, 261.601410, 128.381882, 121.974174
310.299469, 261.511169, 128.074066, 121.468147
309.686676, 260.842834, 128.992203, 123.375504
308.640839, 262.325867, 126.694061, 119.276718
309.074249, 262.229401, 126.914963, 119.741119
306.552399, 260.986328, 129.775116, 122.277214
309.516968, 262.107788, 129.477631, 120.944473
309.647186, 262.563507, 129.623901, 120.788864
308.174530, 263.123291, 131.017426, 121.060799
307.090668, 263.447754, 131.361588, 123.025291
308.228760, 262.823669, 128.708099, 119.582153
307.084747, 261.847015, 130.171646, 122.331360
306.783325, 262.127869, 129.830978, 121.927895
307.226807, 260.936890, 129.032303, 122.381027
308.767212, 260.112640, 129.118027, 121.237366
307.746887, 257.869324, 129.834778, 122.787086
306.325500, 258.110168, 131.305237, 124.121460
306.761993, 257.825195, 131.112427, 124.286545
311.031097, 256.624390, 129.952545, 124.836563
310.943756, 252.900101, 131.378387, 124.175865
311.645660, 252.687698, 129.665741, 122.594986
311.547607, 251.749878, 130.388229, 123.679665
437.245392, 460.799713, 20.397881, 19.852097
167.985489, 427.512115, 41.204025, 39.869797
318.213684, 249.664246, 124.055977, 116.683525
319.142029, 243.587326, 127.860977, 120.362564
314.977051, 231.405533, 133.517517, 131.368042
439.313538, 461.495178, 20.436945, 19.075649
317.349274, 223.693710, 133.639755, 128.699982
316.104675, 219.369003, 133.016373, 127.359352
315.111877, 216.768738, 129.733154, 125.038048
312.850494, 212.097549, 132.970932, 128.672928
310.452637, 208.327789, 130.992035, 129.225510
311.172638, 206.395752, 130.595627, 129.064331
305.467377, 203.296417, 133.368668, 131.405884
305.179169, 203.114609, 131.225937, 131.878738
302.660278, 200.996948, 132.182663, 131.406860
301.569336, 198.768127, 132.177628, 133.159958
300.500488, 198.280792, 130.720245, 131.174896
297.106201, 197.356476, 133.250748, 132.014572
297.251495, 196.336029, 133.071152, 131.947693
297.288422, 195.633804, 133.038513, 132.559784
296.418823, 195.920303, 132.939850, 132.585983
296.338654, 195.675629, 132.277740, 132.112274
295.912292, 195.031860, 132.827942, 132.711975
295.815826, 195.764252, 131.536087, 130.961700
295.165009, 194.931412, 132.467453, 132.319107
296.020264, 194.399734, 131.782028, 131.762238
296.061981, 195.526672, 133.041626, 131.760345
298.425293, 194.346939, 130.256485, 131.950623
301.419128, 194.120331, 127.362503, 130.425339
301.816620, 193.732559, 127.989609, 130.795410
299.994415, 192.700943, 134.481934, 132.604340
300.563995, 193.896606, 132.915710, 129.702606
301.275665, 193.536118, 133.705978, 129.650085
301.477142, 193.683990, 133.968460, 129.885513
301.225525, 193.587112, 134.022491, 129.163513
300.874878, 193.486847, 133.745895, 129.392761
300.045959, 193.431000, 134.181992, 130.079224
298.699310, 191.586716, 133.098679, 132.109543
297.528351, 191.522812, 131.592041, 131.443512
294.904724, 193.925720, 131.776611, 131.311539
291.576813, 194.207581, 132.156509, 131.775085
287.784363, 195.036041, 134.418869, 131.916672
282.089264, 195.344833, 137.301132, 134.626205
278.635742, 197.049301, 135.708450, 134.727402
273.539001, 196.347092, 137.124146, 135.189316
268.621094, 198.993484, 136.962540, 136.481689
263.562347, 198.768570, 138.453644, 137.906830
262.963928, 202.680176, 135.365509, 134.950211
257.554932, 201.675034, 137.743530, 134.609589
255.153336, 202.709854, 138.448883, 134.407928
254.040207, 201.539764, 142.779709, 135.535553
252.578674, 203.362549, 142.907104, 135.296860
249.952515, 204.684143, 143.308884, 135.877975
249.747894, 206.013626, 140.253586, 134.600708
249.501450, 206.774155, 138.986801, 133.163864
248.360474, 206.867065, 140.265121, 133.802231
248.133224, 206.604431, 140.231232, 134.478577
247.666748, 206.607193, 140.537521, 135.112061
248.745590, 207.908646, 140.551880, 134.860580
248.912323, 208.744293, 142.203186, 137.463242
249.494629, 208.028839, 143.162827, 137.581009
249.766556, 208.377274, 143.628433, 137.877625
252.858582, 210.234283, 141.775711, 136.932617
254.444717, 211.120544, 137.820313, 133.443817
254.458725, 209.722321, 139.611649, 133.524475
255.900345, 210.339981, 137.881668, 132.934219
257.396149, 211.996094, 138.305649, 132.312622
256.322571, 212.945953, 141.782196, 134.474915
256.793030, 211.181046, 139.711823, 133.858276
257.025665, 211.422989, 140.173218, 133.153702
255.029144, 213.629120, 141.197830, 134.774384
254.072540, 213.248444, 142.657364, 135.678955
254.085449, 212.849380, 141.470840, 135.616135
253.667969, 209.748901, 145.874420, 139.393661
252.441727, 211.541489, 142.633362, 136.659622
253.560608, 208.412933, 139.237656, 134.011826
253.331726, 208.903580, 140.957291, 136.533508
254.334045, 210.496475, 138.270706, 134.540588
253.951401, 206.556488, 139.342514, 134.606430
254.612061, 207.143051, 137.817276, 134.018845
254.307709, 206.479889, 138.808441, 134.443176
255.892242, 206.911926, 137.085236, 133.570618
255.003571, 206.076630, 137.598862, 134.078400
255.897980, 206.110474, 137.236069, 132.852966
256.265045, 206.299759, 136.895905, 133.171707
256.120148, 205.591110, 137.472595, 132.887589
255.635452, 206.196320, 136.935822, 132.626266
256.333649, 205.651581, 136.886108, 133.283127
256.158508, 205.840607, 137.873611, 134.348175
255.483612, 207.079926, 139.206573, 133.463562
255.391876, 206.706421, 139.240402, 135.005310
255.548691, 206.184784, 139.191711, 134.413895
253.600067, 205.866180, 141.370499, 137.401917
253.232208, 206.072174, 139.056488, 136.008972
252.717163, 205.230301, 138.759628, 135.008301
254.081253, 206.528900, 138.365463, 134.510788
255.355087, 205.648865, 139.435043, 134.475250
259.640625, 206.375031, 136.728836, 128.562424
260.607941, 208.258423, 135.705368, 130.339493
259.061005, 204.819458, 138.502319, 132.876328
257.608582, 199.918900, 135.550964, 126.384895
258.767151, 201.701431, 135.801849, 128.320450
259.318481, 199.987946, 142.202225, 134.404449
262.391754, 200.624084, 137.902817, 131.438324
264.413757, 200.534027, 142.552536, 133.686966
263.295105, 202.638718, 136.860489, 129.891449
263.829254, 203.299103, 138.541290, 130.602890
263.663116, 203.404175, 137.769806, 129.667099
266.288513, 202.954666, 139.452515, 131.053467
267.594116, 202.541321, 141.769897, 132.275803
269.199890, 202.389557, 142.040771, 130.728882
269.137634, 201.145264, 138.648468, 129.185104
272.265839, 201.635025, 134.541718, 131.181030
274.264740, 201.421768, 135.228409, 129.335587
273.961029, 200.689743, 129.631714, 127.412743
274.555603, 200.701782, 130.117905, 128.007401
275.402161, 200.562592, 129.619141, 127.736557
275.335907, 200.310303, 130.985657, 129.273758
275.410461, 200.333130, 132.049271, 128.401733
275.044128, 199.949753, 132.482864, 128.048553
275.293365, 199.575439, 132.918076, 129.832901
275.067047, 199.249237, 133.475143, 129.216599
275.906097, 199.766266, 131.642258, 127.505379
275.571533, 199.777679, 132.600266, 127.988449
275.642700, 200.085083, 132.186890, 127.770134
274.867340, 199.765320, 133.099030, 128.607407
273.512512, 199.616028, 134.822205, 129.121689
272.107391, 199.421936, 135.620300, 130.615036
271.479126, 201.507507, 132.290314, 129.868469
270.424530, 201.842316, 129.759171, 127.696640
270.657959, 202.645920, 132.798996, 129.852814
269.175079, 201.721069, 136.334961, 132.546570
262.252075, 202.381073, 140.060089, 136.113419
261.391785, 203.258667, 139.268921, 133.417511
259.591125, 203.616379, 135.995850, 130.316391
259.227936, 208.598541, 137.483002, 128.328461
254.302567, 205.466553, 141.607346, 135.616501
254.083832, 207.845688, 140.087021, 133.889572
248.054001, 210.800827, 139.000275, 129.655533
249.669037, 212.742142, 137.549133, 132.595734
246.076019, 221.161713, 140.058212, 127.057358
240.906021, 215.966187, 142.424149, 134.554611
238.294876, 216.027512, 144.714996, 138.359497
233.665222, 214.683746, 147.456848, 144.394043
232.567261, 217.358444, 145.305893, 143.817902
230.163010, 219.034256, 140.953018, 139.771469
227.869858, 221.152771, 141.279999, 139.310822
224.543945, 222.154694, 143.373016, 141.050095
223.146637, 222.794403, 142.707520, 139.652008
220.825760, 222.898987, 144.212845, 140.333282
220.451706, 222.697876, 145.198624, 141.996185
221.692825, 223.518555, 146.878128, 143.616028
223.594147, 224.933228, 142.844162, 142.123291
223.005966, 225.132339, 145.926559, 142.567871
225.365402, 224.299866, 145.402878, 144.189926
225.441681, 224.251480, 146.326187, 144.948425
226.442596, 226.534332, 145.897217, 143.031815
224.233246, 222.920776, 147.093094, 142.141708
224.516571, 223.402237, 147.033188, 141.486176
226.031418, 222.708862, 145.402557, 139.072281
228.767532, 223.258865, 144.433945, 139.359680
228.743530, 223.203247, 145.528442, 137.965958
228.372528, 222.535004, 147.419876, 133.129349
230.279327, 221.978683, 146.654709, 135.752747
233.178864, 227.616150, 142.753174, 128.276962
230.748932, 221.195221, 147.392929, 135.325027
232.502335, 221.336395, 145.431900, 133.553650
232.873734, 221.835449, 144.844070, 132.400208
232.873474, 222.180130, 146.308197, 134.830856
234.341797, 224.285278, 145.661819, 132.262741
234.141861, 222.933105, 145.812592, 134.426193
233.443039, 222.536209, 145.925781, 133.697205
232.723206, 221.540802, 147.355469, 136.624893
233.133408, 221.458725, 146.602600, 136.075043
232.205444, 220.585571, 147.970871, 136.966949
232.383118, 221.273193, 146.957520, 135.635437
233.691223, 221.082062, 145.435791, 134.124252
232.927200, 220.535492, 145.791870, 135.702072
232.783340, 218.912231, 145.530258, 135.974014
233.416382, 218.602570, 144.730591, 134.809723
233.746140, 217.063095, 146.178802, 136.543411
234.840317, 218.314041, 146.120712, 136.462555
234.772141, 217.308929, 147.233322, 137.671692
236.572983, 218.378983, 144.660706, 134.250931
235.987350, 217.356827, 146.469391, 135.822693
235.940262, 216.639374, 146.666641, 138.332886
235.739853, 216.913162, 145.492111, 137.557144
237.246475, 216.618958, 145.381927, 136.823364
237.037521, 216.477280, 144.349121, 135.635712
237.448807, 214.607941, 143.888474, 135.093262
238.206467, 214.682327, 143.600388, 135.317307
238.306976, 213.170731, 144.508194, 135.492386
238.895721, 214.185593, 148.665344, 133.645889
239.030975, 212.226654, 144.402130, 135.033279
239.211929, 211.913712, 144.221664, 135.195816
239.035751, 212.604782, 145.066742, 135.701645
238.673859, 213.960266, 143.568130, 134.854645
238.344727, 215.949661, 142.334137, 132.013458
239.528351, 217.157135, 139.187286, 128.797272
238.345612, 214.758865, 143.744858, 136.274200
240.243729, 218.964462, 140.543884, 130.200485
238.526047, 218.187576, 142.062393, 130.363403
239.680389, 219.376450, 140.077103, 128.421829
239.981857, 219.325729, 140.394638, 128.288925
239.835556, 219.909134, 140.188507, 128.281708
237.986328, 219.183212, 142.270660, 130.638123
236.836273, 218.497604, 142.446640, 132.620209
236.573334, 219.248154, 142.655304, 131.601379
236.485886, 219.307663, 142.992279, 131.887177
236.345169, 218.005356, 143.767120, 132.605988
234.247269, 217.480011, 144.606308, 132.774857
236.493561, 220.668167, 142.448517, 128.825897
235.307556, 215.468521, 143.373581, 139.841705
232.563904, 215.742065, 146.683121, 139.546143
228.206802, 216.819336, 149.776398, 140.615234
230.209137, 218.815216, 149.272781, 141.468445
228.927185, 218.755402, 151.898254, 143.947617
226.843887, 220.577072, 150.804504, 140.727707
226.880997, 223.529190, 141.326218, 134.362213
222.259827, 220.457947, 149.848282, 136.652405
219.694107, 219.957092, 147.564819, 137.068451
223.227448, 221.570541, 143.523773, 138.204727
221.494736, 219.521515, 140.086594, 135.722763
220.824738, 221.979507, 137.203629, 132.017517
220.640732, 222.917984, 135.373978, 129.275085
219.276077, 225.219452, 134.955063, 126.780922
219.149734, 224.378632, 135.612305, 129.143204
219.028458, 224.538940, 138.253906, 129.620056
219.317215, 223.649933, 140.306625, 132.698059
219.167740, 222.358002, 141.112152, 133.732071
219.562332, 222.153732, 142.307404, 134.635895
220.357254, 222.536438, 143.899384, 135.583878
221.262009, 221.487762, 143.837646, 137.615265
222.134995, 221.596008, 144.484924, 138.781723
224.108734, 221.705627, 142.866150, 141.720123
220.440811, 218.860260, 150.170532, 139.138397
221.552979, 218.459991, 149.046936, 139.037125
223.117142, 218.216766, 145.450912, 136.128860
221.679153, 216.832520, 147.412079, 135.853531
223.073456, 216.286560, 150.414474, 139.474625
227.995148, 215.692932, 145.718674, 137.572723
228.149857, 216.708694, 146.806717, 137.381592
230.231216, 216.087402, 149.834885, 140.805710
231.050110, 215.621780, 146.621124, 139.789474
233.393402, 215.911072, 145.083923, 140.106369
234.367523, 217.214020, 141.488007, 137.290268
235.262451, 215.944305, 145.092529, 139.629272
233.207001, 217.500763, 150.136826, 137.872192
235.013550, 216.208191, 149.141327, 138.603836
236.612061, 217.897339, 146.899734, 135.333939
235.146957, 214.268921, 147.859512, 142.283554
237.112259, 215.821594, 143.115372, 138.000259
237.227264, 212.839203, 145.756042, 142.420532
235.964722, 215.287277, 140.750183, 136.077866
235.150330, 215.726410, 143.218582, 138.691666
235.076645, 215.272278, 144.984848, 137.741837
235.281708, 216.164719, 143.018326, 136.293549
237.384201, 216.832764, 140.160675, 135.591934
236.282776, 214.076447, 147.151855, 140.580185
236.797302, 214.882629, 147.202316, 143.018265
235.571228, 217.855988, 146.373962, 135.789886
235.948364, 217.921509, 146.240677, 136.839844
235.248367, 217.828629, 147.359299, 137.210724
234.404770, 218.225098, 146.839340, 135.547806
234.146210, 218.136017, 146.899979, 135.529297
235.153244, 218.170654, 145.628387, 136.161087
234.726242, 218.113983, 146.850647, 136.839951
235.359055, 218.566879, 147.525238, 135.752457
236.358017, 218.373520, 146.685867, 136.323257
236.240524, 218.364014, 146.725983, 135.144577
236.510178, 219.337860, 145.857178, 133.809647
236.918320, 218.829163, 146.234161, 135.096283
236.806808, 219.220261, 146.240662, 135.657639
237.072311, 216.659653, 146.726303, 142.113968
237.962372, 216.226990, 145.944366, 141.661026
238.002289, 216.290100, 146.118073, 141.703918
237.774490, 215.109680, 145.037537, 139.811920
237.545166, 215.150436, 146.326126, 141.088089
238.655151, 215.075348, 146.974487, 141.195786
238.146988, 214.905151, 146.444031, 140.864990
238.122253, 214.392471, 145.076385, 139.196655
238.109299, 214.460190, 144.928696, 139.321121
238.343979, 214.088501, 143.855820, 138.778641
238.423355, 213.925461, 143.797729, 139.021759
238.095871, 213.890503, 145.965271, 141.776123
238.404602, 213.410706, 146.431793, 143.187973
238.824448, 213.823059, 146.075317, 142.112396
239.080399, 214.222488, 145.259186, 142.169098
238.414902, 214.413666, 145.127151, 140.668808
239.143860, 215.804977, 143.983612, 139.356857
238.984024, 215.635254, 143.002350, 138.854919
237.050079, 214.969009, 145.533905, 137.186890
238.691345, 215.847580, 145.043396, 139.598892
238.467010, 215.766037, 146.506836, 141.240128
238.338623, 215.536377, 146.389740, 141.184250
237.054260, 214.454437, 146.055908, 140.760544
236.605072, 214.381409, 146.563141, 139.290497
236.653259, 213.690247, 146.054062, 141.230103
238.664902, 214.695068, 143.465591, 140.140594
238.652573, 214.526443, 143.557114, 139.905945
238.689072, 214.589127, 144.916428, 141.285675
238.056763, 214.731094, 146.094833, 141.824219
238.472107, 215.089294, 146.005066, 141.917801
238.634659, 215.123322, 145.795364, 141.914688
238.572693, 215.300842, 145.620453, 142.277527
237.971252, 217.068420, 139.756210, 136.475891
237.130157, 214.865845, 143.802277, 138.020554
236.843185, 216.562164, 143.251053, 134.712906
237.404297, 214.508667, 143.872498, 137.768661
237.494919, 214.730621, 143.579117, 137.758621
237.477188, 214.766861, 143.734558, 137.528915
237.701202, 214.908035, 144.084534, 137.787445
239.099716, 214.981781, 144.493149, 140.513504
238.866821, 215.104218, 144.012817, 140.152100
238.396637, 214.303177, 145.430725, 141.300644
237.633698, 214.779175, 146.144531, 140.648590
238.606522, 214.383820, 145.182083, 141.612244
238.267593, 215.074768, 145.364258, 140.877716
239.205536, 214.622116, 144.831009, 141.953674
240.858292, 216.228195, 140.644424, 138.008942
246.523041, 218.927811, 135.025635, 136.096832
245.782944, 217.074539, 139.291855, 141.305710
249.235077, 219.169266, 141.312897, 143.424683
249.585724, 216.275421, 148.438904, 148.303055
251.604202, 217.788528, 155.480515, 146.545944
257.186432, 214.506393, 155.213715, 152.888138
259.493927, 215.713242, 158.375412, 155.455002
259.718567, 222.297913, 157.373581, 158.436295
260.039520, 224.014160, 157.783005, 157.549255
264.603760, 226.059128, 163.296921, 164.409302
262.579163, 227.281738, 166.093353, 164.916229
258.706329, 231.798676, 172.159592, 172.367111
255.560730, 228.251205, 172.906723, 176.016190
252.091156, 236.382568, 181.837494, 178.193008
252.889099, 243.917938, 178.792038, 179.137543
463.288696, 294.561554, 28.575506, 25.831541
240.196594, 259.969879, 196.924835, 190.036209
240.135361, 271.396698, 184.171295, 184.944153
226.114868, 268.212433, 205.884903, 203.072891
217.658630, 283.775696, 214.308029, 210.489044
219.217606, 284.827606, 209.274811, 206.165298
212.038437, 290.010742, 213.747803, 212.110153
190.875473, 306.155823, 236.411499, 222.514236
181.375793, 309.951721, 243.325012, 224.826492
173.401474, 313.421753, 248.440659, 226.560486
176.437149, 314.539490, 246.543152, 228.471420
180.863785, 399.423492, 40.897438, 35.625008
438.970673, 293.665375, 28.809071, 27.204311
178.425613, 412.842987, 29.558409, 25.672539
175.127075, 413.253021, 36.726906, 31.245272
438.741364, 293.593323, 29.938274, 26.678598
174.704483, 413.877930, 35.466473, 28.492281
172.844162, 408.660370, 40.404663, 35.027340
438.422974, 293.665649, 29.586792, 26.564892
174.400558, 412.078461, 37.145931, 32.046062
175.751770, 409.687042, 35.687405, 30.199593
176.848969, 404.918030, 38.525036, 33.123627
438.825073, 293.580475, 30.655636, 29.646441
179.703979, 400.164795, 38.577393, 32.445038
442.517090, 294.883972, 24.292538, 20.751690
168.655746, 309.486023, 254.454727, 233.675262
177.935516, 309.217346, 247.705353, 229.734070
174.088379, 308.576538, 252.373199, 229.599014
199.278336, 296.812531, 228.199478, 224.619446
205.809067, 294.932709, 220.429062, 211.525757
217.850204, 285.882935, 211.006363, 212.095459
212.757675, 283.570435, 214.848877, 209.183807
220.819138, 279.802917, 212.231079, 210.219574
217.097961, 272.780029, 221.749878, 217.328903
233.389236, 267.145721, 192.011032, 195.000427
238.790207, 262.304749, 191.921341, 196.703613
240.623398, 247.993912, 194.133835, 207.453079
233.609680, 249.058701, 210.325760, 209.172073
244.939011, 236.450500, 192.873352, 200.919785
244.531799, 239.664902, 190.334503, 188.793167
249.850021, 229.496445, 185.748016, 189.532028
255.743027, 225.035904, 181.457245, 189.339310
254.839859, 227.095428, 180.317841, 184.008942
256.309052, 216.681183, 177.750641, 187.671341
257.317871, 213.555267, 170.197632, 174.281326
258.762787, 211.107132, 169.788437, 174.176773
259.727875, 206.722427, 171.713943, 177.288040
262.209473, 203.985352, 167.895233, 174.299637
263.942352, 200.918274, 166.825012, 173.289001
270.389587, 196.695648, 157.363251, 166.100388
270.359161, 193.534546, 155.782288, 160.158463
272.068054, 191.670914, 152.709045, 157.606934
267.807312, 189.636429, 157.260895, 158.918640
272.279205, 187.696289, 151.992538, 155.540848
275.023804, 187.726242, 148.744110, 150.466949
276.674744, 184.940430, 152.635773, 154.006561
278.512695, 183.537201, 151.904358, 153.595673
280.721497, 182.779831, 148.382797, 149.553314
280.453735, 188.611023, 145.435181, 145.928696
280.414429, 181.592026, 148.999435, 150.991821
284.726685, 183.122665, 143.884125, 146.365814
285.288055, 183.042160, 142.956604, 145.650421
286.755524, 183.429367, 140.053070, 143.127289
286.466888, 183.579803, 139.559250, 141.713882
285.790131, 181.832291, 140.553345, 141.235229
286.563995, 181.319656, 140.335251, 142.370422
285.852844, 182.153381, 141.125534, 141.969513
286.316406, 182.291412, 140.057571, 140.763733
287.732147, 181.935059, 139.342728, 140.844864
287.236694, 181.497864, 140.739487, 141.429474
284.060577, 174.540466, 142.133362, 144.301453
285.749084, 175.009689, 140.786652, 141.712738
286.374084, 175.377975, 141.475067, 142.301941
287.299713, 173.734863, 141.138550, 142.631760
288.476257, 174.189331, 140.058807, 139.441376
289.507172, 173.284256, 140.855423, 140.624298
289.786041, 173.371490, 140.297882, 138.651642
290.374359, 172.530472, 141.392960, 141.622986
290.943878, 173.039291, 142.116180, 140.751083
291.328796, 172.977875, 141.314453, 139.944702
291.458740, 172.937820, 141.538422, 140.356796
291.370514, 173.512054, 141.434738, 139.987457
291.626923, 173.569916, 140.222839, 138.612335
291.578156, 173.562744, 140.350525, 139.784271
292.211243, 174.504440, 141.071472, 141.267288
291.735046, 173.762527, 140.507446, 140.965881
292.018555, 173.965729, 138.273224, 139.013565
292.319275, 175.895523, 139.130936, 140.409164
291.542877, 176.004272, 139.529480, 140.067978
292.095459, 177.359528, 137.186081, 138.871521
292.713531, 178.435394, 136.789459, 138.085892
290.190613, 181.091721, 139.102173, 141.740936
291.546265, 183.546204, 138.541702, 139.577667
290.728516, 183.868301, 139.128922, 141.030029
289.267822, 190.179138, 140.189011, 142.220459
288.743408, 185.460556, 138.994141, 141.094208
289.453186, 187.530792, 137.306458, 141.942429
287.882782, 190.215195, 144.274796, 145.272980
292.441010, 191.753571, 140.257813, 142.641541
291.806793, 191.546997, 141.283432, 145.577332
290.381622, 192.262634, 142.484024, 147.803284
284.830048, 194.536301, 144.390854, 149.142838
286.431671, 194.571732, 144.800903, 149.644623
284.823151, 196.384552, 143.034256, 147.879745
281.382751, 195.992737, 144.657623, 148.449280
279.456726, 196.395813, 148.110504, 152.932739
273.613556, 198.667877, 152.751801, 159.475769
270.881287, 202.617950, 151.884705, 159.821457
256.353973, 206.053116, 166.967682, 173.812912
254.492828, 208.567703, 166.581421, 168.445038
251.649368, 212.026321, 167.503555, 171.496170
247.434647, 213.063232, 172.166656, 176.370712
590.178284, 399.840485, 41.052322, 36.861198
239.056183, 221.465225, 182.006073, 187.300339
234.722275, 223.279358, 185.211182, 191.901260
232.165710, 226.078217, 190.921753, 198.637619
238.326843, 229.023712, 179.727570, 184.348557
228.231277, 235.236618, 192.471024, 198.944107
227.341080, 238.079910, 192.422928, 197.086365
228.503830, 243.323318, 188.494888, 193.673340
222.579391, 245.434998, 194.214600, 199.615280
224.508118, 247.903198, 191.838913, 199.882416
222.691910, 252.117218, 190.724777, 193.775421
219.368805, 257.429047, 199.487442, 195.299637
216.015747, 260.968079, 202.969055, 211.843048
216.981293, 260.242004, 203.600937, 206.744415
215.819839, 264.800995, 204.865402, 206.417068
212.208206, 264.080658, 204.243683, 201.223953
212.088867, 267.221832, 204.980515, 201.508591
213.164551, 268.467560, 194.492584, 200.977509
208.035004, 264.800323, 209.828400, 213.878250
204.654160, 265.729553, 212.112000, 214.440369
207.903275, 273.855072, 197.559296, 200.378586
546.140137, 12.129103, 77.273361, 67.503288
543.635986, 11.799065, 79.094635, 67.993248
543.269897, 11.795895, 81.838882, 68.816818
540.880310, 11.084780, 81.387062, 68.476471
543.535217, 10.429582, 80.378204, 67.273689
543.095520, 8.200888, 84.943535, 71.259491
542.592529, 5.404404, 82.825066, 73.769089
546.118591, 5.365330, 83.127113, 73.085655
551.008057, 5.832346, 82.079887, 72.836174
554.398010, 6.058968, 82.047813, 76.733673
561.634033, 6.404024, 82.706299, 77.646629
563.942749, 0.128096, 89.563995, 84.007988
572.819885, 6.000875, 81.863838, 77.289825
577.006653, 0.909988, 86.288536, 83.582748
199.236282, 273.753906, 214.516632, 202.394516
203.028137, 270.452423, 210.362854, 203.022293
204.743835, 272.685913, 207.698303, 201.112045
214.528503, 266.587708, 203.265167, 202.238647
222.380325, 259.371887, 197.909058, 199.874176
222.214279, 255.006958, 204.946228, 206.332108
226.295303, 251.994781, 206.974014, 209.499725
234.730362, 241.105011, 193.953568, 203.309479
239.335953, 243.839584, 186.397415, 188.335770
245.385712, 238.664749, 183.530426, 187.383484
243.578720, 228.363464, 177.718475, 179.983841
257.224945, 229.410675, 173.988739, 178.240494
260.784485, 224.493347, 176.825577, 183.147308
265.651184, 214.384338, 169.848602, 174.099655
261.751129, 209.543365, 170.053497, 175.237091
259.284546, 208.308395, 171.375885, 172.845566
264.336700, 211.468536, 171.873886, 174.554794
264.975952, 214.118942, 165.511856, 165.205078
274.017456, 211.675873, 161.632202, 164.285416
278.935944, 210.553711, 157.986221, 160.703751
288.438965, 205.681244, 148.402573, 160.470001
291.639618, 204.584946, 144.390228, 150.185165
293.187408, 200.348358, 142.567154, 144.163803
291.134918, 199.175919, 149.919434, 149.714417
292.468292, 198.328491, 146.184143, 144.622467
295.647278, 198.434937, 140.022797, 139.671860
296.165985, 198.104645, 139.475830, 137.955719
296.453186, 198.342865, 138.984787, 137.778519
294.806610, 198.139954, 139.973206, 139.576645
293.309784, 199.157379, 139.909637, 138.525635
292.014801, 198.342056, 139.118805, 136.823715
290.713593, 198.006989, 139.541260, 137.892242
289.197876, 199.069336, 138.829071, 137.376465
288.827759, 199.361816, 137.981506, 136.626053
289.128235, 198.979599, 136.806427, 136.912674
287.901245, 199.607040, 138.858627, 136.282944
289.238098, 199.783386, 136.734070, 135.615494
289.008331, 199.713226, 136.590851, 135.157776
288.361969, 198.864853, 137.589294, 136.654236
287.762085, 197.982254, 137.025009, 135.647751
288.284668, 198.351044, 137.117462, 135.475525
288.673218, 198.334351, 136.592331, 135.428192
289.869202, 198.092239, 135.987030, 134.377029
290.560272, 198.554749, 135.211075, 134.410645
291.337982, 198.865601, 134.956024, 133.177612
291.289429, 198.636688, 135.151718, 133.893387
290.947235, 198.994385, 136.090302, 133.334106
291.078705, 199.378784, 135.301804, 134.122025
289.746002, 198.538727, 136.267822, 134.226074
289.947388, 198.677811, 135.612747, 133.924271
288.876282, 199.259659, 136.653366, 132.518692
287.757813, 198.782410, 136.251343, 132.799576
287.477448, 199.393372, 135.522202, 132.128815
286.293152, 198.871094, 136.011536, 132.938431
285.415192, 197.850525, 135.298401, 131.986374
283.650391, 197.076904, 135.252350, 132.980499
284.056885, 196.399918, 135.713394, 133.098511
284.475891, 196.254181, 134.398254, 130.518402
284.602753, 195.722046, 134.225784, 130.485443
284.918854, 195.615799, 134.520142, 132.047562
285.906128, 195.946182, 132.804153, 130.197281
284.050720, 194.828033, 133.973251, 131.003357
286.922668, 195.739105, 130.157471, 128.605820
288.221130, 197.937637, 130.245621, 127.832054
290.648621, 199.880188, 128.989578, 127.929573
293.153839, 199.855515, 128.905685, 128.296585
294.828094, 202.255585, 129.552109, 128.759918
298.558014, 203.290314, 126.162163, 125.578758
299.501740, 203.176636, 126.071404, 126.871391
301.619263, 204.919846, 124.223038, 124.751373
302.154968, 205.610916, 125.561928, 125.178024
302.086884, 205.272400, 128.984161, 125.990181
303.640350, 205.568741, 125.875107, 124.622330
304.099091, 207.688446, 126.461037, 124.890625
303.813477, 207.662628, 125.454536, 123.108978
303.678802, 208.151367, 126.217705, 124.728012
304.299438, 208.602661, 124.148476, 123.978210
303.884125, 209.191040, 126.715042, 125.264656
304.128326, 209.165756, 126.669395, 124.427307
305.589905, 210.290894, 125.385544, 122.360268
303.718384, 209.554199, 126.473320, 123.670532
303.112030, 211.640625, 130.869888, 126.167656
304.125092, 211.849121, 129.385925, 125.269829
304.060181, 212.692825, 130.143295, 125.374390
304.954102, 211.282074, 126.975357, 124.592499
305.285187, 212.720047, 130.116684, 125.732414
306.485779, 215.742188, 129.026886, 124.144478
303.226593, 212.061951, 132.237442, 130.105682
303.641327, 212.489670, 131.251419, 129.898315
306.307220, 213.323105, 130.086151, 129.528824
307.529419, 216.936798, 126.879936, 124.637810
307.617096, 217.784851, 126.924858, 124.301506
307.723114, 218.071136, 126.491341, 124.482399
307.515900, 217.413071, 127.244492, 125.771591
307.090210, 217.903671, 127.108490, 125.494926
305.439270, 218.894638, 128.467957, 125.772346
306.149567, 218.940308, 128.002838, 125.871727
303.169373, 220.570557, 141.282898, 135.999771
303.175079, 220.637512, 141.341873, 135.773682
302.878632, 220.233841, 140.288559, 134.779495
305.286743, 217.721146, 128.114258, 125.791046
306.463715, 216.416122, 127.628769, 125.976768
304.018524, 214.302704, 134.747498, 129.810760
300.832733, 210.791000, 129.551544, 126.568359
296.925781, 213.282318, 132.205627, 129.452362
299.260071, 207.335907, 124.164101, 127.243591
295.773712, 207.811661, 131.899139, 128.775681
292.390198, 203.864182, 130.852127, 131.499451
291.104675, 203.137100, 131.944031, 131.317642
290.964813, 203.051971, 133.002945, 132.642548
289.252319, 202.798615, 134.506561, 133.768753
287.894409, 200.088989, 135.427536, 135.344467
288.671814, 200.681351, 136.053497, 135.970093
289.036957, 202.543121, 134.568283, 133.517548
288.476685, 202.446655, 133.765900, 132.114136
288.757874, 201.261108, 133.803314, 133.030884
288.349121, 201.686737, 134.535202, 131.998154
289.135284, 200.966370, 134.478058, 132.783630
289.625336, 198.681290, 135.775589, 133.985367
290.496094, 200.039703, 133.649399, 131.698334
291.462280, 199.725708, 131.652374, 131.752686
290.673065, 198.629593, 134.179657, 132.311890
291.514801, 198.622345, 134.266953, 132.577682
290.889404, 198.371490, 134.195602, 132.012680
291.221344, 198.215332, 133.280136, 131.299072
291.070587, 198.742767, 132.514526, 131.233521
291.923706, 199.062469, 131.442047, 131.221909
291.853241, 198.318176, 131.409195, 130.676224
291.581421, 198.351807, 131.155975, 131.329483
291.307007, 197.812225, 132.540390, 132.181641
291.165497, 197.818909, 131.795074, 130.236542
290.663361, 196.653992, 132.938934, 131.057953
291.108887, 197.968765, 130.997482, 130.531952
290.694458, 196.830811, 132.580826, 130.621613
291.157806, 196.972504, 132.519867, 131.393158
290.995697, 196.827179, 132.468750, 131.950119
290.827850, 196.349396, 132.810898, 131.268478
290.590881, 195.836609, 133.279678, 131.303192
