320.854187, 251.227005, 140.290482, 138.173386
320.108124, 251.759094, 142.005142, 137.255142
319.916260, 251.957291, 141.653122, 137.271957
319.966309, 252.097931, 141.725357, 137.598221
320.601959, 252.152908, 140.483963, 137.249252
320.692352, 252.197845, 140.665115, 137.771500
321.175720, 252.218872, 139.602692, 137.226685
321.195801, 251.987167, 139.509827, 137.009964
320.914307, 252.121841, 139.988083, 137.119553
320.343170, 250.867310, 142.273331, 138.452835
301.240326, 238.465546, 161.899506, 158.922745
315.045868, 242.027954, 147.298264, 144.169540
317.859680, 243.984909, 144.752350, 138.787445
315.854279, 236.653824, 149.702209, 143.289169
314.046661, 228.833893, 153.514267, 148.911728
313.958801, 227.633865, 151.452133, 147.462387
319.851837, 217.282196, 158.100739, 156.194839
314.057220, 224.786316, 149.150116, 147.127151
312.838074, 222.776352, 151.936142, 148.856094
313.933563, 225.323532, 149.033310, 145.445084
313.557709, 224.343506, 150.649078, 146.875519
315.346436, 226.466171, 148.166779, 143.527115
313.966278, 225.785431, 148.805023, 143.955673
314.099762, 226.169479, 148.107773, 142.465958
313.968170, 226.215454, 148.126572, 142.494202
316.174225, 227.618591, 144.403168, 141.761932
315.552094, 229.284927, 144.368576, 140.465576
315.887482, 228.026672, 146.632462, 143.283981
315.986023, 227.761429, 146.130524, 142.772614
315.948730, 228.974915, 146.836761, 142.667068
316.559937, 230.126648, 145.270645, 142.693390
316.383972, 231.063019, 144.423050, 141.154221
314.317780, 230.396088, 151.355637, 142.216354
317.168793, 235.851730, 142.534653, 137.423111
316.773041, 235.709961, 142.663559, 138.081726
317.059296, 233.442047, 143.217010, 140.570847
316.118805, 233.980667, 142.793198, 139.364761
314.245026, 236.131683, 142.869934, 138.320084
310.924225, 229.939301, 142.904678, 142.137756
310.009155, 233.293198, 144.069763, 140.657974
308.639709, 233.576782, 143.679794, 140.601944
307.158813, 233.336395, 143.649139, 139.495193
306.747223, 232.483704, 143.720215, 139.402328
306.873566, 231.240433, 143.474045, 140.660294
306.881317, 230.420456, 144.146637, 140.619202
307.377106, 232.121109, 142.537415, 138.959473
310.029388, 231.953781, 141.780426, 140.019058
311.681946, 234.543304, 140.083847, 135.867371
311.447479, 233.006256, 139.988953, 136.892929
309.964233, 232.271957, 141.622055, 136.679367
311.657471, 235.036636, 139.047989, 134.854568
314.474152, 236.883286, 141.316284, 136.569580
317.779205, 232.127365, 139.694870, 139.019836
319.213898, 239.321487, 137.723648, 132.832397
320.166534, 236.911652, 140.508514, 137.474976
321.203979, 231.920044, 139.557739, 138.903580
323.890106, 233.214264, 137.915909, 137.883453
324.525574, 230.965820, 140.226776, 139.622925
323.562469, 234.185806, 140.352921, 138.129791
324.465393, 235.288116, 138.109695, 135.840714
323.970215, 236.241119, 139.783813, 134.247131
323.509521, 236.317200, 140.630646, 136.475494
324.074127, 237.115631, 138.578339, 134.048264
323.876892, 235.233856, 139.080811, 137.255310
322.633240, 233.414017, 139.276764, 138.125839
324.354462, 235.677155, 136.660568, 133.683075
322.007599, 234.005386, 139.445999, 138.090561
322.038361, 234.407410, 140.332687, 139.861877
322.340454, 234.816620, 140.339813, 139.675430
323.598450, 237.806076, 139.330063, 136.880280
323.310730, 239.625946, 140.225739, 135.800232
322.781525, 239.546738, 139.810867, 135.550293
323.923035, 240.456619, 137.592224, 133.507126
323.583740, 239.815735, 138.781754, 135.050339
322.881927, 239.500259, 138.966293, 134.953094
322.945129, 239.160553, 138.918350, 135.707428
323.125122, 239.490921, 139.066223, 134.814880
322.433685, 237.609604, 140.121185, 137.707062
322.451447, 239.723740, 138.748703, 134.043060
322.004150, 238.060883, 139.294632, 135.499054
321.955750, 238.494843, 139.087936, 133.417740
321.210052, 234.580124, 140.103973, 136.660202
318.940094, 233.350281, 141.746094, 138.443451
315.753510, 226.345825, 148.551620, 143.064026
319.917450, 228.053925, 142.571198, 140.045471
319.763458, 227.600449, 143.201981, 140.372696
319.857819, 227.351837, 143.661804, 141.509125
320.877930, 229.532730, 141.636765, 138.581299
320.720978, 229.304016, 141.989014, 139.991821
319.810730, 227.836288, 143.491241, 142.084290
320.258423, 228.786819, 142.491837, 140.768448
319.623260, 228.022736, 144.125595, 142.494659
320.699707, 229.469162, 143.819412, 141.386368
321.721863, 230.115280, 143.971252, 142.030991
322.700439, 230.881638, 143.573059, 141.496399
322.436432, 231.198105, 142.662796, 140.747406
322.823273, 232.094437, 142.404373, 140.272446
322.048065, 233.035019, 141.526352, 138.479324
322.161377, 232.785995, 141.909271, 139.114609
322.725311, 233.323853, 141.724091, 138.146683
321.417175, 231.917725, 143.847458, 141.102325
321.700836, 232.220688, 142.783463, 140.025955
321.984955, 233.993317, 140.529709, 137.236847
322.431671, 234.070007, 140.799255, 137.225052
322.451538, 235.516647, 140.671448, 136.444809
323.156219, 237.509125, 139.706757, 134.822144
322.162964, 235.045319, 140.219696, 141.117142
321.794495, 233.597534, 141.065872, 140.060135
321.745148, 237.754959, 140.286316, 138.070633
321.916199, 239.387360, 138.911865, 135.696701
321.686829, 239.413345, 138.388153, 135.099106
321.796967, 240.067383, 137.731079, 135.568039
321.993683, 239.702896, 137.651199, 134.505005
319.841278, 234.274033, 137.894775, 136.095367
321.520264, 241.092377, 135.681412, 132.986298
321.603119, 241.209534, 135.723572, 132.808853
320.699493, 240.761337, 136.706970, 133.707169
320.194031, 238.957489, 136.508438, 134.795166
318.583191, 234.350586, 138.686493, 138.924973
319.519012, 238.056931, 138.074341, 135.729782
319.647217, 237.384644, 136.867386, 134.080002
318.641510, 239.141830, 137.996124, 136.135834
317.572296, 233.756699, 140.202621, 139.175552
317.707489, 234.001633, 139.355621, 137.742340
321.871460, 237.094467, 136.204651, 131.297409
316.177368, 238.352570, 138.419144, 136.744354
314.170715, 235.602585, 138.721176, 136.879303
315.277710, 236.195129, 139.343140, 137.881851
314.843811, 235.008652, 139.688141, 136.954483
314.711731, 234.246292, 139.617447, 136.971466
314.508972, 234.229767, 139.847916, 135.723831
314.477417, 235.942017, 138.204041, 133.554749
313.387512, 235.784241, 138.575027, 134.088699
313.162628, 236.000870, 139.142334, 134.202911
312.540619, 234.263641, 141.709763, 138.327576
312.547882, 232.747879, 140.588593, 137.628708
312.346832, 235.405273, 139.764877, 138.164444
310.218414, 234.607574, 142.242142, 139.963455
310.454346, 234.524719, 144.181519, 143.130234
312.034882, 236.899384, 142.132095, 140.238831
310.804474, 234.298325, 144.918915, 143.646439
310.350037, 235.379761, 143.404510, 141.633163
311.151703, 234.537460, 143.492508, 142.526062
311.520386, 234.241913, 145.431946, 145.205948
312.474457, 235.415558, 142.071838, 141.935562
311.335968, 235.177582, 142.527267, 142.319275
312.688324, 236.410919, 140.780045, 139.897781
308.701141, 234.519287, 143.457565, 140.271606
310.771851, 238.299316, 136.778992, 134.638870
312.964539, 239.055328, 139.620850, 136.071503
312.467010, 239.794128, 138.749146, 134.014465
310.838135, 241.948273, 137.801300, 134.409424
309.920471, 243.004578, 138.299652, 134.719284
309.670898, 241.698196, 137.933868, 134.407135
309.927521, 241.579834, 138.003906, 134.657700
309.925049, 240.061188, 139.113602, 136.653870
309.169647, 240.204742, 139.598511, 135.941269
308.324860, 239.023361, 140.263443, 137.037170
309.608307, 239.952667, 139.484756, 137.751892
308.698853, 239.391632, 140.018326, 137.073761
309.828491, 240.190720, 139.431854, 137.030930
309.387299, 240.206558, 139.526581, 136.394684
309.088928, 239.247223, 140.656143, 136.956436
307.871582, 238.674438, 141.377716, 137.599899
308.170532, 238.609299, 140.073517, 136.831650
309.413483, 239.357330, 140.387756, 136.866074
309.563171, 239.637344, 138.498474, 135.257202
310.815460, 243.176819, 135.501160, 132.232666
310.627502, 242.480438, 136.095688, 132.700241
311.092194, 242.925812, 135.738876, 132.833237
310.642395, 243.240784, 137.092453, 133.791473
310.207642, 241.760712, 138.264252, 135.792084
310.175201, 242.241196, 137.295776, 134.060349
309.712402, 239.431198, 139.397614, 137.088867
309.041565, 239.986649, 138.798141, 136.226013
308.233307, 238.594177, 140.777206, 137.600449
307.588593, 239.299561, 141.971588, 137.299240
308.080902, 239.693726, 140.126373, 136.676559
310.422424, 244.878555, 137.514465, 134.136932
310.404816, 244.986099, 136.997879, 133.381180
309.836426, 243.799835, 136.872208, 133.378174
309.751587, 242.704239, 137.396179, 134.959824
309.503937, 243.724899, 139.162369, 133.109436
309.546356, 242.255615, 138.855698, 135.043091
309.172852, 243.407196, 138.531555, 133.944077
309.965363, 246.331497, 136.639084, 129.745560
310.561859, 246.529877, 135.742722, 129.499695
310.854950, 248.535400, 135.729462, 127.935211
311.140808, 248.242355, 135.631485, 128.143036
310.693542, 247.762787, 139.194504, 131.510254
310.812408, 247.102417, 137.554977, 131.762039
309.422180, 246.033325, 139.657074, 133.204437
309.642090, 246.275665, 140.776825, 133.818558
309.646851, 246.448074, 140.605347, 133.283936
310.186584, 244.169205, 141.071259, 136.388550
310.080536, 243.971558, 142.009705, 137.439011
310.526550, 243.966415, 141.934067, 137.603729
311.149445, 246.427460, 140.775879, 133.533264
311.094025, 246.086456, 141.158493, 134.702545
310.549042, 244.525528, 141.496994, 137.821671
310.553528, 245.316223, 141.422607, 136.034286
311.169434, 245.248795, 140.760406, 136.459229
311.231171, 245.044479, 140.453445, 136.325577
309.794373, 246.057159, 139.885254, 133.636963
309.518921, 245.602203, 140.267349, 133.496338
309.967621, 243.504868, 141.122604, 135.365219
310.121826, 244.379669, 139.583923, 132.968140
309.492462, 244.773514, 140.498337, 132.504272
310.294678, 244.957428, 139.642105, 132.339249
310.103973, 245.033447, 138.995667, 131.650589
309.906281, 243.421341, 140.620972, 133.310715
309.910248, 242.536072, 141.117096, 134.982681
310.186584, 243.815811, 139.202194, 132.190216
309.983521, 245.104645, 144.209366, 131.716019
309.347778, 246.104523, 142.519272, 129.773590
309.642853, 245.240845, 143.011475, 131.768494
312.572510, 244.508041, 139.718307, 132.713104
312.006042, 245.058990, 141.154617, 131.958420
312.219940, 244.426315, 140.375092, 131.213181
312.976746, 243.478043, 139.727951, 132.207932
311.549255, 244.496323, 140.948669, 131.895248
310.506195, 242.482605, 143.414383, 135.181747
312.396515, 244.090057, 140.518372, 132.060410
312.076324, 243.919205, 141.472733, 137.245636
314.417816, 245.887650, 140.455933, 135.619904
314.407959, 246.731750, 141.151337, 137.225998
313.902802, 248.190857, 143.798935, 136.829041
312.150208, 247.978210, 142.200363, 139.782715
313.715546, 253.893082, 140.911880, 135.407104
316.956360, 259.283875, 144.500076, 131.680847
317.674652, 251.580368, 141.704788, 139.091400
314.681274, 261.654114, 149.836441, 135.158447
316.894196, 262.604736, 147.362366, 134.313919
316.653992, 250.248749, 147.546890, 144.823120
318.159363, 255.489792, 144.477859, 140.173508
319.269501, 257.533783, 141.326691, 140.809265
313.040588, 254.249664, 149.766739, 144.049377
314.020020, 264.382385, 148.095383, 144.986435
325.734528, 278.673767, 134.073486, 118.974808
320.852020, 276.009613, 140.025162, 129.113800
319.690460, 278.166901, 142.806519, 132.684799
323.265167, 285.018494, 140.248459, 126.943192
323.016266, 283.050995, 137.631943, 125.868713
323.192749, 285.049408, 136.426971, 123.804413
322.476379, 284.832947, 136.997116, 124.681358
322.901184, 285.589722, 136.170059, 124.197105
248.873322, 345.006622, 90.640404, 80.123955
319.846344, 278.157654, 138.973358, 135.179184
248.433838, 344.962372, 91.068611, 79.948151
325.415802, 279.656006, 137.551132, 124.994766
320.539612, 265.754822, 137.496445, 135.314575
315.080139, 257.334290, 143.716995, 139.150360
321.181274, 252.781464, 140.434128, 135.697159
322.173492, 252.409958, 136.690720, 133.151474
321.631927, 253.798843, 139.370605, 132.712082
321.878052, 252.128967, 141.213745, 134.497772
321.701569, 252.176208, 138.865616, 130.935379
320.526611, 252.970612, 142.143372, 132.528381
320.821075, 252.939758, 142.932251, 132.849411
321.084259, 252.908783, 143.474518, 133.409042
321.480743, 251.110245, 139.251404, 133.172241
321.440918, 252.603577, 138.665543, 128.205124
319.058472, 256.461700, 137.986267, 129.139893
318.016205, 257.361328, 137.214462, 131.444702
316.450439, 261.290466, 138.233917, 133.345840
310.884583, 261.917358, 144.805695, 138.955353
313.092682, 269.605408, 139.800064, 132.675430
315.600555, 270.066223, 142.565201, 132.057114
304.754883, 257.380463, 153.781235, 144.711105
257.920380, 352.741425, 72.393097, 63.175995
307.826202, 256.873077, 155.798325, 145.511322
307.691223, 258.659607, 155.290390, 146.667358
318.568542, 275.240479, 138.473770, 129.988129
320.582825, 273.999603, 138.608765, 130.049500
317.550140, 270.035461, 139.029083, 132.317474
318.173706, 266.361389, 141.383133, 138.139191
320.551697, 265.154633, 136.942810, 126.646049
322.022308, 258.965363, 136.648575, 131.910416
320.890839, 254.412888, 143.491211, 135.080002
327.118195, 257.108673, 136.327835, 128.857376
325.125885, 252.226044, 140.327271, 133.642166
325.944122, 251.487732, 141.476700, 133.641663
326.154877, 251.090759, 144.032150, 137.292587
327.694122, 254.400360, 141.669464, 132.784119
328.216339, 254.665497, 140.650085, 131.152573
328.677216, 252.369904, 142.828949, 134.199905
330.975677, 249.459885, 141.822266, 133.308655
330.606201, 245.579926, 143.434891, 137.941299
332.484528, 246.526260, 141.586517, 134.209305
329.149231, 237.342087, 146.827438, 143.073868
331.785065, 236.112167, 147.889038, 147.980331
326.373657, 232.544235, 150.376892, 146.132065
328.073029, 233.134033, 150.870667, 146.870193
328.893402, 233.516510, 149.925598, 145.580017
328.961975, 233.350311, 148.732254, 144.100021
329.278870, 233.188263, 148.395996, 144.376923
329.884216, 232.238174, 148.287811, 143.792404
331.029968, 231.566971, 148.979218, 144.494247
331.692566, 231.271820, 148.136063, 141.965698
333.079651, 233.022430, 146.089920, 138.864655
332.946045, 232.657379, 144.083221, 138.669907
333.036774, 231.646820, 144.703522, 139.510895
328.503815, 223.329483, 147.779907, 146.561264
329.346008, 227.351089, 145.446976, 143.340210
329.378143, 227.243866, 144.742462, 142.143417
327.759155, 225.272079, 146.048584, 143.633087
326.551117, 224.480927, 146.554245, 143.390884
324.923157, 223.358185, 146.398087, 143.821060
325.651642, 223.658722, 144.484482, 142.568298
328.287781, 231.357437, 141.207657, 137.382874
326.389893, 232.342651, 140.876068, 137.095779
324.929871, 231.711914, 140.514526, 135.707031
326.103241, 232.757813, 139.148010, 134.634064
320.922089, 226.367645, 145.676498, 143.857178
322.003723, 226.825165, 139.787933, 138.617722
322.073120, 227.092377, 139.914642, 139.251495
321.663422, 226.701752, 140.969681, 140.040314
326.583771, 238.335236, 136.650711, 130.124817
326.814423, 238.685226, 136.300140, 130.620346
326.979218, 239.266144, 136.186478, 129.503067
327.666595, 240.190674, 136.636292, 129.296280
326.571350, 239.174088, 136.539261, 130.052307
326.781677, 239.382309, 136.797394, 129.395508
326.915588, 239.653015, 136.739304, 130.095154
327.021484, 239.494049, 136.728973, 130.697617
324.069183, 237.442322, 139.540894, 134.026276
324.596497, 238.827484, 138.617050, 132.247513
324.326172, 237.612656, 140.165756, 134.953903
324.078766, 235.293167, 140.610992, 137.705917
323.979492, 235.632935, 140.346802, 137.568924
324.312531, 235.530960, 141.603027, 138.392365
323.731842, 235.286545, 140.715485, 138.030228
323.944672, 236.697357, 138.593262, 135.881577
324.268616, 238.515060, 138.892075, 134.853531
324.323273, 239.713257, 138.837173, 133.304123
324.036041, 240.578537, 138.992981, 132.588821
324.527924, 240.079910, 138.526855, 133.752533
324.261993, 238.544785, 138.352859, 133.498077
324.201263, 238.626297, 138.382889, 133.924179
323.770050, 236.999008, 140.678726, 135.606339
323.705566, 237.001892, 140.792007, 135.900681
323.803009, 238.563965, 138.767105, 134.639664
323.596832, 236.262375, 140.473358, 137.214325
323.602478, 238.723816, 139.041367, 134.638901
323.540710, 237.282944, 139.887589, 137.360382
323.502930, 238.911743, 140.138123, 136.096710
323.744843, 239.404144, 140.166672, 136.056427
323.745636, 239.994995, 140.215210, 135.404266
323.995544, 240.928589, 140.630310, 136.997726
323.526886, 240.447250, 140.424744, 136.160263
323.053986, 239.623047, 140.555130, 135.484146
322.927124, 239.515991, 140.883591, 136.263992
322.809204, 239.270966, 141.289886, 136.719971
322.894958, 239.033676, 141.406540, 137.997772
322.892853, 238.918289, 141.475281, 138.035690
322.892426, 238.980408, 141.127991, 137.943588
322.885559, 238.670471, 141.437988, 137.613846
322.349030, 238.673172, 142.162811, 138.245316
322.065430, 238.189545, 142.810425, 138.164749
322.214172, 237.484802, 143.173004, 139.580902
323.683655, 241.089661, 140.759216, 134.592468
321.878754, 239.362793, 142.760269, 138.095917
323.665405, 238.230530, 142.841263, 137.460129
322.690674, 240.212875, 141.825317, 136.681656
321.893158, 239.521088, 142.886032, 137.886963
321.779297, 239.487549, 142.974457, 138.319702
321.874908, 239.298553, 142.986847, 138.109390
321.245667, 239.860504, 144.559174, 138.365128
321.029205, 239.134521, 143.639282, 138.031723
321.019135, 240.160736, 145.080902, 139.361252
320.746246, 240.169373, 145.038467, 138.441589
320.262848, 241.164825, 145.336700, 138.147949
316.882324, 235.783875, 147.350647, 139.470795
316.165131, 236.261673, 147.457672, 140.048309
320.369019, 239.522705, 142.423599, 137.026474
316.152496, 237.115814, 146.267090, 140.034683
317.022766, 237.503525, 146.459671, 139.675415
318.863403, 238.119522, 145.395081, 138.705414
318.897369, 238.206146, 145.168640, 138.338150
319.676788, 240.811813, 142.520157, 136.029877
319.110382, 239.021576, 145.424103, 137.808838
319.695801, 239.464264, 144.856781, 137.401917
318.599518, 238.785202, 145.077560, 137.965515
319.449158, 239.462738, 145.325684, 137.928925
319.117676, 239.333374, 145.024124, 138.665314
317.106750, 238.320587, 145.851791, 139.449570
317.594177, 238.439163, 146.475891, 139.551498
318.274567, 239.015289, 145.668182, 139.140167
319.177094, 239.818115, 145.363861, 138.291443
320.691101, 240.920242, 143.037598, 137.351410
318.531677, 239.481964, 145.874878, 138.353714
318.565796, 239.899429, 145.655167, 138.303070
319.185608, 239.831848, 145.320328, 138.436768
319.902435, 239.803772, 144.723587, 138.506851
319.920288, 240.764771, 144.340317, 137.673355
320.261566, 239.412994, 145.430359, 141.416275
320.306122, 239.064682, 145.969162, 141.148911
320.145813, 238.987488, 145.988922, 141.936554
320.361786, 239.252014, 146.053589, 142.111237
320.295990, 238.981079, 146.060059, 142.441132
320.167877, 241.043030, 143.121521, 137.090210
320.511963, 241.488678, 142.821350, 137.291870
320.239105, 240.050064, 145.023254, 139.233719
319.963562, 240.352966, 144.979462, 139.342224
319.626465, 240.389984, 145.253983, 140.351089
319.431000, 240.433411, 145.300201, 140.310547
320.070496, 241.470169, 144.423325, 139.230515
320.012878, 242.373260, 143.085800, 137.477676
319.696045, 241.671082, 144.608597, 138.752731
318.545288, 240.681030, 145.998245, 140.811432
318.466217, 242.546036, 143.848236, 136.721939
317.965088, 241.365097, 145.254318, 139.222046
317.644531, 241.391479, 145.706680, 140.004333
319.292206, 243.783051, 142.740295, 136.270523
321.314423, 246.005463, 140.507751, 132.040863
320.392822, 245.692261, 142.026627, 132.905563
321.241425, 246.159698, 141.234512, 133.235306
322.197968, 247.543365, 140.056061, 133.100555
322.048187, 246.285858, 140.769638, 133.698975
322.114960, 246.467285, 140.559387, 133.337494
322.033173, 246.294891, 140.905609, 133.817719
322.049652, 246.652344, 140.565536, 133.633255
322.017853, 246.422913, 140.624603, 133.737030
321.150085, 246.673813, 140.990860, 132.346863
321.240540, 245.919571, 141.983841, 133.777740
321.876068, 246.974030, 139.828003, 131.982956
321.424896, 246.818085, 140.649902, 132.419434
320.557190, 245.610275, 141.618210, 132.642471
321.048431, 245.910034, 140.773895, 131.318436
322.113342, 247.436279, 139.216873, 130.837051
318.101044, 241.878006, 144.371384, 138.068130
317.871887, 241.281876, 146.349884, 140.190948
316.334198, 240.918365, 147.536484, 141.066788
320.462952, 246.515106, 147.496063, 133.462952
317.759247, 242.481308, 145.624268, 138.882614
318.578094, 243.185669, 144.004623, 136.990082
319.414459, 241.102707, 142.905792, 139.881699
319.132965, 239.907196, 141.888580, 140.016815
321.588013, 243.861160, 141.015060, 134.417892
320.884674, 243.728912, 141.411865, 135.234695
320.295044, 242.948669, 142.938583, 136.791611
320.761749, 244.225281, 140.816925, 135.971085
318.824554, 241.336060, 143.665741, 139.191284
318.904266, 240.082825, 142.033142, 139.443695
319.331299, 241.603226, 139.895264, 137.696014
319.528809, 241.467896, 140.841537, 137.027176
319.303314, 241.635925, 141.233215, 137.851822
319.331207, 241.979248, 140.110687, 137.625961
318.335236, 240.801880, 140.456055, 137.366989
319.232025, 241.630219, 140.437378, 137.700104
321.539703, 244.575867, 138.624390, 135.922104
318.607849, 246.818573, 143.629852, 132.606445
322.180176, 244.170151, 137.140427, 135.759705
317.679840, 245.467926, 146.004196, 134.171478
317.580902, 245.301514, 145.993011, 134.328278
629.747864, 8.927568, 68.518280, 60.301090
621.514954, 8.757862, 75.663734, 65.200470
318.615570, 244.764343, 147.913803, 135.947205
318.725677, 245.219299, 148.238846, 135.695007
319.719208, 245.477280, 147.339783, 135.386490
319.020508, 245.888824, 146.980667, 135.210358
318.917053, 245.477264, 147.859299, 135.232544
318.534821, 245.738312, 148.058716, 135.404449
318.586426, 245.535568, 147.490997, 135.200668
623.074219, 13.306032, 71.238785, 60.179817
623.302124, 13.305179, 71.170105, 63.125381
622.833069, 14.470650, 73.226952, 62.295021
625.939697, 12.447605, 72.064354, 60.238270
626.644287, 14.944172, 71.136581, 59.881927
628.681458, 13.005260, 70.692703, 61.165119
631.693298, 13.209095, 69.441139, 60.680115
634.978943, 14.233589, 70.362106, 61.104179
637.396729, 15.265826, 70.522583, 61.389538
639.232117, 14.596889, 74.814339, 65.283516
643.756531, 11.576428, 66.828064, 61.387379
319.931580, 241.974121, 139.407593, 139.532516
320.553406, 242.594574, 139.672882, 139.077332
320.498383, 242.176880, 139.976990, 139.408981
320.195587, 242.600128, 138.366638, 138.012589
319.401398, 241.898087, 140.013275, 139.952484
320.104370, 242.277191, 139.615997, 139.247971
320.424316, 242.546646, 138.576736, 138.328140
319.982361, 242.650146, 138.005096, 137.812149
320.191406, 242.723038, 138.737045, 138.665298
319.172638, 241.888763, 139.669617, 139.367981
319.817841, 243.310577, 137.200607, 136.739868
319.701019, 243.191223, 137.503891, 136.736115
318.952118, 241.952255, 140.460403, 139.726807
318.879974, 241.614075, 140.699478, 140.562225
318.782013, 242.079895, 141.139938, 139.032990
319.229401, 242.778046, 139.640747, 138.161652
319.175293, 242.222473, 139.904221, 139.760010
319.085663, 242.934052, 139.566559, 138.323029
318.962067, 243.053421, 139.412735, 138.638290
319.237793, 243.213120, 139.104156, 138.422516
320.064087, 242.806122, 137.865601, 138.972610
319.941101, 243.274872, 139.002029, 138.589279
319.968109, 245.481323, 137.920517, 136.101349
320.086884, 245.158600, 137.756165, 135.147461
320.520233, 244.386429, 139.854279, 135.543030
320.285400, 243.359131, 140.007919, 137.931259
320.305573, 241.831146, 139.604675, 139.046646
318.898590, 239.210541, 143.365387, 140.735382
318.832520, 239.417450, 141.395676, 140.096863
319.686646, 239.493484, 141.097748, 139.590225
320.766052, 241.595230, 138.366943, 137.141190
321.224823, 241.219101, 137.852844, 138.167938
320.214996, 241.646301, 140.393112, 138.893463
320.682312, 242.343323, 139.610977, 138.037704
321.353577, 242.889679, 137.318710, 135.952408
319.621735, 243.208984, 139.799316, 137.216446
319.951752, 243.467316, 140.381622, 136.381287
318.612518, 244.013824, 149.442093, 136.617020
320.567444, 244.454208, 138.794327, 134.870560
321.065857, 244.114044, 139.019379, 136.676514
318.424744, 244.995407, 149.639267, 136.613556
321.126801, 245.808441, 139.194229, 135.471481
321.535614, 246.169830, 138.610123, 135.702759
321.667542, 244.855316, 139.966934, 137.623611
321.316559, 244.724609, 140.443527, 138.347900
318.700775, 247.407593, 146.292831, 135.251785
320.883636, 249.854889, 143.110397, 133.172119
321.092926, 250.570541, 140.586258, 130.824799
321.932037, 252.076904, 138.763138, 129.185760
628.391785, 8.048277, 67.692017, 59.104202
321.100983, 252.465088, 141.146835, 129.375900
320.700806, 251.529694, 140.486176, 130.175415
321.641144, 252.736679, 139.689423, 129.793121
322.052612, 253.540436, 138.115967, 128.470230
321.191650, 253.857239, 139.352280, 129.403961
316.964386, 244.997665, 145.934647, 137.879013
320.524902, 253.588943, 140.391632, 129.563828
319.925079, 253.448212, 141.347916, 130.066971
322.124542, 255.040833, 138.331726, 127.528633
317.217468, 247.489624, 144.739380, 136.947937
317.253540, 248.133667, 143.117462, 135.903030
323.371063, 255.336990, 136.508194, 128.065079
324.381012, 255.758972, 135.991760, 130.010361
322.813721, 254.536163, 136.288071, 130.699539
323.058594, 254.626831, 136.881668, 130.699234
322.957794, 255.042999, 137.650085, 132.022766
316.917755, 251.685074, 139.833267, 132.578629
323.310028, 253.857605, 137.352982, 131.887405
317.058228, 251.827087, 141.009262, 134.013382
317.186340, 252.411758, 140.316589, 132.485229
316.824158, 251.622421, 139.799683, 132.809402
316.568115, 250.568726, 139.626862, 132.425797
316.354065, 250.289810, 139.993683, 131.751831
316.862396, 249.904587, 140.300873, 132.626846
317.888672, 249.620377, 140.541626, 132.242844
317.595581, 247.084213, 143.529205, 136.704926
637.970032, 8.757556, 64.086525, 56.324280
637.945496, 8.683586, 64.348068, 56.457047
637.866943, 8.676839, 64.194077, 56.363464
637.852722, 8.607430, 64.187836, 56.351643
637.758240, 8.671186, 64.089615, 56.301792
637.771362, 8.482595, 64.118469, 56.399097
637.757324, 8.460079, 64.092255, 56.382050
637.798157, 8.505026, 63.902481, 56.220291
637.387695, 8.383012, 63.959694, 55.881012
637.112305, 8.598654, 64.346237, 55.464924
319.758698, 250.605865, 144.320602, 134.711899
321.462830, 249.083755, 135.963882, 135.414948
320.832428, 248.415436, 136.548141, 135.817856
321.079651, 248.544128, 137.457764, 136.730576
636.664490, 7.945406, 65.444130, 56.810204
636.152161, 7.992565, 66.085342, 56.801197
636.003113, 8.113626, 64.834724, 56.356071
636.082031, 8.175259, 65.465614, 56.747807
635.910156, 7.990583, 66.272224, 56.809902
635.548279, 8.093239, 65.881081, 56.850906
636.047119, 8.019814, 68.209862, 58.838310
318.646973, 241.545517, 139.274490, 139.335632
318.453430, 242.013550, 140.760406, 140.469131
319.520294, 241.812897, 139.425369, 137.061935
319.425720, 239.860092, 138.438965, 137.487228
320.644348, 240.653229, 138.000122, 135.595093
320.242889, 238.701660, 139.732361, 136.172974
323.128479, 239.909561, 141.390381, 136.889435
323.305969, 237.551193, 140.534973, 137.532486
324.693176, 232.515244, 144.910873, 146.068176
329.627899, 237.484329, 139.543976, 136.978165
328.456451, 238.278381, 139.970428, 137.003067
328.595581, 237.461914, 142.248886, 137.863434
320.242523, 235.439178, 147.726837, 145.038345
320.915131, 233.191086, 148.765396, 147.398117
317.848145, 232.602844, 149.310059, 145.896225
319.442505, 234.117935, 146.517456, 143.247513
318.802185, 232.857910, 146.152832, 144.050171
318.258606, 234.714020, 145.579727, 142.644867
317.348846, 236.855576, 144.380234, 139.832596
316.426178, 239.006561, 142.021774, 137.014511
317.451141, 237.587555, 142.336655, 137.471405
314.888336, 237.052109, 144.471756, 137.431564
314.170532, 238.143295, 140.393433, 134.897659
312.980011, 239.937912, 143.001144, 133.895325
312.640808, 241.177811, 141.666412, 132.961136
312.636566, 240.900482, 141.648956, 132.296219
312.393036, 240.558762, 142.885910, 133.025558
313.230835, 240.206909, 142.048431, 133.508163
313.649384, 238.341217, 142.113037, 135.781143
313.940063, 236.954330, 141.053207, 137.633759
313.575989, 238.145508, 144.014206, 138.338715
314.274048, 241.073593, 143.226105, 135.610748
314.758728, 241.190338, 142.506256, 135.804764
314.883209, 240.983749, 141.703613, 135.660431
314.288147, 240.559052, 143.028992, 135.674683
315.481598, 240.221832, 143.556839, 137.852844
315.701508, 240.444672, 143.296677, 137.689407
314.977539, 240.769562, 143.822433, 137.474747
315.089935, 240.291870, 145.204117, 139.723816
314.454559, 241.227814, 144.361526, 138.406342
315.361603, 240.824570, 142.150299, 138.339828
316.216034, 240.253159, 141.620163, 139.756042
316.439270, 240.108551, 140.948303, 140.024689
316.264832, 240.301376, 141.448029, 139.903381
316.008636, 240.867569, 140.207031, 138.400909
316.429474, 240.494553, 140.924866, 139.528793
316.218292, 240.233368, 141.815430, 141.089981
316.230804, 240.465027, 141.337555, 140.053391
316.062897, 240.073471, 141.380081, 140.250488
316.071838, 240.594925, 140.176758, 138.852188
315.536163, 241.259399, 141.691528, 138.564285
316.348999, 241.863892, 138.945343, 136.336060
316.096588, 240.928070, 140.410126, 138.801926
316.590485, 242.234650, 138.475159, 136.109406
316.590179, 240.956970, 139.912689, 139.131866
316.322418, 241.393524, 140.472214, 138.135422
316.196747, 241.176727, 141.774216, 139.507950
316.616913, 241.249146, 140.424927, 139.139221
316.830536, 241.344849, 140.068604, 139.390244
315.876892, 241.077057, 139.902740, 138.608566
317.124573, 241.646393, 138.754318, 138.393036
317.305847, 241.176636, 140.398697, 139.231155
318.355438, 240.884796, 138.350983, 138.000000
318.952515, 240.184387, 139.831635, 139.092819
319.870300, 239.929123, 139.466354, 139.449860
319.613770, 239.926193, 139.524445, 139.304764
320.207489, 239.333679, 140.015839, 138.451675
321.488312, 237.603333, 141.375732, 141.576904
321.117096, 235.138412, 141.255493, 143.920013
320.969574, 236.042282, 139.899139, 142.723236
321.505493, 236.359070, 140.584152, 143.144455
321.306366, 236.680130, 140.828995, 142.653381
319.662628, 235.775543, 141.406326, 143.714432
319.367828, 236.400772, 141.776337, 143.370941
319.182251, 235.944351, 141.602081, 144.002350
318.769287, 235.058929, 141.801086, 144.295456
318.525299, 236.218430, 142.130997, 144.002304
317.703186, 235.375305, 142.663879, 144.578781
318.200653, 238.326813, 141.389313, 142.668610
317.885620, 238.598450, 141.604126, 142.624130
319.187622, 239.732758, 139.941864, 141.321686
318.637329, 240.521973, 140.232224, 140.962387
319.436188, 240.028061, 138.675491, 141.424255
319.912994, 242.140930, 138.635101, 138.976913
319.886292, 242.447479, 138.514221, 138.529404
319.410187, 241.937775, 138.592926, 140.074966
319.697357, 242.594498, 138.439560, 139.231796
319.053467, 241.773087, 138.515518, 140.551483
319.036804, 242.231262, 139.393326, 140.361389
313.829285, 236.688049, 142.158905, 143.638351
313.862244, 237.501678, 143.213257, 143.722473
313.719940, 236.748276, 143.324722, 144.888351
314.337158, 238.328583, 142.987320, 144.591660
315.112854, 238.479004, 141.826584, 145.320068
318.049988, 242.363220, 144.242447, 143.325546
317.107788, 242.524078, 144.007584, 143.006622
317.833801, 241.408630, 140.568497, 142.101059
317.694641, 240.988037, 140.456436, 141.691849
320.430817, 241.197632, 140.555801, 140.562515
320.679626, 240.604935, 146.033051, 139.306396
325.704346, 237.079865, 147.909271, 146.550171
324.966003, 231.478302, 144.306641, 146.977158
235.934998, 344.541443, 102.473259, 102.623825
324.264282, 220.171875, 155.009445, 168.984253
301.265015, 216.839355, 181.410156, 192.445679
296.593536, 211.648926, 175.440842, 188.429932
299.472351, 216.049866, 171.548965, 180.305054
344.817719, 225.694031, 139.015823, 156.665695
332.975372, 225.818665, 142.814056, 154.755646
324.944794, 214.993347, 157.254883, 169.038498
271.253845, 226.867676, 206.537033, 207.956055
280.461426, 231.652542, 187.093857, 188.159683
327.147644, 222.255493, 143.438599, 152.645081
333.354614, 225.520233, 132.733749, 143.941574
272.019348, 232.011169, 193.369308, 190.711624
333.037994, 227.845673, 129.644348, 142.434509
466.710541, 282.764923, 30.239288, 29.103411
275.294647, 230.794312, 194.076813, 192.870636
417.212494, 236.587372, 56.534462, 61.909481
333.486115, 227.299088, 132.136856, 143.394348
416.514709, 241.579697, 56.626198, 60.429260
274.628906, 223.670319, 196.862518, 200.511688
281.639038, 217.779877, 182.981598, 192.068344
310.176758, 213.855209, 158.457352, 167.074127
302.279266, 212.215988, 163.545670, 173.117828
302.965363, 225.343338, 151.873825, 150.192886
305.424347, 232.788315, 144.980820, 142.735535
304.209778, 230.285416, 149.952103, 146.129501
305.588776, 233.690704, 149.206924, 143.581055
306.523071, 234.959137, 148.272659, 142.710175
308.189697, 237.133698, 146.616150, 139.784607
310.032257, 239.871124, 145.557205, 138.262192
313.638306, 239.656067, 143.799942, 140.250717
316.126617, 241.262329, 148.080902, 145.656616
316.935394, 242.651184, 146.908905, 144.969757
318.933441, 245.701141, 139.839294, 140.832062
319.375061, 248.027756, 138.911835, 139.919937
321.274200, 256.715363, 140.766342, 130.897354
321.949951, 258.454773, 140.116486, 128.996292
320.511261, 248.796707, 139.715164, 140.260681
319.836884, 247.352234, 139.400574, 139.363708
318.590515, 246.409409, 138.641190, 138.163574
318.640167, 252.947052, 141.252396, 132.812775
318.148193, 253.396088, 142.686203, 133.991379
317.940582, 253.426697, 142.583038, 133.093079
317.824402, 252.823700, 140.794815, 132.170059
316.903046, 251.150543, 143.818939, 134.189911
316.051636, 250.285431, 142.127945, 132.186874
315.938934, 250.118713, 143.003098, 132.710312
311.963379, 240.651398, 145.427399, 145.122421
314.180084, 242.225708, 144.616638, 143.990372
314.540924, 252.828796, 143.155075, 134.850464
316.151978, 248.983154, 137.716339, 134.074936
314.841034, 248.835358, 140.864471, 135.233902
314.707336, 243.840912, 143.795975, 141.883453
314.867218, 243.512085, 143.599930, 140.945221
314.920380, 243.570648, 142.959122, 140.353912
314.945190, 244.091812, 142.772751, 139.671906
319.711884, 249.304474, 137.201645, 135.337158
313.928802, 243.514832, 143.113708, 139.432724
313.256897, 242.550705, 142.982819, 139.002090
314.121033, 243.375320, 142.477158, 138.268036
313.389465, 243.791000, 141.885986, 137.404236
312.865845, 243.580490, 141.462997, 138.323303
310.504425, 243.095276, 145.334885, 142.419434
311.835327, 241.463837, 142.736740, 144.830704
303.907684, 237.087799, 141.707214, 145.088104
304.496399, 241.071381, 142.174561, 143.741791
310.196259, 244.280884, 141.489182, 139.872452
308.190918, 245.939041, 140.805237, 135.636154
308.775085, 244.460480, 141.543213, 137.701584
305.264526, 245.104507, 141.603912, 137.031219
306.210815, 243.681488, 142.276169, 138.336456
305.281281, 243.093933, 143.850922, 138.142944
305.949249, 243.823242, 142.198166, 137.900604
306.192841, 243.896606, 142.532730, 138.036377
305.983337, 244.025726, 142.209091, 137.883621
307.024750, 242.386765, 146.723038, 140.800797
307.270020, 242.339401, 147.938370, 142.212326
305.825928, 243.578033, 142.452545, 138.273346
306.059387, 243.564163, 142.465088, 138.197891
304.790314, 243.324417, 144.294266, 138.486694
304.499634, 243.172775, 145.333740, 139.200119
304.657715, 243.227829, 145.162460, 139.026657
304.626434, 242.973587, 144.736221, 138.906708
306.499359, 243.192764, 146.830811, 141.949661
307.851440, 248.755920, 137.974258, 132.688797
308.875488, 249.733444, 138.584549, 131.809738
314.134613, 250.643143, 136.977402, 132.035126
315.192322, 250.878723, 135.395752, 130.632156
314.754120, 249.102753, 137.144653, 132.367462
316.128693, 251.967773, 135.603195, 130.045029
314.793213, 251.748749, 137.049606, 130.149872
316.867249, 251.967392, 134.600388, 127.983963
314.999115, 251.134293, 138.290024, 131.301422
315.919830, 250.107239, 137.271103, 132.465164
312.379333, 249.843903, 140.167862, 133.880768
311.929199, 248.377487, 141.304657, 136.758972
314.773407, 253.137421, 136.874603, 130.366028
314.942261, 251.829559, 138.704468, 134.210861
315.698761, 255.503647, 134.897781, 130.001297
313.797333, 259.247253, 130.955673, 132.207123
316.191895, 267.376160, 131.993515, 127.295212
312.384888, 276.774353, 132.204269, 128.157166
315.630066, 277.688751, 129.849655, 125.537308
314.650482, 281.010986, 130.967682, 126.252716
313.464539, 280.354523, 132.700516, 129.047836
314.113586, 281.026794, 131.866333, 127.790802
314.182068, 280.376617, 132.614441, 128.141800
315.289185, 281.091736, 130.923218, 126.442513
312.539307, 279.900116, 134.887161, 130.753922
314.382355, 280.184875, 133.791504, 128.944000
313.266907, 280.157745, 136.339523, 130.037231
313.426788, 278.555756, 136.138809, 130.105087
315.410858, 280.059814, 135.087616, 128.356400
314.014404, 272.929108, 135.240280, 132.834778
318.006561, 277.230927, 133.128891, 126.682922
331.481201, 265.021484, 124.700630, 122.815338
309.628845, 250.626801, 142.810333, 146.615021
314.545044, 252.203735, 137.158920, 141.062637
315.234283, 250.895004, 138.883255, 137.320892
321.572174, 254.166077, 135.591187, 133.373550
321.102997, 252.049026, 138.114166, 134.911758
322.313232, 246.045914, 138.605453, 139.912155
319.792603, 244.948349, 138.711685, 139.232712
319.574219, 244.014618, 140.654907, 140.982010
320.232452, 243.379410, 139.662201, 140.776733
319.780731, 244.288910, 140.764069, 141.406830
320.507874, 244.184006, 139.755936, 140.311722
319.260529, 240.410110, 139.648666, 141.472153
320.865936, 240.034637, 139.181030, 140.956818
318.478210, 236.651245, 145.083801, 145.788864
318.349640, 237.770264, 146.264725, 144.262451
317.248077, 235.931549, 145.361664, 142.125336
317.411926, 236.910828, 145.324738, 139.215530
319.763824, 239.219955, 141.466721, 135.698257
319.762085, 241.535278, 138.391434, 132.609894
319.538086, 241.165924, 141.938034, 138.187424
319.725372, 241.660950, 141.740570, 136.911240
318.956238, 242.078796, 141.745590, 136.310333
316.872223, 244.563171, 146.228943, 136.231171
319.229736, 238.966705, 141.683746, 137.953720
318.285339, 238.682724, 141.167557, 136.145050
318.174377, 239.130707, 142.530396, 138.972595
318.707031, 239.762817, 142.597092, 139.333740
324.188141, 241.620544, 137.610748, 134.071915
316.851746, 235.805420, 141.672470, 140.581665
317.439148, 235.562057, 142.930069, 142.521606
317.937866, 237.283752, 142.380035, 140.816956
317.444183, 236.633163, 141.289948, 140.875473
318.371307, 237.107910, 141.214874, 141.263947
320.070892, 238.119446, 140.063278, 139.998734
319.426147, 239.812973, 140.670654, 139.217621
320.551239, 239.409149, 143.662247, 141.422760
320.842163, 240.171173, 141.488388, 138.964874
322.814331, 240.569000, 140.821213, 139.531754
323.329712, 237.976822, 141.690521, 144.427811
322.730804, 237.119370, 143.147736, 145.784760
322.019806, 237.775665, 140.706543, 143.898697
322.185089, 237.841354, 141.935013, 141.970795
322.733307, 238.320908, 141.657532, 140.882828
322.528351, 238.729050, 141.226944, 142.399582
323.036896, 238.575394, 142.568329, 144.048798
323.136230, 240.318558, 140.124741, 140.111877
323.252075, 240.238632, 142.543747, 140.363525
322.530579, 240.521042, 141.125793, 139.948013
321.688690, 237.902405, 143.303482, 145.664734
320.969666, 238.996292, 142.245255, 143.456604
321.141663, 236.949966, 144.652176, 148.059082
321.196198, 235.945175, 145.133102, 148.847916
320.040466, 238.817261, 144.346680, 142.837524
319.465424, 238.481567, 145.473618, 143.908188
320.208557, 238.838348, 145.831207, 142.723892
320.654541, 239.149994, 145.245255, 142.677200
320.847900, 238.314575, 145.014526, 145.209152
321.206177, 238.266312, 144.508072, 146.146652
320.954315, 239.882660, 142.853455, 142.626129
320.707611, 239.623642, 144.846985, 145.115250
322.232086, 239.643768, 141.815735, 143.126511
322.554108, 240.108902, 143.540161, 142.649582
322.827850, 241.063477, 142.185028, 141.268158
322.054962, 241.651642, 142.981140, 141.373947
322.058411, 240.993729, 144.425095, 141.208450
322.304413, 241.905334, 144.844940, 140.855865
322.855652, 242.595825, 143.417435, 140.687973
323.583862, 243.158661, 141.219040, 139.552628
331.828674, 239.215668, 146.455353, 150.355759
332.594879, 247.190033, 136.476852, 133.934082
322.069641, 243.600357, 141.639633, 138.711884
330.884491, 247.224670, 138.551147, 135.996017
330.655151, 247.718872, 137.680679, 135.878326
323.384003, 244.586502, 140.115189, 137.014465
321.095306, 245.945709, 142.796127, 138.265350
321.739197, 245.244171, 141.353897, 136.574387
321.788849, 239.198349, 142.478973, 145.011810
322.154236, 241.791534, 141.203354, 140.652969
323.173889, 241.834595, 141.621719, 139.679977
323.065948, 240.467789, 140.900131, 139.683075
322.759247, 241.222000, 139.698563, 138.281082
322.589233, 241.261871, 140.102905, 137.565109
323.359467, 241.278473, 138.670044, 137.598907
323.803741, 241.914825, 137.232712, 134.913422
323.351654, 242.485214, 136.440018, 134.780655
323.753021, 242.536713, 138.565796, 135.676498
322.729858, 242.494476, 138.686325, 135.271271
322.738098, 243.455750, 138.033676, 134.550522
320.059937, 242.735840, 137.115921, 135.600922
320.571228, 242.463959, 138.011368, 136.368866
320.841125, 242.925186, 138.460892, 136.197739
321.254120, 241.994766, 139.797424, 137.486572
318.947083, 241.638290, 141.607880, 139.163452
317.357117, 240.235641, 140.741257, 140.488998
317.806824, 239.169662, 140.839417, 142.415558
315.965668, 238.622437, 141.089493, 140.514969
316.372284, 238.244095, 139.654388, 142.601974
314.840393, 238.251617, 140.638275, 141.000900
311.938904, 237.846405, 141.213623, 140.181259
310.940033, 237.994385, 141.412506, 141.098450
307.701508, 236.410385, 143.862503, 139.929565
312.537537, 238.808395, 138.777084, 139.844376
307.403778, 236.443863, 142.679626, 140.967163
308.621399, 238.054443, 142.213654, 139.112366
308.235931, 238.814484, 141.427368, 138.624542
306.339569, 238.895386, 141.650787, 137.564438
306.205017, 239.096848, 141.752670, 137.147903
306.194305, 239.282104, 141.091888, 137.380035
305.855652, 240.244629, 141.431305, 136.651733
307.327515, 242.353455, 140.574295, 134.911362
306.823181, 244.122986, 139.466537, 132.568115
306.738464, 243.318527, 140.938278, 134.467773
306.787567, 242.583542, 141.875061, 136.370026
306.700562, 244.134262, 141.398895, 136.199661
312.558594, 251.570007, 135.212234, 125.690147
310.875763, 246.951218, 138.153198, 132.765747
310.787842, 247.883652, 139.084717, 133.823227
312.147217, 249.542511, 138.316422, 131.222168
312.994537, 253.292664, 135.496658, 128.924286
310.922729, 253.491577, 134.642181, 130.086792
309.067474, 255.745102, 137.281250, 129.688599
307.955231, 258.123871, 136.670807, 127.333252
302.152313, 255.252365, 142.180038, 138.410065
303.763397, 264.346527, 139.178879, 134.063629
304.027618, 265.981415, 139.999191, 134.179092
310.987274, 270.433502, 131.544052, 125.441528
308.197968, 270.544983, 135.228119, 129.233047
306.090668, 270.281128, 137.143707, 131.564606
301.977875, 264.633179, 142.285736, 137.324402
303.955200, 266.027435, 141.674286, 137.461487
308.517883, 264.374146, 134.668091, 131.792282
300.064056, 251.979553, 145.168732, 140.708191
303.161713, 253.027679, 141.924149, 137.360306
309.038544, 253.835907, 137.375031, 137.422668
314.417694, 252.858093, 135.778229, 134.686768
312.753357, 251.627258, 136.417999, 133.507950
301.739258, 240.351196, 145.787430, 146.263535
306.177704, 245.066559, 141.273666, 143.296936
310.238342, 245.064514, 136.496780, 141.524643
308.274048, 244.872711, 138.100967, 139.649002
310.755890, 245.990601, 139.649857, 139.071777
309.599854, 244.824066, 136.302383, 139.343292
311.496216, 244.883484, 139.068436, 139.497467
311.870819, 244.335358, 139.065063, 140.377411
310.658600, 242.641113, 138.348297, 140.302322
307.222260, 241.727158, 141.847397, 139.540482
307.210083, 241.651703, 140.437469, 138.651672
307.204437, 240.862335, 140.962753, 138.763519
306.164307, 240.433105, 142.170471, 139.219360
307.478027, 240.510712, 141.146362, 139.516846
308.263184, 242.775543, 138.665848, 138.321579
309.363159, 243.325562, 139.026688, 135.781143
308.578156, 243.215240, 139.009430, 137.853149
310.005463, 242.255798, 145.853302, 141.714600
309.958740, 241.996826, 144.794601, 141.399078
310.693573, 242.029465, 144.464508, 142.009888
310.762085, 243.285797, 142.974930, 139.131027
308.910156, 245.274170, 136.639465, 136.728973
310.242828, 247.946259, 139.058075, 133.347473
310.979919, 249.053741, 137.814407, 132.522934
309.737518, 248.898636, 137.855270, 133.057388
308.209503, 248.525177, 139.454041, 133.661057
306.956360, 248.236496, 138.732803, 133.558441
305.434509, 248.549423, 140.770905, 133.796829
305.056244, 247.574051, 141.107864, 133.908783
306.213226, 248.240143, 140.256866, 132.912994
302.486664, 236.709213, 142.192673, 144.326202
301.794495, 236.250931, 141.937119, 144.016861
305.930237, 240.742157, 140.325638, 138.513184
305.396484, 240.425949, 140.314514, 139.618118
304.436005, 239.842163, 139.802719, 139.751801
302.819031, 236.090088, 142.645721, 143.331436
300.610229, 236.778717, 142.665222, 143.789810
300.916077, 238.109436, 142.339478, 143.084579
300.657867, 237.536133, 143.597061, 145.193069
299.765442, 236.524719, 142.484711, 144.385193
298.692383, 236.547119, 144.321289, 145.039902
297.607422, 235.620682, 146.501160, 146.747955
297.481049, 235.129608, 146.683655, 146.474548
296.810181, 235.420654, 144.453293, 142.106613
294.972778, 237.104919, 142.187637, 140.781464
296.089447, 240.805145, 138.988068, 137.706131
296.987885, 247.700424, 139.579819, 131.218704
296.052643, 242.481964, 138.000122, 135.815872
295.012085, 248.045242, 140.390472, 130.643295
302.045776, 247.745178, 135.666672, 131.309357
301.986267, 247.615402, 133.624603, 131.288620
300.663177, 246.716949, 134.701263, 133.789429
300.364319, 247.268433, 134.520905, 133.260910
299.129822, 246.444031, 136.677521, 134.390320
298.855316, 247.248535, 135.771362, 133.476395
295.051422, 247.588654, 136.903336, 132.186249
295.811707, 246.157272, 137.026291, 132.764023
295.612030, 246.235535, 137.243454, 133.658386
294.902008, 246.938583, 137.543900, 133.588943
294.916321, 246.275513, 137.384293, 133.884262
295.955505, 247.273849, 135.983917, 132.162109
294.509430, 247.391953, 133.837692, 133.074646
293.534149, 246.786987, 133.395691, 133.015701
293.632202, 245.519455, 133.979385, 134.586060
292.850311, 244.638596, 134.613495, 135.771652
292.043488, 245.097946, 135.092026, 133.418304
293.386841, 246.162308, 132.849899, 130.904617
292.745331, 245.971344, 132.696487, 130.697388
292.014984, 246.181671, 132.000259, 130.011551
290.404999, 245.829758, 135.484970, 131.635513
288.958954, 244.308350, 133.253799, 132.119492
286.053528, 249.850952, 137.088486, 128.294266
284.683929, 248.904526, 137.774429, 129.622910
283.925781, 247.643555, 137.161514, 130.564026
283.561279, 247.362640, 136.031357, 127.712837
284.911987, 245.440063, 134.321365, 130.345474
283.694824, 245.352646, 133.689468, 128.979019
286.200104, 246.566833, 131.041138, 129.146881
281.080505, 247.302383, 135.822144, 130.616196
278.992859, 246.550232, 132.945206, 129.940750
275.726227, 238.493637, 138.394928, 138.519501
280.443848, 240.522079, 137.381897, 136.140839
287.259888, 242.181671, 132.243332, 132.804718
278.913879, 236.813354, 143.643021, 137.849564
286.490326, 234.176010, 139.788467, 139.873169
280.392090, 226.119019, 156.497574, 155.679352
295.766876, 227.604034, 141.581360, 150.499710
435.560577, 282.537750, 27.974737, 27.459919
377.967896, 262.675537, 70.322601, 76.035141
400.482330, 275.414185, 46.912659, 52.482227
400.566986, 267.807312, 49.901253, 56.600716
318.247223, 227.863800, 132.657928, 148.025986
314.911591, 227.525818, 132.094925, 147.794083
329.208069, 223.507584, 124.208832, 140.448700
453.399994, 283.529510, 30.679768, 27.953463
333.761230, 224.685226, 125.165680, 138.376785
270.531311, 226.856613, 177.530807, 184.813812
252.469849, 232.434937, 221.542313, 221.350098
270.152557, 232.959595, 202.576080, 210.631531
253.833572, 231.791916, 221.766830, 222.910675
54.488937, 263.998199, 259.427734, 253.348511
63.025032, 268.419678, 263.853790, 255.282715
63.724815, 271.903595, 264.580353, 253.346237
54.906982, 262.005615, 274.719269, 266.471863
543.294067, 284.216705, 32.647182, 29.978308
543.311890, 284.335083, 32.254711, 29.846436
432.541779, 368.379852, 21.374136, 16.044460
405.335083, 235.341171, 45.147217, 44.153393
542.128235, 284.475830, 33.562225, 29.738903
374.423492, 237.654785, 98.277336, 103.984512
410.228210, 242.458557, 45.014523, 42.557434
393.234253, 242.316360, 83.706116, 88.429558
442.498962, 376.441101, 26.553877, 19.725241
318.916809, 226.844406, 158.936234, 176.609314
403.928345, 256.465454, 81.037407, 86.727135
402.383209, 275.480408, 73.675148, 76.084045
320.650269, 220.668243, 155.117752, 170.033432
311.772705, 221.870926, 162.514786, 172.588669
321.546265, 234.161209, 142.037369, 153.634399
323.820770, 237.033447, 145.856613, 154.736237
324.362091, 241.042465, 150.119247, 150.168137
326.580261, 238.012970, 143.370026, 148.392944
320.143738, 237.252777, 148.009323, 148.707199
318.528168, 243.748367, 143.562500, 142.735382
320.038452, 242.924530, 152.270081, 149.915619
315.579315, 246.671570, 139.863098, 138.043549
309.843658, 243.293091, 144.954697, 146.225235
306.462158, 246.626892, 145.678772, 145.949539
454.493042, 283.550446, 29.632692, 27.794081
454.553314, 283.449646, 29.639938, 28.069510
454.617767, 282.557343, 30.378912, 29.316889
540.202942, 284.150513, 32.002499, 29.704062
540.107483, 284.244995, 32.107216, 29.730293
540.097839, 284.133240, 32.047863, 29.742098
330.206635, 259.346222, 128.950455, 119.831375
0, 0, 0, 0
455.133484, 283.501892, 28.058632, 27.345573
0, 0, 0, 0
0, 0, 0, 0
0, 0, 0, 0
488.331573, 406.401184, 26.419577, 23.397598
302.076080, 223.520996, 141.271927, 134.412308
310.228088, 225.850998, 132.272507, 130.007050
310.917450, 222.162964, 132.677231, 137.631256
308.857147, 220.084641, 138.962082, 139.829651
308.107269, 209.405319, 138.843750, 147.549927
301.377106, 201.189484, 144.325104, 157.151459
294.577332, 207.024368, 154.858200, 170.979111
296.824158, 204.872375, 155.139236, 176.995102
318.799744, 205.521667, 121.253036, 153.297119
295.134857, 201.907120, 139.511993, 165.634918
329.196411, 217.813751, 109.237236, 126.359184
319.600647, 223.572357, 110.224617, 121.650063
337.379974, 210.648254, 91.207146, 97.419601
332.363708, 209.198029, 82.096741, 94.548294
410.180878, 282.901245, 31.501154, 29.317694
410.289642, 282.900482, 31.400532, 29.211842
446.187225, 282.930450, 33.677116, 31.000689
409.777771, 282.846222, 31.960062, 28.737978
409.754974, 282.842102, 32.017242, 28.782448
409.602173, 282.844391, 32.147064, 28.896034
409.513916, 282.813843, 32.214577, 29.017641
409.522064, 282.815979, 32.213066, 29.008486
273.973297, 215.477081, 101.771965, 112.904762
409.713104, 282.832153, 32.200150, 29.077320
267.747070, 213.700760, 104.703033, 108.791840
270.251190, 209.157959, 102.610641, 110.075912
249.705704, 211.774536, 122.198181, 133.168701
409.575989, 282.785553, 32.207268, 29.102631
217.200180, 215.792084, 150.732285, 158.209106
200.330978, 220.183853, 159.058197, 156.813171
194.718781, 213.481461, 168.503357, 166.147812
200.853394, 223.177429, 145.219147, 138.827011
195.099762, 222.683685, 148.719543, 142.672409
204.920547, 222.177124, 139.051498, 129.916183
210.440872, 221.600922, 138.851471, 130.342117
216.592194, 216.837280, 137.269043, 126.798759
222.296936, 215.965210, 142.657120, 140.878098
227.316666, 223.008041, 140.982529, 130.562393
235.366867, 220.683411, 140.222977, 130.185577
239.993469, 217.973816, 142.196152, 132.357544
252.349487, 227.017822, 143.769226, 129.768753
260.237000, 223.156799, 139.436615, 130.185730
268.456909, 223.799225, 140.999802, 137.742401
279.205078, 236.825531, 140.063751, 130.044189
287.092407, 237.646683, 137.581894, 129.036377
292.388458, 236.064377, 139.207489, 133.094513
295.142456, 234.230286, 141.906128, 137.029251
298.780701, 234.112793, 140.334778, 136.999481
302.198914, 238.228455, 136.397522, 127.849037
304.251434, 236.096817, 136.171921, 131.017487
306.859985, 235.357269, 134.939545, 129.636215
306.930054, 235.168701, 135.713425, 128.326660
307.318024, 232.644165, 135.800919, 130.292007
305.881744, 225.487656, 134.631882, 137.217697
305.111176, 228.300293, 134.359955, 134.048157
306.186127, 230.285904, 134.397842, 128.985245
307.476868, 229.655426, 132.445145, 129.142044
302.530182, 228.277176, 133.595993, 127.493385
300.503448, 226.253082, 134.195221, 129.307129
304.375641, 224.176605, 130.350143, 130.292450
295.739655, 219.586060, 134.365936, 138.280853
296.129181, 224.677414, 134.389084, 128.950592
294.938690, 222.939026, 133.913239, 129.724503
295.472290, 223.275146, 133.696304, 128.971680
294.845886, 224.293884, 134.914383, 128.219849
293.889557, 224.745255, 134.547684, 128.201309
293.773132, 226.533173, 134.346909, 128.111237
293.660553, 228.004791, 134.545197, 126.603485
294.266876, 230.252991, 134.394012, 125.199867
296.159576, 231.390930, 133.615692, 128.006866
297.512817, 232.165314, 132.699356, 128.978745
297.087769, 233.538406, 133.638901, 127.922050
297.578796, 234.077606, 132.623581, 129.651169
295.415863, 234.067856, 134.049454, 130.922287
294.126282, 234.350021, 133.887146, 130.475479
294.545654, 235.646774, 132.170029, 128.436691
293.821716, 235.805359, 132.321365, 128.385345
293.744751, 235.072998, 131.123871, 128.412277
293.463013, 235.566498, 131.644119, 127.702621
293.670441, 235.754974, 132.063202, 128.583267
293.781311, 236.383606, 131.631424, 127.971725
297.647369, 233.522614, 129.781601, 127.656731
297.503265, 233.055710, 131.936493, 130.915665
298.015350, 233.130508, 131.988983, 130.291931
294.970551, 238.292221, 131.512207, 126.300850
294.882233, 238.364105, 131.836319, 126.242470
294.642365, 238.179108, 132.143448, 126.369606
295.123108, 237.482788, 131.873276, 126.615181
295.168854, 238.544220, 132.172165, 125.524330
294.174377, 238.145279, 132.974365, 125.230820
294.503387, 238.805725, 132.878830, 125.524712
294.698090, 239.646149, 132.314789, 124.922638
294.309845, 238.871429, 133.316681, 126.333458
294.689087, 239.236801, 132.992554, 126.440376
294.982758, 239.166321, 132.462357, 126.326256
294.709717, 239.844543, 132.993835, 126.166611
294.759033, 239.943451, 132.479019, 126.300240
293.574982, 241.180298, 132.640564, 125.390236
293.726624, 241.313354, 132.169617, 125.634575
293.700470, 240.424652, 133.202271, 128.627869
292.686554, 242.364349, 131.878250, 126.173332
293.303406, 242.614929, 130.211563, 125.321236
289.108246, 238.126846, 134.711243, 131.059082
292.704346, 242.196060, 130.542755, 126.590973
291.588623, 241.948593, 130.951141, 126.253593
292.627167, 242.858398, 129.734039, 125.479073
291.491425, 242.626862, 130.132309, 125.854897
291.437958, 242.582397, 130.073517, 125.893288
291.388458, 242.591461, 130.002106, 126.000305
290.710876, 242.908493, 130.640961, 125.812088
290.114319, 241.667191, 131.107239, 127.052322
290.925171, 242.782654, 131.209869, 125.533226
291.064087, 242.292801, 130.722488, 126.420990
292.386902, 243.312637, 130.049957, 124.918144
292.050171, 243.307724, 131.080811, 125.717079
291.180481, 240.339828, 133.501892, 129.642868
291.256042, 242.615097, 132.409241, 125.792053
291.584229, 242.478607, 131.360046, 126.047302
292.428101, 242.692413, 132.423538, 126.373009
291.806610, 242.577560, 132.182281, 125.948441
290.230530, 238.460175, 135.371048, 131.207199
291.967438, 242.284821, 133.478928, 126.450676
292.629791, 242.044342, 133.093582, 126.753151
290.512543, 239.339066, 135.250046, 129.500992
292.569427, 241.740112, 133.254089, 127.308731
292.108398, 241.726532, 132.756500, 126.975952
291.909943, 241.114014, 133.589005, 128.126297
291.976624, 241.097015, 133.126160, 127.836433
291.568085, 241.066681, 133.493774, 127.967644
291.684326, 240.980530, 133.058578, 127.859329
291.638977, 241.211212, 132.335770, 127.574890
289.184570, 239.432465, 134.224075, 128.525024
290.860504, 241.073807, 132.830460, 127.182503
291.244019, 241.907440, 132.633759, 127.656532
291.701050, 241.412994, 131.605301, 127.579689
290.436371, 241.307114, 132.943085, 127.753036
290.744293, 241.528946, 132.744339, 127.241127
290.908447, 241.396667, 132.646133, 127.410316
290.681458, 241.163925, 132.784500, 127.450691
291.095337, 240.740433, 132.778397, 128.148438
291.070587, 240.813080, 132.873215, 128.272308
290.402710, 241.388779, 133.198959, 127.761948
290.777374, 241.094696, 133.645737, 127.688225
291.685516, 240.777420, 133.244644, 127.794220
292.187195, 240.949966, 132.096603, 126.717850
294.196289, 241.515091, 129.533356, 125.454941
294.004303, 241.349823, 129.586853, 125.841118
293.387177, 241.281754, 129.978256, 126.100166
293.534760, 241.291626, 129.916290, 126.042343
293.473541, 241.328308, 129.947754, 126.076813
293.386688, 241.254959, 129.838287, 126.044205
293.369995, 241.422455, 129.808197, 126.053574
293.260406, 241.341721, 130.077332, 126.491348
293.244720, 241.238144, 130.025726, 126.399765
292.225311, 241.246399, 131.523041, 127.182915
292.067108, 241.168716, 131.967911, 127.072495
291.390259, 241.774216, 132.497696, 126.910606
290.926788, 241.024658, 133.318329, 127.499870
291.041565, 240.692139, 132.843124, 127.976799
290.557373, 241.170624, 132.857056, 127.309738
290.870026, 240.302948, 133.076065, 128.048355
290.862946, 240.286819, 133.186356, 128.161575
290.898529, 240.304688, 133.071716, 128.206284
290.950745, 240.214050, 133.049408, 128.081100
290.766388, 240.760498, 133.645020, 127.376984
290.829010, 240.037598, 133.201416, 128.216644
291.368103, 240.648422, 132.973618, 127.449501
292.688110, 240.256119, 130.987549, 127.211700
293.930756, 241.582031, 128.689194, 125.307968
293.496155, 241.423172, 129.044464, 125.799385
292.712952, 240.530594, 130.226883, 127.087326
292.554169, 240.555023, 130.645203, 127.184143
292.074249, 241.217697, 130.872070, 126.747238
291.916748, 240.450424, 130.682220, 127.513306
292.069153, 241.141266, 130.604752, 126.606667
292.233704, 241.112946, 131.036545, 126.508492
292.082611, 240.481186, 130.722229, 127.032974
291.929504, 241.331680, 130.630875, 126.535454
291.970093, 241.378281, 130.434097, 126.417290
291.894775, 241.106628, 130.582199, 126.757675
291.960480, 241.134308, 130.548935, 126.687408
292.278839, 240.174896, 130.508698, 127.306015
291.895935, 241.006027, 130.717575, 126.628464
291.040771, 240.780579, 131.926727, 126.546158
292.047333, 240.942352, 131.065430, 126.988289
290.930176, 239.819580, 132.924377, 128.099106
290.673096, 240.638824, 133.333191, 126.922943
291.104828, 240.532608, 133.803513, 127.140594
290.550934, 239.977203, 133.173721, 127.740265
290.597290, 239.730896, 134.071594, 128.268555
290.816895, 239.937897, 134.105148, 128.078674
290.602539, 239.992416, 133.582886, 127.443954
290.509949, 240.033295, 133.864029, 127.735268
290.934113, 239.963654, 133.594360, 127.358994
288.510864, 239.272629, 134.239578, 126.880463
291.459259, 238.712616, 131.793152, 127.412666
291.556519, 238.302521, 131.777969, 126.533432
290.290741, 237.297150, 133.089142, 127.116837
289.942200, 235.532043, 133.713028, 129.251358
290.519318, 235.773224, 133.228638, 127.789375
290.433685, 234.573608, 132.813141, 128.047363
289.547424, 232.684143, 133.347275, 128.655182
288.650055, 231.485321, 134.349182, 130.528000
286.021637, 222.822037, 135.417648, 137.345383
286.958496, 228.787537, 135.811661, 132.266357
288.804016, 231.592896, 134.757370, 129.565720
289.038879, 229.829529, 133.171021, 130.509308
290.314026, 230.456848, 132.447632, 129.539429
286.482544, 228.218384, 135.560013, 131.569565
287.856873, 228.749557, 133.959351, 130.902908
288.336365, 229.363281, 133.621109, 130.363953
288.241425, 229.297409, 133.832779, 130.581436
288.338623, 229.323776, 133.500320, 130.407043
287.470703, 228.496780, 134.034042, 131.105408
287.393921, 228.870148, 134.066284, 131.263138
287.335785, 228.929718, 134.042969, 131.314178
287.913513, 229.315186, 132.898788, 130.895905
290.381073, 231.453873, 131.265915, 129.824539
290.331757, 237.063538, 130.028473, 126.070030
289.190765, 239.689697, 131.236847, 126.302757
289.087769, 241.189484, 130.880035, 128.037155
294.126740, 248.772217, 127.397125, 122.758072
294.795776, 254.200821, 125.496338, 120.523506
296.759094, 254.434906, 125.894539, 122.854187
290.443970, 254.338867, 130.186737, 124.328575
291.259094, 255.198547, 130.644073, 123.790726
291.534302, 254.970306, 132.514709, 124.762894
289.558075, 240.393204, 138.390549, 141.404892
291.419281, 243.563843, 135.922958, 134.107529
293.626526, 248.396149, 136.044052, 125.153931
292.820129, 244.171051, 137.511856, 126.820686
293.164429, 242.837936, 135.418396, 124.342308
293.589020, 240.336945, 137.120209, 126.254692
293.458679, 239.709259, 137.494934, 126.081635
294.897400, 239.379898, 137.116806, 126.097496
296.041199, 236.680923, 138.177200, 133.995316
296.703064, 236.542938, 137.914688, 133.300049
297.216736, 236.506836, 137.044067, 132.114990
296.609558, 233.989090, 138.095703, 134.777496
297.148865, 235.448868, 138.028442, 134.015137
297.856415, 236.121216, 137.521439, 132.663376
298.355438, 235.969452, 136.467514, 132.331421
298.087982, 236.272980, 135.505447, 129.596237
297.941650, 235.831406, 134.243988, 129.645355
296.337830, 233.369507, 135.352081, 131.394440
296.517822, 234.032593, 135.118896, 130.033722
295.325531, 233.048828, 135.642990, 132.261932
294.488007, 232.601471, 136.074951, 131.479538
294.984894, 233.657043, 136.172653, 132.490280
294.010162, 233.346039, 136.167328, 132.502151
293.533203, 234.025131, 134.927994, 130.885712
292.802368, 234.635559, 134.647507, 129.973495
292.297302, 235.071838, 134.348099, 129.053604
291.221680, 234.407196, 134.445572, 130.153458
288.608398, 224.609772, 133.827576, 138.442261
290.793304, 234.495300, 133.990158, 130.093124
290.327057, 234.656204, 133.738174, 129.555908
290.474152, 233.282318, 134.815796, 130.964508
291.465393, 235.865997, 131.863632, 126.117340
288.455627, 225.288239, 134.468323, 135.734024
293.426727, 234.468765, 129.302414, 125.066078
292.173828, 233.271927, 132.193939, 127.361671
292.294464, 231.966263, 134.027023, 129.956039
298.229462, 229.579056, 129.010910, 128.209290
290.543121, 229.099304, 138.510040, 137.796967
299.732147, 225.165024, 130.135635, 132.393631
292.677826, 224.276245, 139.729752, 138.998871
292.607544, 230.163712, 136.161209, 132.839996
291.780457, 233.065125, 136.609314, 129.539185
291.331482, 230.199631, 135.527237, 130.791946
298.547607, 229.981583, 132.072937, 130.567444
290.829132, 230.948868, 136.276047, 130.741852
290.978119, 231.913452, 136.242310, 129.287460
291.772858, 232.799393, 134.671326, 127.348587
292.600494, 233.073059, 133.650146, 128.047119
291.926453, 232.862366, 134.067093, 128.217072
290.503113, 230.318207, 134.880127, 130.478943
297.638489, 228.964005, 132.701874, 132.619385
290.521545, 230.614380, 135.355331, 129.022812
291.211060, 230.450836, 134.702545, 130.063980
291.230865, 229.715881, 134.527832, 131.094910
291.072723, 229.707031, 134.357529, 131.071182
290.835358, 230.465256, 135.018112, 131.472778
290.335693, 230.969727, 136.219910, 131.376907
290.239166, 230.701157, 136.306473, 131.263458
289.685883, 230.530212, 135.910858, 131.470032
289.846375, 230.294571, 135.415665, 132.109634
289.661133, 230.655975, 135.546371, 131.065460
289.414307, 230.685089, 135.587830, 131.042633
296.864838, 231.178711, 131.014587, 130.826935
297.145386, 231.510895, 130.523605, 130.700241
296.282501, 231.427658, 131.173798, 130.226624
288.912872, 231.395782, 135.366959, 129.403137
288.034332, 231.177368, 136.052094, 129.973618
287.890747, 231.830612, 136.287094, 129.666199
288.440002, 232.126709, 135.450745, 130.136322
287.488586, 231.957932, 136.386932, 130.426956
287.749573, 233.092133, 135.711533, 129.056351
287.680634, 233.713928, 135.240555, 129.649902
288.473541, 235.420456, 133.647247, 127.518188
287.713806, 231.421844, 135.621872, 132.882507
287.828003, 231.567017, 137.372772, 132.398773
286.990845, 234.243927, 134.990616, 130.177170
287.518005, 234.879333, 133.833344, 129.499420
287.622284, 235.117844, 133.688675, 129.087921
288.555603, 235.672226, 132.885620, 128.083069
283.940216, 225.364639, 137.173004, 138.571167
283.911072, 225.710281, 137.324310, 139.356003
282.963562, 225.510712, 137.857193, 139.705765
282.575867, 225.406937, 138.637344, 141.101166
288.730743, 237.305252, 132.214767, 127.596107
288.293030, 236.673157, 133.362839, 128.639816
287.611938, 236.584473, 133.720245, 128.052094
287.643127, 237.025299, 132.786926, 126.310997
286.477570, 236.183624, 133.898987, 127.494331
286.702667, 235.530640, 133.539764, 129.404572
286.721924, 236.372787, 133.644760, 128.587265
286.527740, 236.656860, 133.179779, 128.643967
287.113159, 236.467514, 132.182251, 127.789742
287.221741, 236.768341, 132.409988, 128.848083
286.597565, 236.615631, 133.113678, 129.029846
286.728027, 237.543396, 133.567352, 128.279404
285.899536, 237.364517, 134.781174, 128.507935
287.504974, 237.668549, 132.204086, 127.920143
287.667419, 238.656143, 132.583450, 127.869232
288.004059, 238.514130, 132.379807, 128.121429
288.432465, 238.624420, 131.712921, 127.998253
287.891876, 238.471085, 133.198837, 128.010635
287.809814, 239.345963, 132.904083, 127.894348
288.591187, 239.478851, 132.447388, 127.287033
288.579437, 239.963303, 132.177017, 126.732719
288.935638, 240.741852, 132.212112, 126.031464
289.211792, 240.911102, 132.171295, 126.264114
289.700623, 240.881378, 131.218445, 125.733681
289.618866, 241.090530, 131.349060, 126.276985
289.872101, 240.437103, 131.857895, 126.643906
288.610626, 240.615021, 133.583740, 127.397186
289.703400, 240.211578, 133.708344, 128.084229
290.677765, 239.623596, 134.489456, 128.872528
291.471863, 239.702408, 134.307968, 130.069641
291.864197, 239.720871, 133.693588, 129.628906
291.755737, 240.484833, 134.115417, 128.702896
291.633759, 240.631531, 134.142761, 128.621429
291.362793, 241.145584, 134.000839, 127.830612
291.332520, 241.163849, 134.143555, 127.817902
291.242889, 241.141006, 134.176346, 127.952576
291.682739, 240.437469, 134.353622, 128.746994
291.484741, 241.114777, 134.697159, 128.377808
291.509705, 240.617523, 134.456696, 129.654037
290.865662, 240.623749, 135.334503, 129.836334
290.939819, 240.902100, 135.337341, 129.929367
290.819641, 240.770782, 135.387436, 130.147491
290.848602, 240.821838, 135.332230, 130.122620
290.877502, 240.842163, 135.254333, 129.940247
290.969543, 240.738464, 134.579498, 129.373398
291.071930, 240.551544, 134.442429, 129.174088
290.842834, 240.460373, 134.803299, 129.231888
290.280304, 239.613297, 135.202377, 129.630371
291.108124, 239.844681, 134.271652, 129.902649
290.883636, 239.800079, 134.972656, 130.357895
291.046021, 239.641251, 134.454803, 130.028946
290.764954, 239.692169, 135.001892, 130.282684
290.403595, 240.585571, 134.170395, 128.822403
290.753143, 239.644669, 135.222794, 130.513428
290.715454, 239.701248, 135.413864, 130.426132
291.019135, 239.723709, 134.601929, 130.159470
290.838226, 239.634949, 135.207825, 130.367218
290.932404, 239.718018, 135.083359, 130.279648
290.816650, 239.624390, 135.375137, 130.347336
290.741486, 239.645218, 135.341721, 130.305130
290.894958, 239.833740, 135.320206, 130.246918
290.834808, 240.721680, 134.680054, 129.065781
290.791718, 240.250198, 135.300766, 130.479996
291.205627, 239.927002, 134.701294, 130.017471
291.181427, 239.992920, 134.739441, 130.123962
291.142242, 240.242310, 134.859116, 129.707245
291.050812, 240.170410, 134.877518, 129.817383
289.240967, 237.715012, 135.906891, 131.015594
291.581055, 240.003418, 133.414474, 128.282593
290.295746, 238.200195, 136.143723, 131.738480
289.936371, 238.388397, 136.290695, 131.770447
289.611206, 237.642075, 136.360291, 132.982361
289.033844, 237.554138, 136.406021, 131.493195
288.593018, 236.592072, 135.897903, 131.800140
288.983704, 237.336304, 136.385330, 131.627563
291.897949, 240.630234, 131.348526, 126.922188
291.989471, 240.683517, 131.174973, 126.950386
288.211151, 237.000275, 136.158249, 132.134018
288.692963, 237.554688, 135.592545, 132.197296
288.421356, 236.598801, 136.013367, 131.808853
288.601563, 238.101013, 135.861328, 130.905792
289.168762, 237.665024, 136.441284, 131.488998
288.868103, 236.893524, 136.579422, 132.298950
289.185883, 237.933212, 135.672348, 130.876953
291.032318, 240.738800, 133.259705, 127.572762
290.959686, 240.679749, 133.497864, 127.898102
291.443481, 241.293991, 132.676666, 127.473244
291.705597, 241.126526, 132.586151, 127.568680
292.178497, 240.274200, 131.953629, 127.748299
292.062561, 240.379959, 132.198441, 127.761009
292.091003, 240.587555, 131.828308, 127.738182
292.776672, 240.445404, 131.474716, 127.307076
291.874420, 240.597275, 131.543961, 127.583817
291.299896, 240.476028, 132.962021, 127.435944
291.694092, 240.266922, 133.071396, 128.724274
291.063904, 239.790756, 134.392120, 129.963058
291.822937, 240.267334, 134.073074, 130.156464
291.780945, 239.861282, 134.098907, 130.324539
291.626160, 240.329514, 133.533966, 128.852814
290.767334, 239.756378, 134.209076, 129.213028
290.968506, 239.566620, 134.396240, 129.398758
290.929657, 239.623550, 134.395554, 129.246445
290.805878, 239.556427, 134.825638, 129.564789
291.814606, 239.524826, 133.713593, 129.277939
291.047119, 238.793335, 134.249786, 129.493851
291.646576, 239.520157, 133.203049, 128.159882
288.757019, 235.267883, 136.608841, 132.333954
291.685913, 239.399490, 133.192505, 128.147232
292.288025, 239.487839, 132.643906, 128.375092
291.648773, 239.013123, 133.276199, 128.747040
291.788849, 238.920944, 132.954865, 129.091232
288.665405, 235.346313, 137.099442, 132.733856
288.846191, 235.223587, 136.347122, 132.202667
288.235809, 235.502136, 136.715256, 132.085510
288.744598, 234.916077, 136.299164, 132.196152
291.556213, 238.699142, 133.284744, 128.450302
291.458466, 238.676453, 133.366241, 128.662155
291.216644, 239.311905, 133.588470, 127.845520
289.205200, 235.237793, 136.180405, 132.005219
291.167908, 238.990356, 133.507813, 127.716141
290.797455, 239.143417, 133.177979, 127.728638
290.697876, 239.028854, 133.209610, 127.719734
290.637909, 239.153793, 133.498398, 127.936417
290.577515, 238.224045, 133.107315, 128.016373
290.524109, 238.455780, 133.603394, 128.781631
290.184052, 238.778046, 133.932205, 127.770309
291.266541, 239.241608, 132.846375, 127.850067
291.126617, 239.221558, 132.725311, 127.737000
291.380676, 238.470215, 133.086182, 128.440933
291.281006, 239.167908, 133.343246, 127.821213
291.195679, 239.415131, 132.727921, 127.459152
291.135651, 239.325851, 131.880646, 126.821152
291.922180, 239.380432, 131.777786, 127.322762
291.793213, 238.830811, 132.724457, 127.769173
291.660645, 238.156570, 132.898575, 128.732590
291.709564, 238.244598, 132.779556, 128.524323
292.091736, 238.649231, 133.074402, 128.067886
291.937653, 238.150131, 132.812439, 128.489166
290.992645, 237.830124, 134.074493, 128.980728
290.854889, 237.829010, 134.229782, 128.902435
290.854919, 237.834213, 134.065018, 128.833710
290.898804, 237.908386, 134.090225, 128.909119
290.994629, 237.957520, 133.867050, 128.615356
289.965393, 237.621002, 134.874557, 128.738998
290.830994, 237.989883, 133.289474, 128.678757
291.159454, 237.906403, 132.750351, 128.338959
290.476135, 237.814575, 134.168854, 128.349319
288.718231, 234.210297, 136.566498, 133.673599
291.352020, 238.117371, 133.343811, 128.218842
290.237488, 237.896942, 134.681381, 128.642181
291.182800, 238.155014, 133.636032, 128.467499
291.046478, 238.103806, 133.620850, 128.481705
291.079742, 238.023682, 133.760132, 128.552841
291.286194, 238.147034, 133.660416, 128.504028
291.219727, 238.024048, 133.764450, 128.498672
292.451752, 239.171448, 131.533310, 126.533905
292.598877, 239.228821, 130.599243, 125.220444
291.586609, 238.110687, 132.535278, 127.045723
290.328461, 237.405487, 134.478653, 127.477402
289.752625, 237.200531, 134.231949, 127.020317
290.453186, 236.482285, 134.431488, 127.234596
290.215393, 235.476929, 134.705322, 127.830452
291.032898, 233.374542, 134.700684, 130.322617
290.452637, 232.252090, 135.084991, 130.447342
289.941345, 231.831268, 135.348404, 129.535736
289.966705, 231.261826, 135.148926, 128.178314
289.470245, 231.514526, 135.606003, 128.590820
290.392242, 230.994247, 133.769669, 128.278015
291.839264, 234.354980, 133.538589, 128.319138
296.998749, 239.067535, 128.207260, 124.064278
295.418671, 239.789795, 130.333679, 130.454147
295.645905, 242.613983, 133.593262, 133.764862
297.212067, 250.622040, 129.938843, 129.859787
301.672302, 257.875244, 125.284103, 120.944603
299.448578, 260.034973, 127.450493, 122.742142
301.496918, 261.405701, 125.294182, 120.589111
304.425385, 257.624237, 125.588585, 124.467407
311.192200, 269.809204, 117.371170, 114.915825
311.554901, 269.967773, 117.879631, 116.076225
313.743134, 270.832001, 116.617859, 115.202553
312.864349, 270.776489, 117.817635, 115.911217
313.377289, 269.970245, 118.254677, 116.771507
313.463226, 270.895325, 118.367081, 114.558304
311.712646, 269.251862, 120.953316, 116.593506
303.806824, 262.447174, 127.700157, 125.276001
299.928680, 253.428253, 132.356400, 132.948425
301.707733, 242.299469, 135.004028, 136.786835
299.231842, 249.543213, 138.900864, 132.004044
299.454987, 248.045380, 135.406555, 129.316666
302.128754, 244.174377, 134.689728, 128.647659
303.435547, 240.841324, 131.718369, 129.863876
300.950958, 243.439423, 132.218979, 129.475464
300.756714, 242.577850, 132.634354, 129.600510
300.620789, 239.936920, 132.472549, 130.014221
299.384369, 235.448975, 139.498962, 134.067703
299.935760, 235.402969, 138.691620, 133.693787
300.526825, 235.040070, 138.191162, 132.809174
299.495026, 231.619659, 137.544876, 135.528015
299.796051, 231.011459, 137.939423, 136.597717
299.304626, 230.508362, 137.733734, 135.390808
300.576782, 234.408875, 137.839493, 132.041519
300.183228, 234.054001, 137.802750, 131.307983
299.875183, 233.294037, 137.218903, 131.657135
299.609528, 234.045715, 136.229675, 130.569489
298.151978, 232.534119, 138.230667, 132.773483
299.118622, 239.317032, 132.270401, 124.647354
298.147491, 239.351532, 134.561127, 127.545120
297.417084, 239.941315, 134.838776, 127.144493
297.578278, 240.654068, 134.000534, 126.266319
297.364746, 240.260742, 134.459442, 127.214470
297.565674, 240.467789, 134.256561, 127.175819
297.512848, 239.696426, 133.526978, 127.975754
296.452942, 234.043274, 138.721207, 133.857361
296.304138, 233.809753, 138.924500, 134.197220
297.123932, 239.359222, 134.066467, 128.634033
296.739044, 239.730209, 134.049362, 129.019531
296.587341, 239.961121, 134.187027, 129.029678
295.770172, 234.923019, 139.608810, 133.993347
295.346375, 235.050964, 140.073898, 134.835785
295.935516, 239.921326, 134.091324, 129.857162
295.141998, 230.115921, 136.436172, 137.189270
295.954712, 235.871552, 139.671219, 136.263901
295.861725, 236.071472, 140.218018, 136.822357
295.319733, 233.996155, 142.075272, 140.239365
295.415314, 236.493851, 141.108047, 136.636429
295.326721, 242.744476, 135.028854, 130.709030
295.452789, 237.106583, 140.536865, 136.300323
295.306732, 242.548737, 135.487640, 131.525055
295.145966, 242.527069, 136.253052, 130.928955
294.605530, 237.221497, 141.142395, 137.408707
295.094971, 236.694885, 140.836044, 137.969757
294.134979, 236.132141, 142.023285, 138.983719
293.886078, 236.288956, 142.356277, 137.840439
294.241486, 236.172150, 142.199448, 138.426483
294.412048, 236.201019, 142.266495, 137.455750
295.528656, 242.292206, 136.309097, 132.034088
296.278137, 242.713623, 135.344116, 131.790771
296.254700, 243.329941, 135.824417, 131.140289
295.976654, 243.922058, 135.585648, 130.896484
296.096375, 243.269104, 135.718842, 131.444977
297.267670, 238.244202, 138.920776, 135.613647
297.561340, 238.367920, 138.341614, 135.895065
296.206055, 243.492096, 133.858887, 130.339905
296.470947, 237.149948, 139.713928, 136.701126
295.460175, 237.529770, 140.449448, 135.358047
295.648651, 236.736115, 140.225296, 136.930786
295.866119, 237.479034, 139.910645, 135.851563
295.640717, 236.884277, 140.146851, 137.177780
295.574951, 236.938049, 140.236221, 137.083527
296.376678, 237.722168, 139.534592, 136.222534
295.545593, 237.452423, 140.350403, 135.270142
295.441345, 244.144394, 134.839493, 129.757797
295.387970, 244.121002, 134.785522, 129.941086
295.400208, 244.060654, 134.952499, 130.399857
295.346191, 244.648422, 134.968033, 129.211472
295.433929, 243.713913, 134.796265, 130.308975
295.612976, 243.028900, 135.040680, 130.504913
297.964783, 242.561768, 134.449860, 130.254364
298.922119, 239.875443, 136.061569, 131.722534
301.380066, 234.653427, 135.930008, 133.676834
297.680328, 230.015732, 137.680527, 134.367737
307.055450, 231.744324, 130.777084, 129.637299
301.847626, 225.595444, 133.666412, 137.434937
303.675385, 222.934036, 135.954834, 141.552017
303.836182, 221.758209, 140.546417, 141.550293
309.459106, 223.122406, 139.422852, 141.097427
310.850739, 223.007874, 139.217880, 140.125626
311.823273, 221.147171, 138.272186, 138.622269
310.564880, 218.532394, 138.823303, 139.544662
308.061829, 219.611694, 137.935791, 138.710983
314.856049, 221.896362, 131.559082, 130.165939
307.658295, 217.442993, 134.402695, 134.492767
309.275146, 218.736893, 128.365479, 129.018402
306.793274, 216.058136, 135.273132, 135.457245
308.757721, 218.098907, 132.351608, 132.255692
308.394073, 219.339890, 131.969284, 131.557098
309.872375, 218.814026, 130.797333, 131.835541
309.582062, 219.832809, 129.385544, 131.139374
308.717651, 219.989044, 127.916519, 130.763641
302.282867, 220.358429, 135.541046, 130.712219
306.206757, 217.285477, 131.216766, 133.486374
312.345154, 222.409225, 129.083710, 127.080269
310.992798, 220.837997, 129.383255, 129.721558
305.758362, 215.941498, 135.394302, 138.159424
307.180878, 208.252731, 145.196167, 148.215088
314.189301, 196.333496, 137.786819, 151.845047
322.527588, 197.228790, 133.346390, 155.753632
332.529999, 199.537888, 131.469025, 162.573166
345.420929, 195.619385, 126.228287, 145.497971
542.365234, 284.470032, 32.479458, 30.069708
379.828308, 205.269470, 94.025589, 95.916496
542.232910, 284.434692, 32.652851, 30.239450
378.630524, 190.595245, 57.176685, 63.417835
542.052368, 284.440826, 32.742508, 30.226511
381.717438, 199.429077, 92.457481, 93.191605
437.419250, 339.036652, 22.552643, 21.823744
376.758331, 197.574570, 98.312935, 104.513512
377.146088, 200.223480, 91.120384, 94.512375
428.761353, 322.417480, 22.238775, 19.021860
225.212967, 363.536499, 56.456615, 50.049870
375.203583, 197.514191, 91.899338, 93.546478
375.239136, 200.536697, 89.802696, 92.440033
0, 0, 0, 0
60.945980, 268.078247, 275.418915, 262.637299
540.551758, 283.661591, 33.404140, 32.450832
210.946335, 366.081024, 68.440437, 59.520195
212.771942, 366.442810, 67.963699, 59.433266
369.410278, 205.168274, 85.666092, 88.646088
370.988983, 203.491043, 80.236183, 89.100189
211.366882, 366.683594, 67.878517, 60.510406
541.069641, 283.880585, 32.273739, 31.407091
362.928589, 199.996719, 91.013969, 98.508606
539.905212, 284.100769, 32.983448, 31.074183
212.000519, 366.670776, 67.827431, 60.318714
539.322205, 284.273987, 32.572960, 31.026543
210.108185, 367.533447, 68.475250, 60.632748
210.324310, 366.869110, 68.152557, 60.260098
210.354660, 366.872986, 68.105606, 60.100056
211.391022, 367.489319, 67.267838, 60.396915
211.644318, 366.923401, 70.868698, 62.903877
343.741425, 193.467850, 111.201530, 117.075317
325.253967, 203.120331, 133.308868, 152.213272
205.950714, 366.326355, 70.202858, 60.978855
290.511963, 205.677292, 142.755447, 158.890945
277.356201, 196.261703, 140.482117, 146.731186
277.586060, 202.280334, 141.939301, 140.402786
273.601837, 201.925018, 141.941086, 142.731766
273.492462, 207.180923, 137.124054, 135.266891
273.143677, 206.749359, 135.864227, 134.501511
272.378937, 208.534286, 136.238678, 132.617493
271.007904, 209.732468, 137.914276, 134.842331
269.884094, 211.342010, 138.604889, 135.558090
266.993622, 214.380585, 146.239120, 137.333603
270.561615, 217.014404, 141.079163, 134.432846
270.819641, 215.244080, 134.712189, 134.717346
272.672882, 215.033127, 138.434494, 137.717560
271.000977, 218.178375, 135.229279, 136.320068
271.945618, 219.492355, 132.064270, 134.091766
271.245850, 218.209473, 139.236252, 140.026031
272.163635, 218.353256, 139.383652, 139.338150
265.607178, 220.406158, 135.390579, 141.896622
274.374664, 229.863907, 129.208252, 129.230042
275.349243, 230.742737, 127.812241, 124.990456
270.917877, 231.901352, 130.322388, 127.758087
269.421875, 228.666824, 131.703720, 132.089935
268.629639, 228.695755, 132.085602, 132.633102
267.886536, 228.174530, 131.659714, 132.226990
268.042236, 224.832184, 129.717651, 132.985016
266.322388, 226.602249, 133.874268, 135.807327
266.897400, 225.232452, 130.933655, 133.691284
266.483063, 226.797882, 134.035812, 135.607864
266.367859, 226.847473, 135.366287, 136.653473
268.819275, 225.654831, 129.836227, 133.173965
268.632599, 230.290009, 134.771606, 132.802429
268.741791, 227.010391, 134.279114, 136.828171
268.687988, 227.046478, 134.803513, 137.033981
268.293671, 227.007172, 135.351959, 137.185913
269.314301, 227.154800, 136.144485, 137.546677
269.794128, 226.704773, 136.174957, 137.596039
270.582703, 227.200073, 135.305466, 136.633621
270.926849, 228.300354, 134.835907, 135.522720
270.468597, 229.993683, 134.663513, 134.734222
270.407776, 230.404526, 135.068298, 134.918304
270.534058, 232.439743, 134.835770, 133.836975
270.413452, 233.490341, 135.062439, 133.851974
270.608643, 234.312561, 135.021545, 133.044556
270.427551, 234.357849, 135.550812, 133.671402
269.505920, 233.834213, 135.782349, 134.295654
269.136658, 234.286499, 136.052063, 134.516190
268.921844, 234.438919, 136.670502, 133.643967
268.608826, 234.517868, 136.871017, 133.483429
268.160736, 234.265030, 136.492279, 134.034119
267.773010, 234.170441, 136.369705, 134.054840
267.381622, 233.387848, 136.150467, 134.538956
267.239227, 233.472809, 136.450348, 133.949509
266.425568, 233.156387, 136.179703, 134.163315
265.490204, 232.508026, 136.344910, 134.289108
265.665863, 231.944702, 135.473221, 135.065308
265.268921, 232.086807, 135.704071, 134.858322
265.240173, 232.259399, 135.657883, 134.498581
265.124969, 232.831573, 136.009186, 134.104172
265.105347, 233.536301, 136.317810, 133.515320
265.416504, 233.315659, 135.366455, 134.411224
265.784576, 233.727112, 135.703888, 134.107590
266.262939, 234.963379, 134.950104, 133.338104
266.181885, 235.996307, 135.458405, 132.212509
266.090515, 235.967346, 134.565063, 132.503464
265.755310, 236.303116, 135.825729, 131.915695
265.968445, 236.248108, 135.762604, 132.244720
270.582794, 236.299866, 129.335114, 130.472870
266.423401, 240.519409, 133.720245, 129.461044
267.260773, 244.212814, 130.856369, 126.303902
266.983154, 244.181519, 130.437347, 127.748413
269.533691, 239.643997, 131.348145, 132.172302
268.764709, 248.443130, 131.965073, 126.690071
269.105072, 248.012054, 131.371078, 128.625626
270.078949, 248.406876, 131.579620, 128.670975
271.729065, 249.753799, 131.891861, 128.818130
273.527740, 249.321136, 132.407852, 131.503616
270.509796, 242.044357, 138.923462, 143.554092
272.016968, 242.156433, 140.076691, 144.070145
276.279846, 253.601578, 133.301056, 131.596558
282.117554, 253.409180, 133.201828, 134.142822
283.734711, 253.955399, 134.518311, 134.279190
281.069946, 245.513077, 142.661758, 148.514954
288.522644, 255.040054, 133.803543, 133.128220
289.526062, 255.238586, 134.981003, 132.911926
288.955597, 247.805908, 141.058151, 146.660477
292.181519, 242.975189, 139.002899, 144.468887
624.612366, -1.088907, 80.734695, 72.972885
626.878723, 0.676525, 80.533577, 73.569466
297.599792, 251.152817, 138.498413, 131.388931
298.602356, 241.450439, 142.037140, 142.752548
299.955444, 241.601135, 135.870758, 138.945267
301.687714, 240.812759, 136.842194, 136.198807
303.798828, 242.971756, 136.675659, 132.280121
303.339233, 242.255814, 138.027695, 133.549927
303.592621, 240.723495, 138.087204, 133.310913
302.637512, 240.099075, 137.799606, 133.388443
300.934174, 239.716141, 138.350906, 134.314255
299.727081, 240.213379, 138.776932, 134.608505
297.890808, 236.447998, 135.881180, 136.992432
297.038635, 240.437927, 139.177719, 134.455215
295.824158, 241.041245, 138.441010, 134.489471
294.507813, 241.286713, 138.694305, 134.216339
294.264160, 242.367416, 137.149719, 133.103699
293.769440, 242.333298, 137.702515, 133.047928
293.683350, 241.301208, 137.671860, 133.578400
293.496765, 240.920685, 138.237625, 133.794022
293.129181, 240.670303, 139.295029, 133.544983
294.083832, 239.962280, 137.612411, 133.692856
294.508911, 239.459015, 138.245850, 132.958633
294.524963, 239.731781, 138.073624, 133.510834
294.639008, 239.503906, 138.196320, 133.707199
293.614380, 238.594803, 139.588104, 132.605713
294.478729, 238.548935, 139.684738, 134.593842
294.179596, 238.106995, 141.011993, 134.624161
294.466095, 238.666229, 139.341248, 133.591141
294.873535, 238.785187, 139.077972, 133.479370
295.155365, 238.266617, 138.217621, 134.867859
294.762543, 238.706665, 139.499359, 133.957657
294.140320, 238.166245, 140.672012, 134.136917
294.515686, 238.841476, 138.855347, 133.743286
294.147400, 238.399658, 140.700775, 134.822083
293.885162, 238.202515, 140.859894, 134.661224
293.854218, 237.996231, 139.988388, 135.255096
293.599091, 238.131302, 139.277954, 133.560150
292.936707, 238.078003, 139.925613, 133.688538
292.627289, 237.672562, 138.927704, 133.927277
293.096191, 237.985428, 138.696915, 134.202057
293.015930, 238.504517, 138.998688, 133.222717
293.604095, 238.213043, 137.816055, 133.533066
294.013367, 238.282516, 137.251480, 133.087570
293.588593, 238.912506, 138.197845, 132.535400
293.487671, 238.772064, 137.871994, 132.277451
293.169891, 238.070740, 137.473740, 132.607285
293.025482, 238.278168, 137.257278, 132.353867
293.070923, 238.333893, 137.083099, 132.079285
292.877411, 238.438339, 137.122818, 132.522827
292.611572, 238.465576, 137.557373, 132.582260
292.668243, 238.360870, 137.012497, 132.083923
292.830231, 238.869965, 137.183533, 131.294312
291.903656, 238.089523, 137.170959, 131.876633
291.742126, 237.281738, 137.163742, 132.466461
292.119598, 237.996674, 137.160568, 131.530411
291.721741, 237.969772, 137.088577, 131.434158
291.567169, 237.991470, 137.207855, 131.570023
291.457275, 237.825806, 137.220078, 131.594971
290.814575, 237.665985, 137.650345, 132.184952
291.070282, 237.994034, 137.649612, 131.747528
290.614807, 237.785492, 138.186127, 131.774551
290.548370, 237.367538, 138.312134, 132.773743
