252.741119, 175.130417, 101.168175, 94.929878
253.318192, 175.170258, 100.255379, 94.651329
253.812210, 174.191513, 99.843948, 93.825066
253.118271, 174.336685, 100.996857, 93.628944
253.236664, 175.058792, 100.927673, 94.131622
253.899460, 176.024887, 98.445328, 88.485512
253.431656, 173.667694, 98.216377, 88.705475
253.670151, 173.566544, 98.236588, 88.651009
251.189590, 172.971313, 98.975243, 88.251503
249.595657, 173.020782, 92.115715, 79.627678
249.870743, 172.416046, 99.777534, 89.769402
243.744263, 169.827026, 101.070450, 90.260902
242.434662, 169.649460, 101.084801, 89.991814
242.434906, 169.698257, 101.069901, 89.975182
243.970474, 171.375931, 102.120125, 90.676529
246.249649, 175.718002, 99.511475, 92.206917
245.705643, 180.460800, 95.663132, 84.232399
244.127960, 179.834259, 103.735832, 94.852806
245.175339, 180.188858, 105.015999, 97.935608
245.069489, 180.199310, 105.110840, 97.861877
238.095001, 185.023987, 100.722183, 96.714020
239.979309, 186.437134, 108.020439, 102.443405
241.660782, 186.774109, 106.427223, 101.046364
230.269470, 193.028564, 99.489853, 91.655624
227.936325, 198.328186, 111.959389, 101.365433
227.794617, 198.197998, 111.843552, 101.360313
220.639404, 192.000580, 113.424278, 103.679657
226.155151, 202.562103, 104.908035, 93.542305
224.321823, 203.385223, 101.573807, 92.250504
222.047516, 200.652573, 98.435593, 88.632500
223.481705, 202.459534, 105.748436, 93.427193
222.382050, 202.607254, 106.991417, 92.044365
222.537506, 203.651917, 96.178238, 86.697777
222.568283, 203.520142, 95.134628, 85.740166
222.550049, 203.534897, 95.196236, 85.786919
221.883682, 201.120300, 100.011055, 88.166397
222.750000, 201.557419, 91.712929, 86.585495
222.284622, 199.983673, 93.464027, 84.695595
223.828156, 199.040039, 99.954605, 89.936806
224.782181, 199.903809, 94.676506, 83.330795
225.295853, 199.924118, 94.196869, 83.929710
227.634338, 196.843369, 99.220909, 87.919708
227.954041, 196.605423, 95.759071, 85.544167
228.136017, 196.498260, 95.270882, 86.178642
227.600800, 193.874008, 103.572548, 91.717430
228.814850, 193.246857, 104.943184, 93.525520
228.885559, 193.302887, 104.777489, 93.395409
231.948578, 188.606979, 101.898323, 90.017876
232.334335, 187.327560, 102.781380, 91.381828
232.338547, 187.262390, 102.841850, 91.421799
234.481781, 189.251572, 103.236725, 91.248924
233.670425, 189.891205, 107.019485, 95.984657
235.066391, 189.736145, 102.586563, 91.337334
233.734497, 190.868195, 107.060738, 95.291718
234.375427, 187.119080, 102.410095, 92.821327
234.423874, 187.684235, 102.171661, 91.436539
234.954285, 188.565231, 106.819313, 95.449326
236.423355, 188.520233, 106.124443, 94.682602
236.761185, 188.161667, 105.575829, 94.840866
238.518143, 192.795517, 102.121193, 92.780899
238.410416, 191.767975, 102.619339, 93.727844
238.362335, 191.806824, 102.730927, 93.671654
237.936310, 189.978485, 100.567909, 91.317253
236.722733, 188.428253, 101.588898, 92.276382
236.695923, 188.338120, 101.612808, 92.365036
234.401932, 184.288757, 101.015617, 92.571823
233.214417, 183.415588, 104.519081, 92.563423
236.901001, 187.883789, 94.735435, 85.627083
230.892624, 186.357101, 98.996506, 87.941978
230.487061, 186.516907, 98.754814, 87.964790
230.272461, 186.143463, 99.723114, 89.328239
229.567215, 184.964645, 106.569870, 91.956696
229.651123, 185.102081, 105.970741, 92.578079
229.646210, 184.791061, 105.876938, 93.636543
228.663467, 186.459610, 105.285240, 93.194572
230.932220, 188.093353, 99.215218, 87.337296
232.218369, 187.339798, 97.136665, 85.807610
229.012985, 187.983109, 97.721146, 90.142403
229.681168, 189.071243, 101.215492, 89.368347
229.716110, 188.841553, 97.072792, 90.754265
229.567444, 189.637726, 101.911430, 88.852180
229.315948, 188.368973, 104.362778, 89.927567
229.254913, 188.269867, 104.267502, 89.886086
230.822388, 189.915253, 97.488144, 89.113281
230.369751, 188.492249, 104.550537, 90.269615
231.315491, 187.341049, 100.982521, 90.925926
232.411484, 187.713928, 100.633423, 90.368950
231.529007, 187.408493, 103.219193, 90.372986
231.625076, 187.327133, 104.013802, 90.522514
232.732895, 187.391113, 102.538940, 90.576332
233.049713, 186.755203, 104.585190, 94.725189
236.026260, 188.267410, 99.015739, 89.792557
233.507629, 187.006882, 102.347404, 94.022896
233.585342, 188.095947, 100.127243, 91.958771
233.511490, 188.194733, 100.143997, 91.846451
232.900375, 186.614670, 102.379944, 93.280998
231.450638, 186.460510, 102.454865, 91.205269
234.188934, 187.207748, 100.202095, 91.197723
230.289642, 185.397766, 98.984604, 90.549034
229.878250, 184.613892, 98.708710, 90.296303
229.839722, 184.669662, 97.986259, 89.651306
232.328140, 184.689743, 101.329346, 89.329636
232.306808, 184.225784, 102.118340, 90.635994
232.301651, 184.363846, 102.024040, 90.489960
231.823914, 183.808212, 100.825272, 91.218781
232.680161, 184.126587, 100.079399, 90.703613
232.691147, 184.167877, 100.006172, 90.673027
234.273941, 184.876007, 100.443504, 88.954727
234.477478, 184.450027, 101.360405, 90.056648
234.918976, 183.993866, 100.630791, 89.809517
233.491394, 183.807724, 102.986893, 91.097099
233.455887, 183.294739, 103.617867, 91.737099
233.494888, 183.258133, 103.806541, 91.800575
233.799133, 185.033752, 97.805840, 91.664330
234.657883, 184.108078, 103.279175, 91.473671
234.008255, 186.315155, 97.799538, 90.475418
233.524734, 184.860672, 104.527573, 92.787804
234.089035, 185.032974, 103.343933, 92.794739
234.082260, 184.979614, 103.409805, 92.987473
235.247391, 184.595200, 104.395683, 93.375847
235.214813, 185.831589, 101.440834, 90.829781
235.244659, 185.663849, 101.319420, 90.894547
236.643051, 184.850464, 104.698997, 90.362724
236.230011, 183.967239, 105.906334, 91.492050
235.753952, 185.438232, 100.168648, 88.768997
233.990097, 183.812241, 106.326698, 91.846191
234.276535, 184.292358, 105.299606, 91.893326
234.341721, 184.361694, 105.129715, 91.810570
235.377777, 185.340729, 104.013344, 92.035500
234.909332, 184.864655, 103.075447, 93.229324
235.175583, 185.295242, 103.447609, 93.889679
236.819870, 185.998566, 102.588501, 91.137138
237.627380, 185.689194, 101.662964, 90.376595
237.809235, 185.435501, 101.599579, 90.778160
240.076569, 185.703339, 100.520180, 89.659142
241.798447, 185.439285, 100.880486, 89.069832
241.096024, 189.253021, 93.074501, 82.675186
244.428085, 185.850861, 97.668831, 88.851547
246.596313, 187.363739, 95.982491, 86.588577
246.582230, 187.262863, 96.030724, 86.710968
246.787735, 187.245682, 94.706612, 84.128075
247.578873, 186.004822, 98.054184, 89.053749
247.034485, 187.708603, 93.514763, 85.971794
249.618088, 187.503876, 95.755844, 86.474472
251.411163, 187.438675, 96.253090, 86.844719
251.224854, 187.510284, 96.427383, 86.881454
252.090576, 188.928055, 93.684647, 86.819527
251.566589, 185.986893, 97.356743, 89.566650
251.706360, 186.128571, 97.198410, 89.369514
253.493881, 188.780563, 91.894676, 86.114174
253.906937, 188.809021, 92.543343, 85.300423
253.883301, 188.829758, 92.573097, 85.309219
255.407410, 189.171112, 92.367317, 86.095497
254.799561, 188.201096, 93.384529, 87.684761
254.017639, 187.999725, 94.387688, 88.604622
254.255096, 187.052109, 94.670425, 89.333977
255.727676, 188.739243, 92.440910, 86.500076
255.796036, 188.415405, 92.440811, 87.175613
251.992584, 185.588989, 98.931297, 88.656128
252.189972, 185.389771, 98.777199, 88.924377
256.662659, 188.391785, 91.401207, 85.828712
253.846970, 187.676102, 93.017044, 83.901726
253.614975, 187.225891, 93.248367, 86.219955
254.059860, 188.426788, 92.592789, 82.609436
253.051651, 187.560425, 92.985207, 84.597313
251.344070, 184.778641, 98.978363, 89.245605
251.279099, 184.750839, 99.075806, 89.276344
254.458160, 186.031677, 96.841728, 86.585884
253.900848, 185.997925, 97.415421, 89.155350
252.705826, 189.116821, 94.653305, 85.740623
254.449188, 185.893997, 96.120224, 86.632347
254.624496, 186.114365, 96.170265, 85.757607
254.758057, 185.562271, 94.743088, 85.470253
251.519623, 185.199860, 99.203423, 88.912155
251.522903, 184.884293, 99.099480, 89.049461
253.945557, 186.603333, 92.605438, 87.547203
255.977661, 186.410919, 93.254799, 85.125320
251.564545, 185.378998, 98.756157, 88.815582
251.244583, 185.122421, 99.739449, 89.818283
251.538086, 184.749283, 98.773163, 91.581795
255.165833, 186.226151, 95.144081, 85.856895
255.145203, 186.133713, 95.167786, 85.975052
254.107910, 187.271500, 94.295097, 82.279022
253.465958, 188.118454, 94.641983, 84.127861
253.280807, 188.002228, 94.910072, 84.294785
251.679276, 187.450958, 96.122208, 85.717499
249.744370, 185.252625, 97.111336, 85.723854
250.335663, 185.749557, 95.311615, 86.370094
246.895416, 184.774826, 99.164719, 89.044014
247.205002, 185.155304, 97.891594, 87.728889
247.210754, 185.251297, 97.802483, 87.624321
247.824646, 184.909363, 95.521523, 83.490982
243.831848, 184.001984, 100.668060, 88.527657
244.004013, 183.635284, 99.776848, 87.718430
243.014053, 183.909958, 101.780357, 89.292595
241.993134, 180.390091, 103.582619, 90.230957
242.178680, 180.378342, 103.528053, 89.856110
243.203049, 181.929031, 100.341461, 87.227928
242.621231, 181.577484, 99.247147, 86.841652
242.413025, 182.660583, 98.701180, 85.628334
241.430511, 181.504456, 98.126404, 86.936958
240.778015, 181.045898, 100.604485, 87.866333
240.797226, 181.031189, 100.505058, 88.042816
242.596161, 180.983246, 100.014534, 90.461769
242.346268, 182.310471, 99.563507, 87.296806
242.400024, 182.311218, 99.437065, 87.342461
241.959457, 181.631699, 99.932312, 88.168922
244.232529, 182.820465, 97.346916, 86.031937
244.435623, 182.508530, 97.129166, 86.266457
243.316986, 181.591705, 98.187721, 86.926880
241.899704, 181.673325, 99.570999, 87.519089
242.512558, 180.388687, 99.666130, 88.425064
241.528656, 180.416901, 99.916733, 89.200256
241.029922, 180.425415, 100.679413, 89.989624
240.779846, 179.890106, 101.095810, 90.896713
239.590607, 181.295395, 101.862617, 90.471031
240.352341, 181.520432, 101.329498, 90.586006
240.400650, 181.717133, 101.541977, 89.688187
242.023926, 182.417267, 100.997726, 89.027489
241.113464, 180.896881, 100.555115, 90.206688
241.733673, 182.592453, 100.447990, 88.820992
243.257660, 179.724564, 100.743065, 90.717117
245.373642, 183.452698, 95.380608, 85.560677
242.465134, 182.377914, 100.818787, 87.333008
244.480865, 181.289230, 98.167213, 86.824234
244.549118, 181.814331, 98.496613, 87.389885
244.637543, 181.682388, 98.496948, 87.171593
244.695450, 181.884262, 99.843948, 88.538216
243.628250, 181.972534, 100.416519, 88.406700
243.989578, 181.709091, 100.398781, 89.236168
243.041031, 181.920395, 101.377686, 89.173874
243.278748, 182.371353, 100.972176, 88.734695
243.527649, 182.526321, 99.986450, 88.535728
246.251907, 182.334808, 96.657013, 87.739731
246.390518, 182.384140, 97.519180, 87.094521
246.843689, 183.104553, 93.153831, 86.989555
246.370102, 181.636826, 99.518501, 88.919983
246.814453, 182.059052, 98.814911, 88.534943
246.814972, 181.893326, 98.794525, 88.783722
247.626740, 183.078430, 96.790634, 88.802063
246.648285, 183.422455, 97.177490, 89.426109
246.856522, 183.436264, 97.541481, 89.472389
241.332382, 184.159042, 100.464294, 90.528381
239.866455, 184.296265, 100.744720, 89.122566
240.341583, 184.118622, 99.677956, 88.999329
240.070450, 184.529877, 98.122452, 88.515083
240.839752, 184.755814, 98.006454, 88.528763
240.918716, 184.830414, 97.888588, 88.466652
245.081512, 187.489777, 90.154778, 86.450722
244.642136, 185.335632, 97.510796, 90.961098
244.600708, 185.152542, 97.163109, 91.539749
243.912354, 187.611832, 103.147385, 92.036713
246.376495, 188.775513, 97.840828, 88.922310
245.929962, 189.091843, 98.441277, 89.349586
248.831711, 189.245789, 99.739517, 89.786423
250.832855, 190.098434, 98.171593, 89.876877
251.427155, 190.350464, 97.913994, 89.461769
249.968521, 194.862579, 95.969246, 86.510071
250.303207, 195.639786, 96.314651, 86.021568
249.646225, 194.809631, 96.703773, 88.323822
252.665192, 192.394257, 95.699722, 88.245598
252.591614, 192.479843, 94.399780, 88.429337
252.637344, 192.932312, 94.230202, 87.726685
246.170578, 190.675430, 101.798714, 90.443497
246.908173, 190.503815, 100.885208, 90.110840
246.791901, 190.466034, 100.995537, 90.084793
244.699371, 191.830521, 103.051331, 91.407570
244.470627, 191.689743, 103.883186, 92.627075
244.390106, 191.675949, 103.957474, 92.664909
243.776749, 190.707916, 103.830276, 93.687279
244.009720, 194.494110, 98.893669, 85.589531
244.006149, 189.544373, 101.805122, 92.084251
242.490936, 189.548340, 103.303795, 93.293404
243.574646, 188.206146, 102.082161, 93.445755
242.578659, 188.549118, 103.262291, 93.323067
242.973618, 189.108459, 103.254936, 92.563515
244.567795, 189.047745, 100.344849, 89.703423
244.175812, 188.729950, 100.855789, 90.100784
244.783417, 188.038696, 101.045563, 90.565315
242.716660, 186.298904, 103.808372, 93.131348
242.715378, 186.328552, 103.727028, 93.266861
242.136459, 186.613892, 104.111229, 92.854607
242.241791, 186.638153, 103.738365, 92.711357
244.916138, 188.082916, 101.195625, 90.294548
241.897675, 187.587341, 104.248077, 92.323807
244.864456, 187.225281, 101.516335, 90.269203
243.962463, 187.976898, 101.907173, 90.816185
242.699493, 188.352966, 102.835609, 90.076271
242.776764, 187.876602, 102.772667, 90.077850
242.849136, 187.833557, 102.641472, 90.130554
242.736649, 186.993484, 101.014595, 89.640579
241.316483, 186.947495, 101.881393, 91.818398
241.210159, 186.946152, 101.962814, 91.875229
240.958710, 187.169159, 100.725380, 91.139404
241.038330, 186.379089, 96.086296, 87.287071
241.599182, 186.738663, 100.300369, 91.638855
240.601486, 185.322021, 99.010605, 88.710251
240.603409, 185.337936, 97.579193, 88.529655
240.403809, 186.329681, 96.928833, 86.808006
239.959625, 184.039932, 99.145111, 88.541199
240.672531, 184.927277, 100.873978, 90.941559
240.695770, 185.211426, 100.588669, 90.282814
240.348831, 183.010483, 99.185997, 87.465073
239.361038, 183.008377, 100.303375, 89.456459
239.539413, 182.888504, 99.886101, 89.835754
240.480698, 182.172363, 100.524956, 87.459312
241.056656, 181.850937, 100.642746, 86.849541
240.692154, 181.611023, 101.058868, 87.157021
239.551849, 179.462692, 102.655571, 88.645050
240.911896, 179.096802, 102.666847, 93.847504
240.404175, 179.563202, 103.111923, 92.950241
241.592209, 180.722290, 100.172493, 89.330757
241.261887, 184.695419, 95.505249, 86.923820
241.384308, 184.348450, 95.748184, 86.654480
237.750534, 182.426498, 104.981224, 91.268311
238.063339, 183.347504, 104.487892, 90.775879
238.198456, 183.410141, 104.362434, 90.885788
237.484390, 184.639511, 104.120361, 91.392517
236.370163, 186.929962, 106.599998, 91.491226
236.657715, 187.590988, 106.351501, 91.084702
236.427521, 187.988632, 106.487328, 91.210442
238.158157, 185.986160, 102.142204, 90.695290
236.661972, 188.347672, 105.660797, 91.564377
236.705017, 185.772034, 102.994164, 91.334091
236.338242, 186.060913, 103.618782, 91.229553
236.230835, 185.918335, 103.762749, 91.271683
238.089157, 186.914963, 101.198761, 89.296829
237.150650, 184.727417, 102.489578, 90.250443
237.207138, 184.729248, 102.399338, 90.229019
235.946320, 186.791534, 91.323883, 83.605316
238.920532, 185.459259, 99.172470, 87.926094
235.934937, 183.913116, 100.166542, 89.154533
235.443024, 183.699905, 99.829361, 88.635170
234.477173, 182.893219, 102.010681, 90.068924
234.219391, 182.476685, 102.582024, 90.205597
235.477081, 185.492752, 87.652740, 81.292076
235.478348, 184.575500, 100.750504, 88.485687
235.448883, 185.430069, 87.751457, 81.285599
235.691483, 183.515411, 99.547188, 87.626060
237.328812, 183.693405, 100.857124, 88.915710
239.126221, 184.843323, 98.286407, 85.983070
239.596436, 184.603943, 98.649750, 86.383888
238.700500, 183.274902, 96.773399, 86.304359
237.410782, 182.478363, 99.248817, 88.446815
239.700821, 183.523438, 95.411354, 85.467110
241.223251, 183.791794, 87.556984, 81.965096
241.225784, 183.739624, 87.605591, 81.981750
239.587540, 181.730423, 95.098793, 87.272507
240.340134, 182.099747, 95.932999, 86.696404
240.517731, 182.130875, 96.292671, 86.907448
239.578781, 181.436264, 95.333557, 86.769745
239.674820, 181.325577, 95.701279, 86.752808
239.688568, 181.395004, 95.769104, 86.654282
241.140137, 183.946762, 86.160896, 80.545067
240.530991, 183.533417, 97.668579, 86.947235
240.810684, 183.767899, 97.254990, 86.675369
240.601929, 183.984619, 97.057480, 86.665680
238.120468, 184.244843, 84.609108, 80.324669
240.126358, 183.414505, 97.707428, 87.563461
237.745819, 184.168518, 85.942268, 80.775200
237.978088, 183.846191, 85.662079, 80.862900
237.524689, 183.926285, 85.985962, 81.371094
237.079651, 183.478271, 86.482880, 81.171204
236.475113, 183.067871, 87.427399, 81.679024
236.624664, 183.621597, 85.911690, 81.034721
238.191788, 183.468124, 89.244492, 82.070030
237.007675, 183.095657, 88.265617, 81.942329
236.970490, 183.100311, 88.319145, 82.036583
233.134323, 181.452026, 97.708893, 86.825653
229.748749, 180.300873, 94.684525, 85.002800
229.853928, 180.253021, 94.646362, 85.083725
227.861465, 180.874329, 98.226540, 86.705513
221.402100, 182.293304, 85.001740, 80.405273
220.636490, 182.279480, 84.623459, 80.625885
218.222488, 181.686569, 91.464226, 83.230125
214.302094, 180.305939, 92.034927, 81.519386
213.005005, 179.667740, 93.005920, 81.890045
209.767807, 180.268570, 96.853752, 86.216644
210.551163, 180.729736, 85.972809, 79.649391
209.463242, 180.046082, 95.497971, 85.250816
207.844345, 180.828445, 84.340195, 79.037956
209.903824, 179.563385, 92.964607, 82.029671
207.492508, 180.380890, 83.859917, 79.796165
207.811646, 179.680649, 89.415977, 81.054321
207.860428, 179.432053, 90.480019, 81.082588
206.640137, 178.560898, 91.310196, 81.750481
208.396088, 179.391541, 90.034668, 81.397224
208.583664, 179.622742, 90.953415, 80.751671
209.256760, 180.073914, 90.297928, 80.544464
210.773254, 184.782562, 84.241531, 73.132355
211.966354, 181.510773, 88.931801, 78.059555
211.991196, 181.540848, 88.895966, 78.083008
210.711716, 178.165253, 95.358032, 82.748871
211.663910, 179.110947, 96.010201, 83.103889
211.719086, 179.192093, 95.820648, 83.033112
215.719955, 178.747345, 94.891342, 83.850113
217.658569, 178.566040, 95.268440, 83.993172
218.399811, 178.567215, 94.400131, 83.846359
221.181244, 179.349579, 96.410217, 85.287491
222.421494, 183.574356, 82.898056, 75.321571
222.445709, 183.595764, 82.933495, 75.287468
223.829071, 181.371353, 95.459427, 83.442879
227.085815, 181.340042, 95.311707, 84.151062
227.075897, 181.281754, 95.427277, 84.215210
229.324463, 182.681503, 88.574287, 79.633400
230.762772, 181.815536, 90.656250, 82.848404
230.919785, 181.911118, 90.420601, 82.148079
233.645569, 183.033157, 83.514778, 79.047371
234.194931, 182.462784, 84.616211, 80.554138
233.998535, 182.466705, 83.694336, 80.427864
232.743896, 181.533951, 93.953522, 83.818604
231.237503, 182.014999, 98.451767, 86.900101
231.908081, 182.014557, 97.930534, 86.872734
233.937912, 182.233002, 92.819954, 82.709557
233.559402, 181.479935, 93.010757, 83.361618
233.239075, 181.173569, 94.262779, 83.760010
233.762970, 181.309525, 94.251984, 83.725571
234.403473, 180.297943, 94.567589, 84.103851
234.426636, 180.406357, 94.662666, 84.031052
236.063324, 179.592468, 96.314194, 84.687584
235.965286, 179.157135, 95.970802, 85.534111
235.938599, 179.026627, 96.037956, 85.638039
236.364563, 179.070389, 95.689781, 85.635529
236.085022, 179.492874, 97.387207, 85.026337
236.420288, 179.519073, 95.703705, 84.852707
236.887848, 179.406937, 95.856766, 84.775368
239.638443, 182.453827, 86.716316, 77.899452
239.725037, 182.469131, 86.641563, 77.942917
238.370438, 183.323380, 85.490211, 78.474663
240.396072, 185.194077, 86.915123, 78.907028
238.092834, 181.596832, 95.325066, 84.787872
240.115189, 183.628189, 87.425461, 80.412697
238.154678, 181.727066, 99.889977, 88.908936
238.150391, 181.728088, 99.850250, 88.927986
240.381302, 182.887283, 99.710503, 89.499931
243.701080, 187.661652, 88.323730, 80.531441
241.301468, 183.894684, 99.926376, 89.102463
244.383148, 184.818954, 100.052910, 88.914803
247.835571, 183.533020, 96.810181, 86.216721
244.797073, 184.990082, 100.000298, 89.338493
245.886765, 184.734711, 100.757561, 88.831169
246.598709, 184.722092, 100.596970, 89.339333
246.948105, 184.980667, 99.982971, 88.875404
248.899506, 186.230225, 95.478096, 86.366974
249.273117, 185.695526, 94.977425, 86.610283
248.875000, 185.672058, 96.113197, 86.892593
247.016220, 184.867493, 98.150253, 87.602844
244.735229, 187.949768, 92.859337, 83.786774
245.491394, 187.853119, 92.340904, 83.973976
247.037598, 184.689423, 97.697357, 86.894547
246.178864, 183.944000, 97.560036, 86.873550
245.492355, 183.828583, 98.599297, 86.980957
243.989151, 184.537979, 99.343185, 88.769447
243.517105, 185.290237, 99.543518, 88.423126
243.431992, 185.249283, 99.612999, 88.408730
243.051712, 185.728439, 99.345955, 88.103714
242.996490, 183.986176, 99.669327, 89.180153
242.896317, 184.008087, 99.646324, 89.210930
242.891907, 184.670029, 99.376343, 86.027161
244.257568, 185.022919, 98.526855, 85.005440
244.413147, 185.198761, 98.183311, 84.868019
243.679718, 185.384674, 98.587830, 84.894073
242.763916, 185.450790, 99.570450, 87.030228
242.445572, 184.876022, 100.705307, 87.331718
243.352676, 185.619080, 94.168694, 85.190498
243.855743, 185.373672, 94.506912, 84.607895
243.962006, 185.134216, 94.303635, 84.941856
242.482590, 186.982376, 88.402992, 80.391998
243.008835, 187.448715, 86.350883, 79.263672
243.960327, 187.360626, 85.947273, 78.689453
243.173492, 186.781265, 88.985138, 80.716835
243.778473, 187.516968, 89.014832, 80.905182
243.852066, 187.557358, 88.954758, 80.863380
242.578857, 186.768143, 95.837433, 83.257347
241.897034, 186.918015, 92.550240, 82.417068
242.743759, 186.696259, 94.908356, 82.936386
239.691467, 185.003052, 93.044479, 83.526810
240.597839, 186.913528, 83.312202, 79.257156
239.276535, 186.432114, 83.771896, 79.708160
239.968185, 186.585709, 84.631287, 80.731888
239.695663, 186.041595, 83.406738, 80.176949
239.787445, 186.200470, 83.290337, 79.983505
239.281631, 186.641647, 82.591438, 79.892624
240.163162, 186.675186, 83.207214, 79.840561
239.612671, 186.849869, 81.965515, 79.489929
240.345993, 186.836456, 83.358742, 79.542992
240.467850, 186.716583, 83.445602, 79.719772
240.414917, 186.774918, 83.060753, 79.504272
240.177078, 186.691940, 82.473076, 79.193764
239.493500, 186.065170, 82.752350, 80.620598
239.411789, 186.153793, 82.651184, 79.835419
238.683395, 185.002747, 83.788971, 81.229836
238.449783, 185.129745, 83.551895, 80.910538
238.970947, 185.062683, 82.250870, 79.717232
242.235840, 184.045090, 94.624542, 85.755363
240.575531, 182.558899, 90.315681, 84.058289
240.442841, 182.514389, 90.432434, 84.156548
241.759445, 182.566727, 90.986351, 82.778175
243.938019, 182.162720, 92.003944, 83.833580
244.035797, 182.206894, 91.831711, 83.660454
243.260910, 181.583420, 91.432961, 83.312904
242.840317, 181.288483, 92.079315, 83.240273
243.045410, 181.480316, 91.890877, 83.044212
243.808960, 181.613113, 89.318336, 82.881630
244.108200, 181.012344, 90.538239, 84.716431
243.864670, 181.462158, 89.942413, 83.780983
243.620575, 182.542618, 92.332550, 85.480202
243.760803, 182.310959, 92.617500, 85.685211
243.402924, 182.200745, 92.090874, 85.943977
240.737579, 180.809128, 90.875572, 86.670776
241.027710, 181.692520, 90.430367, 84.053139
241.007050, 181.684967, 90.455795, 84.014008
240.520432, 180.847168, 90.393875, 83.403664
239.959076, 180.533173, 89.694817, 83.941643
239.889603, 180.477264, 89.746986, 83.785881
239.865494, 181.778275, 91.799957, 84.124710
237.776184, 180.882172, 90.958382, 84.837624
243.260208, 181.620819, 92.821518, 84.084984
242.862228, 181.020096, 93.972145, 85.204765
243.684097, 181.281403, 93.618484, 86.276352
243.441711, 181.090286, 94.426880, 86.377525
238.833893, 182.018967, 87.693787, 83.444450
243.769943, 182.735092, 95.337845, 88.458138
243.160324, 182.966019, 95.423073, 89.069450
240.132477, 181.930573, 86.795280, 81.462296
239.521561, 181.134445, 93.293983, 87.300262
239.597366, 180.939941, 93.424881, 88.159714
238.902054, 182.989471, 87.065025, 81.733025
241.824554, 182.606659, 94.649223, 84.940887
241.143112, 181.366669, 95.630852, 86.052986
243.214325, 184.195587, 92.362999, 84.297470
240.075790, 181.970551, 95.215988, 87.418121
243.193817, 183.361099, 95.479179, 86.909294
242.662643, 184.419815, 96.162422, 87.448479
241.402359, 184.070572, 89.580566, 83.448059
241.387222, 184.058716, 89.729401, 83.605637
240.139359, 183.928925, 90.394836, 84.239754
240.801727, 184.710815, 96.849792, 87.208992
240.618286, 184.587097, 96.999290, 87.577286
238.801529, 182.313873, 94.519165, 87.243980
238.293030, 180.729919, 96.086296, 89.720581
237.146347, 181.527161, 89.343834, 85.751068
239.073654, 182.955795, 88.089928, 83.536171
238.036926, 183.178848, 89.691269, 88.127487
238.886841, 184.014664, 89.704788, 86.703598
237.698853, 183.594727, 89.583527, 87.285973
238.098557, 183.898804, 89.390884, 87.053917
240.378372, 184.158997, 91.012741, 85.601074
240.601883, 182.791977, 94.252472, 86.987320
240.792130, 183.606796, 85.792862, 81.071136
240.381302, 183.840363, 86.644112, 81.123589
239.761841, 183.871643, 87.502151, 81.904068
239.851547, 183.989731, 87.187195, 81.478851
238.948624, 183.670380, 87.203552, 82.931961
238.490341, 183.952057, 85.536240, 81.487022
238.413757, 184.541580, 85.004112, 81.422791
238.378357, 184.479279, 85.063873, 81.480247
239.277451, 184.854248, 84.090805, 80.510826
238.956772, 184.784073, 83.962471, 81.322075
238.848526, 184.870209, 84.050682, 81.110176
237.529541, 184.401245, 85.659920, 81.941223
237.384171, 184.577698, 85.744141, 81.716621
237.394516, 184.618591, 85.884819, 81.734413
238.389557, 185.179382, 84.474480, 80.437927
239.515915, 185.624557, 82.176895, 79.453110
238.651306, 185.386871, 83.247101, 80.089569
238.625092, 184.561584, 84.066986, 80.239311
238.570801, 184.411530, 83.386642, 79.752213
238.189056, 184.100006, 84.231308, 79.938187
237.136612, 185.532318, 85.036438, 80.991661
237.348862, 184.722595, 87.162094, 81.868599
237.381531, 184.715866, 87.159477, 81.877716
237.549149, 185.090149, 86.984001, 82.495262
237.964523, 185.221207, 86.725204, 82.040199
238.186203, 185.493774, 87.050301, 81.749718
238.281296, 185.505447, 85.768684, 81.851486
239.105377, 183.892273, 94.275124, 85.014465
239.221481, 183.998016, 94.149033, 84.841362
237.309982, 184.715485, 85.968742, 81.127884
239.652740, 183.987152, 95.029610, 86.486450
239.939621, 184.409744, 94.450676, 85.505043
239.564178, 184.085480, 94.994110, 86.222610
239.369125, 184.896225, 94.118347, 85.667496
239.453812, 185.013535, 94.110756, 85.661102
238.542801, 185.075516, 84.977081, 79.313019
238.433884, 185.367569, 85.365723, 79.023369
238.572723, 185.391907, 85.341881, 79.123772
243.348495, 186.531143, 92.620209, 83.764816
239.034622, 185.826279, 97.692696, 85.566742
239.187164, 185.926849, 97.459198, 85.302422
239.689331, 185.921295, 97.568604, 86.702377
239.656631, 186.797455, 87.712425, 81.562836
239.802963, 185.917450, 97.575676, 86.544609
239.482880, 186.776978, 88.404724, 83.736916
239.415405, 186.754883, 88.771278, 83.843155
239.708145, 187.006195, 88.169029, 83.711021
238.298721, 185.728943, 99.898384, 88.886810
238.989502, 186.197372, 99.145172, 88.424347
241.633484, 187.485703, 84.199539, 78.934822
238.710907, 186.019836, 99.556068, 88.834328
240.431641, 187.117203, 84.835732, 80.209595
240.412506, 187.116135, 84.958435, 80.228043
240.364777, 187.350540, 84.457184, 80.029572
240.400482, 186.000244, 98.946793, 91.982307
240.490967, 187.573730, 93.103813, 86.540657
238.358093, 185.628189, 98.345886, 89.733627
242.056564, 188.406525, 83.433281, 78.699829
240.693710, 187.450089, 96.979759, 87.880692
239.428360, 187.757736, 85.900414, 80.760757
239.454102, 187.372620, 85.593102, 80.714813
239.465714, 187.482681, 85.556114, 80.655426
242.432327, 187.798050, 84.122101, 78.829582
242.056000, 187.471451, 83.156448, 77.845024
241.857315, 187.272247, 83.444733, 78.953033
244.824493, 187.202820, 93.750595, 87.416901
244.476379, 186.755569, 95.354111, 87.154526
244.715866, 187.355728, 95.050232, 86.473320
242.107468, 186.409958, 97.873177, 87.291702
243.307480, 186.465958, 96.817444, 86.940849
243.020813, 186.591339, 97.129532, 86.916367
242.265152, 185.977951, 98.562836, 87.166145
242.713593, 185.622238, 98.313705, 87.303032
242.718109, 185.589111, 98.229027, 87.354393
242.998383, 185.218185, 97.917679, 87.007233
243.127075, 184.988892, 97.824631, 87.198700
242.820892, 185.099213, 97.832222, 87.271202
242.419464, 184.644608, 98.478188, 87.374634
242.594711, 184.842361, 97.870140, 86.700356
242.630646, 184.833267, 97.896538, 86.712158
242.025772, 184.983765, 97.882393, 87.018822
242.324524, 185.290665, 97.871529, 86.346123
242.264252, 185.250000, 97.855362, 86.361755
241.117874, 184.924088, 98.443230, 86.410713
241.824799, 187.398911, 83.510147, 79.996269
241.781860, 185.509781, 97.609184, 85.557587
241.953033, 187.197098, 87.836388, 80.245987
241.469101, 186.689240, 84.480309, 80.215660
241.506195, 185.073761, 97.299477, 86.497803
241.345337, 186.417587, 85.384941, 80.702690
241.098465, 186.679260, 85.779533, 80.428238
241.107773, 186.694458, 85.817909, 80.470589
241.288834, 188.666443, 90.156982, 80.476837
241.504745, 188.391144, 89.800636, 79.918114
241.497070, 188.382370, 89.808319, 79.826439
241.060303, 188.686630, 89.255737, 79.757904
242.062317, 186.498688, 98.364975, 87.953781
241.647552, 185.324844, 97.787285, 87.759239
241.096466, 187.006439, 90.817543, 82.286972
241.417770, 187.348007, 90.528671, 82.455688
241.173264, 187.272705, 90.738609, 82.467651
240.932770, 187.606964, 92.619438, 83.887794
240.154953, 187.524033, 92.215958, 84.461037
240.514862, 186.182495, 99.196304, 89.717575
240.287445, 188.320755, 90.901314, 81.203697
243.558167, 188.534149, 93.459755, 84.756561
243.672089, 188.417755, 93.483307, 84.620125
243.470627, 187.972244, 94.146469, 84.790024
243.387909, 187.837433, 94.141113, 85.097977
240.952713, 186.420090, 97.561485, 86.782639
240.861694, 186.213074, 98.185379, 86.037178
240.731155, 186.029861, 98.327477, 86.293564
240.922668, 186.190094, 98.329865, 85.996056
240.993866, 186.374435, 98.398132, 85.539803
240.114883, 187.206039, 86.885063, 80.242020
240.665985, 187.017151, 87.514473, 80.931114
241.692535, 186.392563, 97.199532, 85.322853
244.696426, 188.546051, 92.723984, 82.415176
244.761368, 188.561127, 92.651573, 82.351631
243.958359, 188.925217, 93.003113, 83.244301
240.568451, 186.506607, 100.231735, 87.873383
241.483521, 187.076584, 98.969780, 87.253120
242.670563, 188.704056, 94.283722, 84.375343
240.593704, 186.606934, 99.866737, 87.544220
240.250763, 186.140976, 100.281387, 87.512085
239.664688, 187.986847, 89.684875, 82.288620
239.884384, 187.855637, 89.656960, 82.985115
240.226334, 188.172058, 89.026672, 82.169861
240.020599, 188.884842, 89.032280, 82.066330
239.953308, 189.009506, 89.107323, 82.451355
239.747070, 188.375732, 89.328873, 83.337097
239.793549, 185.947937, 99.277184, 88.533386
241.350403, 187.293457, 88.728889, 83.789383
240.689301, 188.728516, 89.906311, 81.632813
240.076904, 187.638794, 90.633217, 82.164795
241.253784, 187.870804, 88.218147, 82.022102
240.676498, 185.305313, 98.795753, 87.823975
242.033813, 186.334183, 97.545029, 86.612694
241.709534, 187.279892, 87.285049, 82.046448
242.135239, 186.388336, 97.611229, 86.930489
241.904663, 191.164841, 87.459404, 79.303543
244.208054, 188.344574, 93.845528, 85.075859
242.649902, 188.213287, 87.537514, 82.392433
241.405701, 187.407745, 96.114349, 85.247093
242.878998, 188.728867, 87.584106, 80.266396
243.663635, 189.295883, 90.978271, 82.197037
242.681915, 187.376740, 97.640762, 85.521584
243.179504, 187.388031, 97.572067, 85.846809
242.994049, 187.387772, 97.709282, 85.659584
241.447540, 189.169647, 88.983047, 80.172806
241.979919, 186.160660, 98.068436, 87.412788
242.238617, 188.281784, 89.176003, 81.406136
242.263596, 188.069031, 89.293083, 82.124092
242.158966, 188.511902, 89.955536, 79.265991
241.921585, 186.514984, 98.011192, 86.416870
240.937210, 188.909103, 90.077675, 81.559586
241.473755, 187.611923, 94.807465, 84.486290
241.603409, 187.677734, 94.689201, 84.388100
243.168274, 187.137848, 97.379112, 85.981148
241.413147, 189.335114, 89.803749, 79.552986
240.698166, 188.459015, 90.203720, 82.372765
242.286804, 186.664276, 98.861786, 87.092186
243.640533, 188.929321, 90.158211, 82.671577
243.613556, 188.848526, 90.389320, 82.861839
242.850342, 188.969711, 91.472275, 82.671936
242.361801, 188.997711, 89.942131, 79.669235
244.145386, 188.548935, 91.918808, 82.611115
241.697983, 189.167374, 89.016235, 83.720177
242.459717, 189.680298, 89.827362, 81.168358
242.358063, 189.469910, 90.348442, 81.078957
241.555939, 189.075836, 89.124779, 83.183617
240.316650, 186.014587, 101.476639, 90.223633
240.805817, 186.037811, 101.276794, 90.165482
240.512161, 185.865341, 100.358345, 89.981903
240.130615, 186.034637, 100.833466, 90.037300
240.288773, 186.114609, 99.766876, 89.189308
238.863007, 186.059402, 100.257034, 89.585007
238.691010, 186.259491, 99.866425, 89.260246
238.665146, 184.763504, 98.782410, 90.347580
238.994568, 183.912384, 98.219177, 90.518829
239.687622, 186.462524, 89.220467, 86.789650
240.192368, 186.533371, 88.496567, 86.583023
235.457291, 183.608185, 101.691994, 92.595909
236.504517, 186.636414, 94.334648, 86.215378
235.796463, 183.921432, 101.310394, 93.478447
235.021179, 189.671417, 100.879936, 88.491653
235.095291, 190.450165, 100.803711, 89.240471
234.981201, 190.603119, 101.386520, 89.643021
233.896729, 190.856781, 101.521103, 89.218399
233.842941, 188.768906, 97.762131, 88.439095
233.490570, 190.727798, 101.363037, 88.793137
232.243729, 187.542892, 96.306267, 87.507355
231.769791, 187.184708, 98.028824, 88.626328
231.919556, 187.277252, 97.444626, 88.724007
231.993378, 186.526321, 91.066109, 83.790031
229.214798, 183.444702, 98.883255, 87.653702
229.443832, 183.503143, 98.987434, 86.912476
228.595123, 182.882996, 99.311844, 88.075394
230.018127, 184.198761, 98.585861, 87.562065
230.578110, 184.571655, 97.848969, 86.878578
229.112167, 185.981628, 85.455025, 82.316093
228.108459, 181.732697, 100.476692, 92.059662
228.720932, 184.963928, 86.007950, 83.076714
228.886551, 180.362244, 99.474129, 91.819473
229.107803, 181.787811, 98.726463, 89.852844
227.792145, 181.188080, 100.221230, 90.686424
229.595932, 185.518845, 95.241570, 85.597954
229.148788, 186.025314, 93.344421, 84.561012
229.576630, 184.816788, 98.120369, 87.248734
229.933884, 184.759171, 97.840683, 87.091629
230.398788, 182.424622, 97.452141, 88.664330
230.587784, 182.404633, 97.230103, 88.392838
229.429245, 181.899094, 98.458717, 89.362572
231.818939, 181.113083, 98.301483, 89.429703
231.999695, 181.282547, 98.106369, 89.148590
229.569855, 181.961746, 98.636932, 89.219666
231.206604, 182.511139, 98.002991, 88.429314
231.712509, 182.403580, 97.288948, 88.859818
234.171707, 184.970551, 94.023682, 83.667053
232.080246, 185.401154, 84.280235, 78.708939
231.697708, 185.073120, 86.333771, 80.262894
233.293259, 184.938721, 86.154381, 80.595520
235.880234, 185.893997, 93.469002, 83.675850
235.899490, 185.818878, 93.489227, 83.717552
232.412766, 184.951294, 85.421661, 80.151802
232.809845, 185.058716, 85.600533, 80.493568
232.525787, 184.998642, 85.629768, 80.606163
232.137222, 184.643707, 86.801964, 81.694221
231.955688, 184.137756, 93.638237, 85.848099
235.665161, 185.478409, 94.070114, 85.299332
233.178909, 184.828217, 91.788239, 85.227425
230.889984, 183.890076, 93.010994, 86.549049
230.805893, 183.948883, 93.935616, 86.360077
229.586716, 184.400146, 94.726250, 86.511642
230.151154, 184.594162, 94.771919, 86.136154
230.493591, 185.092087, 95.452072, 86.156227
233.596695, 185.206680, 96.430374, 86.610092
231.473740, 184.989395, 95.022995, 87.200417
231.563568, 184.845993, 95.035202, 87.424103
231.300735, 185.575623, 94.843857, 86.221375
231.931503, 184.631332, 94.855118, 87.792259
232.561493, 185.288528, 93.955994, 86.730064
232.042236, 184.676544, 94.756546, 87.694695
232.877762, 185.260284, 94.640923, 87.491875
233.564453, 185.002716, 96.588882, 87.802231
233.287918, 185.456635, 94.080276, 86.943626
234.576126, 185.538391, 95.960518, 87.651276
234.076523, 186.348175, 87.010368, 81.559074
233.468613, 184.429108, 97.167740, 87.734718
232.131088, 183.735260, 95.043190, 88.972733
232.175919, 183.823471, 94.965775, 88.834908
237.077759, 185.779694, 92.575447, 84.090164
234.296310, 184.260391, 88.525963, 82.724007
234.339035, 184.271576, 88.481499, 82.811821
232.889801, 182.547424, 88.740639, 84.330536
234.617126, 180.585693, 95.962662, 91.399719
234.765472, 180.157501, 95.318275, 91.720695
234.779724, 183.934204, 93.727852, 86.121529
236.137054, 180.482361, 98.798492, 90.453018
235.939346, 181.038086, 94.975006, 90.371002
234.302231, 182.470749, 91.110916, 82.227966
232.992249, 183.703857, 85.440590, 75.570206
232.358765, 182.751236, 85.999115, 78.339874
236.133499, 184.956833, 96.522522, 88.699097
233.925278, 183.270660, 97.719429, 87.715141
233.499680, 184.470139, 92.992119, 83.271210
233.551910, 183.578323, 99.332695, 88.583687
231.919937, 182.376297, 101.060150, 90.669243
233.067444, 183.498184, 99.000557, 89.025406
234.759155, 183.926849, 97.248283, 87.247429
234.884659, 183.864914, 96.489159, 87.539536
234.862015, 184.014114, 97.089516, 87.413567
234.717728, 185.831268, 94.454193, 87.437607
235.747498, 185.474960, 91.435005, 84.582909
235.920074, 185.571976, 91.155464, 84.220924
232.935883, 183.617813, 98.685333, 88.852386
235.533279, 186.168808, 97.811577, 87.191284
235.569733, 186.136261, 97.859489, 87.160690
236.414917, 185.643997, 96.028236, 85.221390
234.210129, 184.840668, 98.032463, 86.151985
233.530670, 184.393661, 99.090103, 87.237404
234.627655, 184.701599, 95.177284, 84.495850
234.029785, 183.997070, 96.329674, 85.410767
234.519806, 184.364487, 95.483200, 84.625343
236.992065, 186.189545, 87.448044, 79.352707
237.900543, 184.739502, 94.796738, 84.999481
236.914474, 184.620148, 97.859787, 87.948174
237.908798, 184.766174, 95.687859, 85.271942
242.417297, 182.973785, 91.754044, 87.628227
241.380295, 182.070023, 92.804977, 88.134377
235.526688, 183.449127, 97.660172, 86.953384
235.638077, 185.367584, 88.769928, 80.904373
234.897690, 185.293930, 89.443703, 80.829910
236.261047, 185.472672, 87.834167, 80.478752
236.013290, 185.145523, 97.380119, 85.646637
235.758484, 185.187195, 97.502403, 85.586456
235.096802, 185.446976, 97.491577, 87.493927
234.693039, 185.321838, 97.694763, 88.107590
234.725784, 185.348511, 97.634338, 87.996353
234.569855, 185.675034, 97.812866, 88.388062
233.957886, 185.099625, 98.043015, 89.233246
234.062546, 185.115601, 97.910828, 89.184494
238.382492, 188.505905, 93.879898, 86.358864
233.590378, 186.025925, 97.469498, 87.385109
233.600601, 186.043625, 97.475594, 87.404030
234.351700, 190.461151, 91.021591, 82.639641
234.980225, 190.555145, 102.286934, 91.431053
235.049469, 190.515610, 102.267639, 91.553474
235.729523, 192.539825, 103.066940, 92.167282
239.531967, 196.470703, 101.704346, 92.696480
239.528336, 196.532867, 102.100716, 93.230446
243.321747, 203.616714, 105.541542, 94.238800
246.903381, 206.665070, 102.070457, 92.969658
246.911560, 206.645538, 102.121902, 92.989456
253.953491, 211.763565, 109.341766, 94.367088
258.335358, 212.306290, 109.264046, 97.471466
258.381683, 213.475082, 108.280167, 95.852089
274.876587, 204.216934, 116.337357, 99.876060
277.343994, 200.471527, 118.336395, 102.580513
278.137177, 202.140717, 116.824425, 102.654129
284.271271, 195.650986, 118.821045, 103.162956
285.755157, 197.438446, 109.595589, 98.977432
285.706360, 197.533630, 109.758362, 99.042480
279.579163, 198.661102, 106.255447, 96.574989
273.708344, 198.580887, 101.992111, 92.185959
273.344666, 198.142212, 104.055450, 93.124901
257.451172, 192.923874, 100.951775, 89.369598
254.706879, 191.052460, 98.215179, 86.786636
255.487549, 191.503845, 95.571960, 85.252464
249.834854, 184.799072, 96.901268, 85.487404
248.757889, 182.948059, 95.188156, 83.966866
248.528473, 182.884628, 95.477371, 84.157654
246.155014, 177.781616, 92.107620, 82.615456
245.217056, 178.153519, 91.323738, 79.282394
245.351837, 177.956772, 91.234787, 79.450928
245.882874, 176.083527, 90.536568, 79.295532
245.403305, 175.714035, 92.118690, 79.286858
246.290680, 176.076965, 90.870674, 78.805847
248.508774, 178.532547, 88.410522, 76.278542
248.831177, 177.330521, 91.182053, 79.502228
249.072540, 177.805862, 90.602974, 79.877899
253.585022, 179.934677, 90.569077, 80.619186
254.875534, 179.168488, 90.866592, 81.316788
254.848160, 179.087784, 90.950615, 81.321732
261.786682, 180.215973, 89.060257, 77.835823
262.239380, 178.432983, 88.709755, 80.866501
262.171051, 178.204330, 88.890236, 81.152718
264.588959, 177.300247, 94.233696, 82.868416
266.283966, 179.514191, 91.795441, 82.212448
264.421204, 178.639771, 95.202080, 82.778030
267.137054, 178.553329, 96.009697, 86.287033
269.080597, 175.055038, 93.851944, 85.510094
268.991760, 174.933823, 93.999191, 85.663170
268.595825, 174.345734, 86.459885, 81.284706
269.211700, 175.551682, 86.597900, 81.595001
268.876434, 175.440384, 87.849495, 81.463432
269.079407, 175.690933, 93.180702, 85.489052
272.749573, 176.216431, 96.229019, 87.219910
269.435516, 176.704147, 89.939613, 82.898849
269.960846, 180.478668, 89.373779, 79.774506
271.055908, 179.535828, 93.396057, 86.004372
270.941223, 179.640213, 93.475197, 86.040359
269.724518, 177.750015, 95.791000, 87.268578
268.100037, 174.751694, 97.199043, 89.713577
267.987061, 174.874390, 97.753250, 89.402740
268.072357, 174.887283, 98.518364, 89.738770
269.918518, 180.713562, 101.516472, 90.598541
269.972412, 180.735947, 101.453873, 90.618401
271.440308, 183.695999, 99.752663, 88.830460
272.624817, 182.501999, 100.643639, 91.364418
272.803375, 182.344299, 100.354599, 91.886566
269.769897, 184.253128, 100.398796, 87.914597
269.174591, 184.296997, 100.134483, 87.447357
269.136261, 184.273865, 100.196548, 87.384697
267.759888, 185.464447, 101.215210, 86.653412
264.870728, 185.125168, 102.172783, 87.771996
264.940002, 185.101654, 102.121307, 87.846130
264.269073, 184.017349, 100.368584, 93.205719
264.427887, 187.571869, 93.912682, 85.285271
264.608490, 187.686417, 93.812782, 85.216530
264.913391, 187.692200, 97.542770, 85.710701
267.432404, 188.051224, 97.469368, 86.711212
267.550964, 188.185623, 97.394928, 86.583176
265.268738, 186.961456, 97.501564, 87.967751
266.915375, 188.199097, 96.309669, 87.018623
266.738556, 188.140656, 96.701416, 87.143242
271.022827, 191.409729, 91.730225, 82.652130
268.761505, 190.359711, 96.294800, 83.373642
268.575104, 190.215469, 96.566269, 83.380745
268.837280, 190.072632, 96.818924, 82.202103
268.849457, 189.969223, 96.458961, 82.020554
267.746582, 190.215622, 100.156380, 87.471474
266.786682, 189.021088, 101.932884, 88.737404
266.220886, 187.979599, 103.144089, 91.010338
266.499054, 188.628082, 102.842102, 89.752457
266.467438, 187.947708, 101.780373, 90.310501
264.928009, 187.416428, 102.226715, 90.764130
264.884705, 187.422592, 102.289970, 90.746819
268.184692, 189.825470, 92.695831, 83.885689
267.274139, 190.259964, 92.116302, 83.060890
267.362122, 190.137650, 92.124992, 83.156158
266.226990, 186.541183, 93.329048, 85.028763
266.123657, 186.092072, 93.517502, 85.355522
266.073364, 186.108215, 93.383705, 85.579056
265.411560, 186.733368, 93.224808, 84.996330
265.572357, 186.363434, 93.392845, 85.988579
265.428101, 186.474960, 93.284317, 85.253593
262.488861, 184.076843, 98.249550, 86.767288
262.517578, 183.002914, 98.416801, 86.646973
262.509216, 182.983109, 98.456116, 86.727501
262.496155, 181.417999, 97.948631, 86.965782
261.045624, 181.468872, 101.339737, 86.120560
260.988617, 181.306473, 101.440521, 86.379440
261.409912, 180.715332, 99.313828, 85.963432
260.337189, 179.261566, 99.015518, 84.680336
260.629486, 179.932343, 97.749123, 83.641327
260.751923, 181.793869, 98.818909, 86.052467
262.124725, 183.346008, 99.198936, 83.353432
262.327484, 182.581696, 100.104210, 84.850082
261.164764, 186.287231, 103.957787, 85.961708
261.579681, 186.039795, 104.378166, 88.325897
265.207764, 188.557037, 92.268082, 81.621841
263.713837, 186.151154, 94.699821, 82.742126
264.146790, 184.807465, 93.987785, 83.131332
264.196289, 184.783630, 93.464165, 83.092873
264.098572, 183.661438, 93.585991, 83.488510
263.342072, 183.884521, 92.141251, 82.022964
263.286316, 184.123444, 92.241180, 81.638206
261.421539, 184.156937, 92.295959, 80.788200
263.237671, 185.311371, 91.131477, 78.674294
261.360596, 184.452438, 92.617043, 80.424179
261.569458, 184.974915, 92.324188, 81.474899
261.438751, 185.039948, 93.259552, 82.804443
261.387817, 184.981766, 93.402924, 83.202614
261.362671, 184.985092, 92.990044, 83.398911
261.560608, 184.808594, 93.519142, 84.212883
260.787170, 184.105621, 94.972794, 85.430588
264.014465, 183.633698, 95.459778, 89.517792
259.083405, 183.331650, 101.129044, 87.075241
267.595154, 184.785690, 91.436745, 85.475517
265.351318, 184.830505, 93.501213, 85.679276
263.571228, 187.276901, 91.357544, 80.759682
263.899017, 187.034378, 91.821236, 81.550201
265.205139, 185.127655, 92.747498, 85.689850
261.897705, 188.167221, 92.666595, 82.063385
261.939880, 188.169769, 92.678978, 82.107460
260.367096, 187.273499, 95.975075, 85.577301
260.646088, 188.675323, 94.762260, 84.909637
260.574341, 187.962173, 95.803825, 85.412224
260.672150, 189.086227, 94.635239, 86.000549
257.015442, 187.005478, 100.944939, 88.750404
257.548676, 187.044571, 100.449615, 88.911575
260.857758, 186.987381, 95.409622, 85.753914
257.883698, 186.430054, 101.555916, 87.573112
261.649597, 187.242599, 96.345367, 85.010254
257.668274, 187.911499, 101.924973, 88.366142
258.302948, 188.539658, 101.976608, 89.792084
257.758789, 188.768768, 102.411133, 89.039185
258.635712, 190.494080, 101.990631, 89.704681
256.551788, 191.025467, 101.779114, 88.999435
258.035767, 190.640381, 102.193886, 91.509476
258.128815, 190.685867, 101.266083, 91.488976
257.626831, 191.115372, 103.298866, 91.416588
257.685883, 191.182678, 103.257942, 91.440277
262.467896, 192.355179, 96.776268, 85.360558
262.751892, 192.308197, 96.609833, 86.303833
262.727173, 192.252472, 96.645370, 86.298912
259.233002, 192.206863, 103.839272, 92.343521
258.694275, 192.401443, 104.571976, 92.359550
259.084229, 192.515991, 104.065811, 92.309219
263.675690, 191.572906, 95.738205, 87.586029
260.479218, 193.414368, 106.362282, 94.209930
260.893250, 193.708557, 105.872841, 94.037506
264.346252, 193.538376, 96.424057, 85.580505
264.552734, 192.589188, 97.048515, 87.192802
264.305725, 193.341537, 96.771698, 86.446594
264.723541, 192.524170, 97.329468, 85.897972
264.686768, 192.420471, 96.908363, 88.441673
264.788055, 192.216995, 96.831619, 88.677536
264.718719, 192.210037, 97.525543, 89.551598
264.634003, 193.471664, 97.479515, 86.482300
264.464966, 193.368835, 97.503990, 86.645004
264.120667, 194.557312, 94.442123, 84.366989
264.023865, 194.790131, 94.188141, 84.250519
263.979858, 194.887558, 94.178162, 83.938210
258.433594, 191.420868, 104.622383, 91.256645
258.319794, 190.969604, 103.764862, 89.911331
258.371948, 190.499420, 104.066666, 91.085854
258.254974, 191.316895, 102.355499, 89.485023
257.816956, 191.544174, 103.331062, 90.823891
