635.791565, 139.061371, 98.368156, 105.145767
638.243103, 143.595337, 97.143059, 97.476158
638.663513, 146.067200, 100.247581, 102.759415
638.605347, 146.833618, 102.588402, 103.573982
637.876709, 143.945465, 99.602966, 106.013916
636.816467, 143.955627, 103.565636, 111.778633
636.882568, 145.219131, 101.902199, 111.611420
637.115967, 144.400787, 102.143700, 113.894783
638.281189, 152.242920, 104.409927, 105.250313
639.267151, 152.400116, 100.748108, 104.483398
637.489990, 147.009811, 102.221642, 108.639961
639.044128, 150.641708, 100.825287, 104.118271
638.594360, 148.159409, 99.436058, 107.127129
638.051331, 147.793762, 100.511391, 108.908211
640.930115, 153.302063, 99.240860, 100.939117
641.040527, 153.695999, 98.109390, 100.411110
640.809753, 153.732651, 99.228203, 100.255356
637.852295, 152.412537, 101.662148, 103.990067
638.102966, 150.992691, 99.956932, 100.119690
632.215271, 147.115204, 107.530327, 105.257248
632.563293, 144.050980, 102.166702, 109.718704
633.855103, 144.498291, 100.483101, 101.913963
632.883484, 145.066101, 100.852196, 101.390099
634.638123, 147.412170, 103.352859, 101.197235
631.286926, 142.778290, 102.032562, 106.563904
630.992432, 142.595032, 102.173691, 107.480812
631.348389, 142.119644, 101.525925, 108.775307
630.737915, 143.788208, 103.954765, 109.757332
629.837891, 141.669098, 103.266670, 110.245605
630.462952, 142.739563, 100.355385, 108.499252
629.469055, 143.924118, 99.664711, 106.297096
629.578735, 143.244308, 99.728790, 106.230072
630.815369, 143.927368, 99.922722, 101.775139
630.829529, 142.974274, 99.810822, 102.136589
628.489868, 142.009705, 98.678337, 103.647202
630.201843, 148.447357, 100.758186, 99.723732
627.378174, 148.425217, 100.668152, 100.461243
624.402222, 147.214844, 103.756416, 102.107658
620.486877, 147.367416, 107.363235, 102.126358
615.071960, 143.010574, 109.603874, 104.367828
615.518005, 148.737305, 105.231911, 102.810532
612.997498, 145.299805, 110.397568, 106.995872
611.441223, 147.019135, 109.063210, 102.040985
612.276611, 147.238297, 107.723312, 102.825111
613.719360, 143.808044, 106.393875, 108.134254
613.964111, 145.409180, 106.342148, 106.903816
610.634338, 145.535324, 107.906601, 107.970390
608.745361, 145.434692, 108.624435, 109.362808
608.918091, 147.086411, 106.463432, 106.210205
609.063904, 142.460846, 106.393684, 109.994812
608.408142, 147.406128, 105.141495, 106.919662
608.830078, 145.065338, 103.102661, 106.584976
604.537781, 146.917175, 107.309616, 109.231339
602.746582, 143.163391, 109.075752, 111.663071
605.709595, 145.023178, 102.171112, 105.667625
605.058655, 148.491867, 105.923782, 107.894913
600.104126, 147.715195, 109.235535, 110.874557
602.568237, 149.024811, 107.374763, 109.881783
600.846375, 149.083603, 107.892174, 108.162331
601.241821, 146.423981, 103.602814, 108.791840
603.450989, 153.178070, 102.507759, 101.860153
600.612366, 149.588058, 103.019745, 105.299019
596.852417, 145.329651, 105.774139, 107.368912
597.234192, 146.424500, 105.308334, 107.451065
595.146118, 150.365906, 107.050972, 108.125099
594.361206, 148.223602, 106.621773, 108.189018
597.196228, 148.271149, 103.449265, 105.405678
595.028381, 149.909637, 103.974861, 106.714401
593.917847, 150.231201, 104.687408, 106.678093
596.278137, 144.730316, 103.274353, 106.393448
594.530579, 147.148392, 105.489166, 106.393082
597.343750, 145.858795, 103.851997, 106.193359
594.849915, 143.349854, 108.461060, 110.766350
595.573730, 142.089096, 109.262444, 112.266533
595.397949, 142.412582, 109.162132, 111.379997
598.242737, 148.145355, 102.902557, 105.584869
597.400696, 145.660126, 104.831001, 108.346390
599.039612, 142.714325, 104.412315, 108.788353
596.451599, 146.090027, 107.499702, 108.461960
599.916138, 143.243652, 104.921097, 109.119286
600.997314, 149.304062, 103.515419, 106.732697
600.369934, 148.876968, 106.123764, 106.085358
599.740906, 145.388779, 106.229614, 106.825211
601.871216, 148.551270, 107.590813, 104.205276
604.051392, 149.936920, 108.103432, 102.810791
605.281067, 146.313629, 108.561111, 104.431053
607.659180, 151.451874, 107.094002, 101.793396
609.619751, 146.898544, 107.722496, 104.328392
608.939148, 145.093414, 109.839577, 108.227524
614.240234, 147.521820, 105.468369, 103.384796
616.429871, 147.399353, 106.521965, 101.722694
618.485901, 146.772934, 104.881279, 101.101234
621.072571, 146.761612, 103.767632, 101.331505
622.852234, 147.035721, 103.347252, 100.620605
626.979919, 148.279190, 102.493958, 96.630363
625.671082, 144.859970, 104.131752, 101.204697
623.819214, 142.422562, 101.847511, 105.680397
629.178528, 147.233780, 102.397934, 100.322952
631.481689, 145.458542, 102.409340, 101.955597
630.033813, 144.012253, 101.274902, 106.453415
632.086243, 145.638611, 102.338898, 103.288826
634.242554, 146.728134, 100.718872, 102.522034
632.018250, 142.723984, 101.205978, 110.023613
637.565369, 147.064453, 97.957794, 102.726814
633.722534, 148.091339, 105.261520, 105.838051
634.659729, 148.329819, 105.015106, 106.255852
634.810608, 148.017105, 105.087494, 104.900658
635.335815, 148.142029, 106.023079, 105.761627
636.076660, 147.469193, 104.688416, 105.458923
636.104614, 147.706482, 104.597054, 105.294121
635.376587, 149.189194, 101.265076, 104.942360
635.245361, 148.988678, 101.378113, 105.266884
636.604736, 149.936432, 100.495705, 103.039238
636.626831, 150.320160, 101.223305, 105.075249
637.232178, 150.196243, 100.505974, 104.222076
634.290710, 146.617798, 105.112320, 106.039314
636.649170, 149.093231, 100.359108, 101.059921
636.204163, 149.018341, 101.094772, 103.427338
635.330750, 149.222687, 100.854904, 104.702660
635.814697, 149.051315, 100.106323, 100.632301
636.697021, 150.305023, 98.985435, 103.798386
638.170105, 150.728912, 97.383301, 103.006714
636.157349, 148.220169, 99.780327, 105.526634
636.124329, 148.301651, 99.872375, 105.423538
637.784302, 150.175674, 98.192245, 103.587105
637.779724, 144.431625, 99.733261, 109.136581
637.748535, 149.196793, 100.160889, 102.046638
636.455750, 148.298401, 102.249619, 103.061073
636.207275, 148.643524, 102.613541, 103.862595
635.921021, 147.962097, 102.883652, 103.540520
637.338440, 150.356476, 101.543755, 101.475655
636.466553, 147.706680, 102.513298, 103.400017
634.210266, 146.727554, 103.522858, 104.321510
634.925293, 146.813202, 103.650002, 104.221169
637.790344, 149.062653, 100.654984, 102.275284
633.342957, 142.097412, 100.720322, 109.793694
633.555237, 141.534424, 100.071480, 108.687103
633.007629, 141.313675, 100.878975, 110.581490
633.007751, 142.834106, 100.626823, 108.423973
632.855347, 141.550385, 100.910667, 109.838715
633.040771, 142.044098, 100.448135, 109.676399
633.012085, 143.278580, 99.395920, 106.921906
632.503357, 141.797211, 101.046257, 109.945633
632.713867, 142.823822, 99.695328, 107.741158
632.364990, 143.400879, 99.679703, 106.666725
632.529907, 143.125122, 99.677559, 106.875275
632.745850, 144.119141, 102.561813, 107.553047
637.232849, 149.138962, 98.212219, 102.336121
632.610718, 140.445953, 99.630310, 111.169655
633.477356, 141.712112, 98.796539, 110.200424
632.603638, 141.432144, 99.697533, 110.559280
630.754150, 141.620926, 100.524872, 110.462654
630.422180, 140.403763, 98.886574, 109.268051
630.261475, 142.340530, 99.148430, 107.344208
628.813538, 148.371277, 100.412598, 100.707130
626.900085, 147.804794, 102.691673, 101.243179
625.831360, 150.045837, 101.538208, 99.086342
625.690613, 150.157883, 100.816093, 98.469978
622.138916, 148.971375, 103.820564, 99.247643
617.832703, 142.276215, 110.946228, 108.959358
620.416382, 147.319427, 103.498596, 103.259781
616.487671, 147.924423, 105.520920, 101.686554
613.651489, 148.132233, 106.360107, 102.004227
613.020996, 149.428909, 107.154808, 102.838982
609.518799, 144.758453, 109.415359, 106.203911
613.586792, 144.421585, 106.941216, 105.095924
614.477539, 143.110626, 102.306824, 105.518150
611.723877, 143.586990, 106.038963, 105.642883
610.537537, 145.090683, 107.763832, 105.854233
610.399292, 139.260834, 103.867439, 107.886536
611.114136, 142.956406, 104.114799, 104.409172
610.242554, 140.548447, 104.730064, 106.479317
608.184753, 138.538361, 103.076073, 104.587784
606.811890, 140.464279, 106.936737, 108.500870
609.432983, 143.509384, 99.810318, 99.332703
605.502808, 140.278442, 103.892136, 104.351906
611.069885, 144.033966, 104.742035, 100.598015
606.458374, 140.717651, 105.276199, 103.619972
608.171326, 139.266174, 102.698036, 105.361801
605.722412, 141.204468, 102.432022, 105.317589
604.622742, 140.313110, 104.847565, 107.096947
606.060669, 140.318939, 103.162834, 106.489082
607.199646, 140.833145, 100.122322, 103.577988
611.005310, 141.224960, 106.723152, 102.575928
611.602356, 140.558197, 107.105347, 101.668602
605.054382, 139.244934, 102.532959, 103.556488
609.830750, 141.012817, 102.189697, 99.521240
604.703735, 141.199341, 98.907120, 96.870842
603.324280, 138.096100, 104.814934, 104.738060
603.458069, 136.061157, 105.130905, 108.014900
604.207581, 138.568222, 102.679764, 108.299576
604.837463, 139.401596, 98.866104, 102.876770
599.918335, 137.495438, 104.222038, 106.410980
599.354919, 139.534393, 104.180328, 105.740761
599.891296, 139.009827, 105.770744, 108.008774
600.677917, 140.119202, 104.713493, 107.893539
600.243225, 140.214355, 105.562759, 108.886055
600.817261, 140.364136, 104.533920, 109.240700
600.583069, 141.061523, 103.692406, 107.980774
600.497803, 140.926056, 104.025581, 109.758987
600.959167, 140.708206, 102.241234, 108.396133
601.599670, 141.210663, 100.068329, 106.296043
601.867432, 140.842346, 98.361923, 104.885651
602.858704, 139.574997, 96.310806, 102.953545
602.960083, 141.438019, 96.825066, 102.412926
602.558167, 140.654053, 97.435913, 103.418098
603.287109, 141.113327, 97.566399, 102.882133
604.631531, 143.022675, 96.389755, 100.378670
604.622559, 142.581528, 98.123756, 102.594894
606.549194, 142.443115, 98.090614, 103.983833
607.812073, 143.157089, 98.479683, 103.867088
609.528992, 142.582520, 98.192749, 104.534752
610.404785, 142.087753, 98.518555, 104.126434
610.815247, 140.361099, 98.300552, 105.416557
610.364685, 139.835480, 100.581329, 104.027184
610.569031, 141.433868, 98.402496, 101.925316
609.915466, 137.397614, 96.857826, 104.318001
610.005615, 139.230057, 98.531349, 103.898140
609.944092, 139.300659, 101.872017, 106.791267
614.899536, 145.029480, 96.552437, 101.399864
611.385681, 141.816177, 101.164078, 105.547592
609.775879, 144.130264, 97.639931, 98.893318
615.202026, 137.426422, 101.684891, 107.347992
613.741455, 143.245087, 103.167999, 106.039215
610.971680, 140.465668, 108.881310, 110.227722
613.268799, 145.915924, 109.307487, 108.212524
614.890320, 144.271454, 109.193703, 107.978409
618.415588, 144.761566, 109.058235, 106.287689
620.683044, 148.388397, 105.032997, 102.515976
622.310608, 141.650208, 109.537651, 105.726509
625.900452, 144.681595, 104.910828, 102.385689
629.137756, 146.800171, 102.120644, 101.602509
630.149048, 143.409546, 103.629150, 105.025421
627.427368, 142.352692, 103.969887, 107.414635
628.128296, 139.421173, 106.499725, 108.615532
628.208130, 141.371109, 102.249931, 108.840240
631.497864, 144.055557, 100.306808, 104.645172
630.252258, 139.598999, 104.311508, 104.887054
629.693604, 139.553253, 105.558723, 109.081940
631.694824, 136.878967, 104.740585, 103.911278
631.910461, 135.557022, 101.957642, 106.145699
633.599731, 135.151978, 103.444916, 99.128510
632.333862, 136.283173, 104.127342, 100.401917
632.123230, 136.787201, 102.963226, 101.489799
634.004395, 134.537384, 101.500847, 101.102791
631.607178, 136.815811, 107.583504, 105.264366
637.163574, 136.806076, 100.259682, 106.779549
635.965088, 134.540268, 101.307861, 108.785866
636.233643, 134.658661, 101.774422, 109.149162
636.542725, 134.552414, 101.554588, 110.417969
636.750061, 135.879578, 103.779861, 107.685066
635.720276, 136.516251, 102.513680, 111.643196
636.670715, 139.998077, 103.029007, 110.246902
636.863647, 141.599350, 103.797249, 111.018517
636.799377, 142.406387, 103.758057, 109.888687
636.651550, 142.003235, 103.967300, 109.835373
636.349731, 140.143524, 103.851563, 111.421822
635.148987, 143.470688, 105.168648, 109.780609
637.016846, 140.310089, 102.982071, 110.167862
637.586670, 139.322479, 97.989113, 104.127998
637.315063, 140.531342, 98.106430, 100.651550
636.385376, 141.844833, 99.439400, 100.757515
636.954346, 141.464539, 99.742020, 107.246536
638.458557, 143.876373, 98.259224, 100.283684
638.193115, 143.133377, 99.280182, 104.530380
637.008484, 142.850937, 99.514374, 104.810776
638.294861, 146.096207, 99.079506, 100.641747
635.878296, 140.918411, 100.037643, 106.491295
636.039795, 141.056808, 99.880508, 106.484451
637.564026, 142.524338, 97.359924, 98.691986
637.197083, 142.008972, 97.233032, 99.177086
637.259644, 142.373062, 98.233200, 99.551147
637.086670, 142.249619, 98.047585, 99.701492
636.375488, 141.387650, 98.933456, 101.990189
636.558594, 141.711426, 98.667442, 101.760979
636.746094, 142.712311, 98.478798, 99.673866
635.902161, 142.673340, 99.102058, 99.729599
635.537842, 141.878098, 99.509651, 101.338341
636.066223, 141.577972, 99.278351, 101.733765
635.912048, 142.122086, 99.417221, 102.066536
636.372192, 141.704605, 98.330231, 102.394783
635.066956, 142.425415, 99.075348, 101.363449
634.572266, 141.925766, 98.952293, 103.122505
635.258850, 142.670059, 98.185883, 104.831657
635.976501, 146.882324, 95.900948, 102.568962
634.387146, 146.054443, 100.505028, 107.336044
633.537354, 146.075836, 99.435303, 107.538452
634.594116, 144.480347, 98.366203, 108.307571
632.513672, 146.393448, 97.722717, 108.103012
634.138428, 142.993927, 99.380867, 109.022659
632.789551, 144.934494, 101.823189, 109.469841
633.699890, 142.318436, 100.852135, 113.092293
634.109497, 141.951477, 101.213852, 112.855652
635.104004, 142.410248, 99.357864, 111.719025
634.160278, 144.741730, 100.961388, 108.381195
635.330444, 142.472778, 98.838318, 110.375313
634.479309, 142.604568, 100.215012, 111.769905
634.570190, 142.686005, 100.409447, 112.009613
635.439087, 142.644989, 99.997513, 112.128227
635.272644, 143.171539, 100.541443, 110.701233
635.607300, 147.792572, 99.737610, 107.069923
634.649292, 146.446365, 102.995934, 108.283417
635.181213, 142.559860, 100.257347, 104.860947
634.037537, 145.447495, 102.449287, 109.811287
635.294067, 141.804871, 100.628960, 107.083977
634.189819, 142.346985, 103.163841, 112.142761
633.920105, 142.341721, 102.857506, 112.073044
634.965027, 141.659103, 102.522881, 112.665115
634.957092, 141.658173, 102.519913, 112.673790
634.888611, 141.655121, 102.688393, 112.831680
634.909363, 141.666977, 102.742645, 112.858749
634.848450, 141.558701, 102.759590, 112.744904
635.908752, 143.230667, 100.584854, 104.097931
635.399963, 141.455795, 98.816574, 104.868820
635.170837, 142.054489, 98.099686, 106.221848
636.438599, 146.977295, 98.690376, 100.018959
632.772156, 149.111694, 100.430557, 101.138649
628.061523, 147.808456, 105.386147, 101.123940
628.655762, 152.689590, 102.220322, 97.853989
623.594666, 153.017761, 105.547256, 103.071342
615.876282, 145.569656, 108.704582, 108.302452
611.866577, 149.307068, 110.442802, 104.041779
615.141602, 150.780762, 105.611526, 103.014763
615.179565, 148.803665, 105.510338, 104.262520
616.107056, 147.646362, 105.314575, 105.808174
615.942993, 145.941025, 105.716492, 106.403740
614.940125, 144.991180, 106.752823, 108.088074
617.788757, 145.228333, 102.585884, 105.950928
616.159790, 143.130188, 103.942604, 105.353706
616.607056, 142.686798, 101.841904, 103.403397
617.404541, 142.351456, 101.410309, 103.875679
616.109131, 142.769257, 101.471298, 104.507950
615.108276, 142.214874, 100.780426, 103.287918
615.403992, 140.317078, 102.691101, 105.003433
616.811401, 141.266327, 99.935699, 104.161278
616.875183, 138.925858, 102.262657, 106.349373
613.246948, 134.162231, 107.736481, 110.808311
616.385925, 135.125580, 106.374344, 109.381348
618.460999, 138.287064, 100.175316, 103.030464
617.467041, 138.273804, 100.799522, 106.073349
616.450806, 135.828156, 104.337151, 108.619980
617.319458, 135.196198, 103.959991, 108.523560
618.238892, 135.014008, 103.750687, 108.275612
618.561951, 134.518082, 104.221405, 108.084839
618.999329, 132.777618, 103.448822, 108.822968
620.803467, 132.880524, 103.675079, 110.152687
623.073853, 130.241837, 103.771355, 110.690918
622.845947, 128.543716, 98.640282, 105.486694
624.084839, 127.429932, 104.835663, 109.083534
623.099548, 126.876083, 106.429726, 108.812729
626.003845, 129.571579, 98.374840, 101.918922
626.692871, 130.914185, 101.744118, 106.713753
626.068787, 131.281433, 104.725586, 109.481239
629.094543, 134.076752, 98.916695, 103.838051
629.342041, 135.478012, 101.845428, 106.007683
631.914368, 132.204330, 97.327042, 104.521530
633.065430, 133.632828, 98.396194, 104.120132
632.830750, 139.010712, 98.334076, 102.300140
635.755798, 136.573624, 102.083153, 108.187759
635.899353, 136.926697, 102.447144, 108.673569
638.271606, 141.072266, 97.651337, 102.655716
637.767395, 139.888458, 99.872314, 107.733521
637.313782, 143.313293, 100.078598, 104.773438
636.333618, 139.358246, 103.817032, 108.720551
638.699768, 143.801620, 100.805130, 106.234802
639.418457, 147.303467, 99.740257, 103.165009
635.548279, 142.104645, 102.996620, 108.031197
638.507996, 147.821716, 101.929855, 104.480537
637.712646, 147.042770, 104.640717, 105.912811
638.558167, 143.990082, 103.437920, 110.775200
638.419312, 148.789932, 104.503052, 104.640366
637.810303, 149.548615, 102.163994, 102.384636
638.634033, 150.199570, 101.268791, 101.765396
637.528870, 150.338608, 103.176254, 101.569252
637.760193, 150.546844, 103.207947, 102.766426
636.651306, 148.210785, 108.552986, 105.462967
639.573975, 145.881683, 104.384346, 107.912643
639.109741, 145.668915, 105.207397, 108.959976
637.628845, 144.910751, 105.223969, 108.324799
638.214966, 144.705093, 104.654449, 108.700760
639.511047, 146.322739, 103.153069, 107.228020
635.797607, 146.141968, 108.035385, 107.322044
635.266846, 144.936996, 109.249397, 108.576591
637.410767, 146.099365, 105.876343, 107.088600
640.006592, 146.638901, 103.578743, 105.606712
638.432556, 148.011826, 106.962639, 105.212845
639.489136, 147.394821, 104.005737, 103.778870
639.880371, 148.406769, 104.208496, 103.011139
636.509949, 148.776260, 107.241066, 104.201492
637.295959, 149.079529, 106.410004, 103.709557
638.191467, 147.977570, 103.501625, 104.508499
638.030762, 148.715866, 103.090126, 103.823639
634.851257, 143.644989, 107.211578, 110.106834
635.124268, 147.811401, 106.007957, 104.825241
635.842041, 149.126419, 105.777168, 103.894928
636.010010, 150.676651, 104.841080, 100.864929
635.287476, 152.052795, 104.154747, 100.581123
635.359619, 151.476135, 104.342567, 100.469284
634.902405, 152.187042, 104.621246, 98.858910
634.930237, 151.898895, 104.340683, 99.123497
636.342773, 151.757065, 102.215530, 97.563759
635.957214, 149.258347, 102.011833, 98.443901
635.339661, 148.757996, 102.816238, 100.579041
633.863708, 147.985413, 101.255371, 99.615395
634.565369, 146.179901, 100.920746, 98.741737
633.584961, 146.477066, 101.046318, 97.982620
636.010254, 148.844727, 99.757706, 96.917969
629.574768, 143.188950, 99.477455, 103.053955
625.813171, 144.107666, 100.303406, 103.948792
626.740601, 143.285599, 99.578011, 104.970413
623.329102, 143.672394, 102.112198, 107.091293
622.896484, 145.941010, 98.838249, 105.956886
621.676453, 148.190704, 97.106956, 103.463005
622.740540, 149.047546, 99.530319, 104.221748
623.855103, 156.203476, 99.850960, 99.257103
620.670288, 151.665283, 99.289314, 103.521713
621.285339, 147.246918, 100.403206, 103.828758
628.201721, 151.779770, 102.453636, 101.110809
620.779968, 145.534027, 98.690819, 106.099556
620.790466, 142.074722, 101.498703, 106.675102
620.201660, 138.999435, 104.688347, 105.550537
619.445740, 141.503311, 106.097809, 107.604675
620.220520, 136.705460, 99.234245, 107.742805
619.906860, 137.177216, 107.270363, 108.872658
814.489075, 421.876984, 72.064735, 83.157768
624.375854, 133.723480, 99.098213, 106.669991
624.251465, 133.824310, 99.280624, 106.117569
624.296204, 133.314682, 99.960083, 107.364616
624.480408, 136.262817, 97.396347, 101.488258
624.294189, 136.653122, 96.854050, 101.879761
623.806213, 137.411469, 104.371742, 105.637215
625.640808, 138.413773, 95.274223, 101.524666
625.669312, 137.954895, 96.401978, 105.176300
626.900269, 138.176926, 95.540924, 104.653580
626.837708, 141.254333, 97.932404, 106.641533
625.617065, 139.238647, 96.820404, 103.430244
625.026367, 140.888184, 96.588982, 102.735046
626.072937, 137.896423, 94.956039, 103.777794
626.970764, 137.231537, 93.910568, 101.316353
623.617188, 140.141434, 95.734421, 102.085136
623.617554, 137.572403, 96.029419, 103.209869
622.845825, 136.467896, 96.444443, 104.293205
621.580261, 135.524765, 98.523537, 105.879425
621.593018, 135.570374, 98.105423, 104.687431
620.728516, 138.963776, 100.607414, 104.382706
624.081177, 140.411316, 100.547371, 101.532448
621.316589, 142.318558, 101.010971, 103.404381
622.166870, 142.521942, 95.443268, 102.143150
620.880005, 147.348495, 96.800240, 101.801285
622.929199, 143.668320, 95.421722, 105.348122
622.712463, 141.946976, 99.096329, 109.307335
620.850464, 141.785950, 100.674828, 111.647377
618.171265, 140.723572, 100.862274, 109.303200
617.337097, 136.975647, 101.519562, 112.778992
616.775818, 137.349838, 101.146118, 107.037247
614.324829, 140.529999, 103.091515, 97.822510
619.776978, 135.116714, 96.458679, 100.596024
619.406799, 134.680771, 95.151550, 99.814491
619.384033, 135.066177, 93.860352, 100.405441
616.566284, 136.532944, 95.227219, 101.543800
615.648743, 134.100769, 93.969986, 98.944901
613.215088, 137.864639, 97.665382, 108.277031
613.501160, 138.869186, 94.958435, 100.002129
608.443665, 141.329712, 98.649925, 100.436951
609.790161, 140.850998, 96.619156, 99.323441
614.575378, 138.688400, 93.225060, 101.331360
610.252258, 141.351868, 97.049873, 104.953712
610.927734, 137.997086, 97.591728, 97.292229
608.655518, 138.916275, 98.028992, 106.339638
607.493164, 139.518585, 98.808006, 105.617798
606.405701, 140.178696, 96.176537, 105.340485
605.976013, 140.101883, 95.767563, 105.087029
604.741699, 139.982239, 96.709641, 105.577087
604.285767, 137.870422, 96.509842, 107.131210
602.180847, 140.928116, 96.662758, 106.238136
599.926880, 135.350800, 100.099266, 110.417664
601.499390, 135.394867, 96.173386, 104.440163
599.295288, 142.474884, 99.144592, 104.578079
594.979187, 135.611176, 105.377579, 108.757332
594.908508, 134.629807, 102.227943, 106.874413
592.792114, 139.639496, 105.434471, 105.727707
593.298157, 141.979950, 101.893501, 101.021851
590.633240, 140.137177, 104.542870, 103.268997
588.603882, 141.284668, 100.779045, 97.890480
588.886414, 142.789978, 99.399826, 96.014610
588.643188, 137.435181, 98.987831, 105.290268
587.936890, 139.571854, 102.713600, 106.603477
584.130554, 139.774002, 106.092201, 104.151665
584.441956, 143.625580, 102.349480, 100.960556
580.427002, 136.856110, 101.942520, 106.236526
578.135925, 142.033051, 106.731590, 102.927345
576.739929, 142.739700, 106.714516, 102.984764
576.388977, 144.461349, 107.484772, 103.211777
574.109985, 144.985657, 106.217209, 102.949028
572.178589, 146.709488, 107.529381, 102.728203
570.786194, 149.099945, 105.989372, 102.494293
568.696594, 149.681564, 108.939850, 104.023018
568.513428, 152.604385, 103.899574, 101.483131
565.956604, 154.552536, 106.823013, 103.031555
561.492981, 153.265442, 110.815048, 104.414413
565.184509, 156.093674, 105.107407, 101.789024
562.955872, 154.210724, 110.391457, 107.043411
566.275024, 154.208206, 106.922188, 105.546669
567.875427, 155.820679, 106.005066, 105.045876
571.062317, 154.003998, 107.061119, 105.310387
574.256165, 153.787445, 105.889259, 103.165154
578.385620, 153.862747, 104.400223, 101.352768
580.856201, 143.290756, 106.008720, 108.236229
583.706543, 143.766022, 105.949112, 107.909012
587.186157, 149.973724, 105.114021, 103.413368
591.115845, 143.276947, 105.184021, 106.240601
596.192810, 147.444214, 106.086212, 106.561493
601.547791, 152.254120, 103.633743, 102.837875
606.260498, 146.070175, 106.835808, 109.808357
610.067444, 146.245316, 108.258682, 112.918785
612.767212, 152.099518, 109.132584, 111.952942
620.421570, 152.199066, 105.380478, 109.609322
622.583008, 148.259338, 107.773216, 111.594292
629.298645, 148.942200, 105.320305, 108.915573
634.609863, 144.923019, 103.018799, 106.207291
638.641724, 141.135315, 105.985657, 108.145752
645.696838, 143.151733, 103.092712, 102.623474
650.441467, 142.446671, 103.195663, 101.049614
848.287415, 385.644958, 59.344082, 68.781303
852.737610, 392.576447, 56.064400, 68.312378
858.465027, 402.457764, 50.455994, 64.625336
857.839294, 409.461456, 52.069969, 65.315399
856.571960, 415.474792, 50.078270, 63.947880
855.962646, 421.533478, 50.239567, 64.010895
858.787720, 427.728851, 44.331501, 58.197689
852.786072, 432.793274, 51.866585, 67.287209
852.530823, 435.982819, 49.135376, 63.627033
693.057800, 152.618301, 101.413269, 103.846466
842.809326, 440.150696, 57.894363, 70.615425
828.655273, 440.133240, 75.197739, 84.149063
699.747498, 148.069168, 105.949677, 106.926903
704.414307, 149.826111, 100.096619, 104.506767
708.304871, 152.053116, 107.252785, 104.002464
711.821472, 152.705978, 107.213905, 104.021294
711.111084, 150.386383, 105.126434, 108.894432
712.462158, 146.239105, 107.627731, 111.622513
715.726074, 152.043472, 100.368240, 105.253616
716.842224, 151.627869, 101.702408, 105.994331
721.080688, 154.560150, 100.487198, 103.773003
724.582458, 155.069824, 98.061188, 102.592613
719.200134, 154.045425, 106.034927, 107.423546
720.071533, 154.776413, 106.560341, 107.536469
721.972412, 156.503128, 106.961380, 107.918694
723.470947, 152.573074, 108.518585, 111.280380
726.483032, 157.090546, 104.533043, 107.054535
731.077515, 156.237000, 99.316093, 104.628426
727.842529, 154.732056, 106.179970, 106.141365
730.212891, 155.137695, 105.024551, 106.488419
731.440063, 156.442474, 107.046562, 108.556557
733.830261, 158.058197, 105.906647, 107.733177
736.124390, 159.820389, 100.566460, 104.324150
735.675781, 161.352264, 101.857277, 103.092010
733.606445, 160.273071, 105.983200, 106.125381
733.250305, 161.483582, 108.247597, 107.750397
737.105408, 164.677795, 102.353767, 106.428940
733.062256, 168.053696, 108.818184, 107.855057
730.400024, 163.910767, 110.253029, 108.710686
729.528198, 166.415161, 102.154732, 105.082321
724.108093, 166.937180, 107.261223, 109.335442
722.378967, 164.648911, 104.979439, 106.718918
724.997192, 167.544800, 98.124512, 94.042931
713.394531, 160.338821, 100.245819, 106.351913
707.444519, 160.495316, 101.445717, 105.478661
704.043457, 159.576508, 100.830078, 105.041000
696.043823, 158.851715, 104.897469, 108.272346
686.480347, 155.509369, 108.618324, 109.549873
678.221252, 153.696106, 110.932617, 110.544357
674.428040, 158.044220, 105.270844, 105.102379
665.736694, 163.498322, 107.549797, 100.816223
656.962646, 155.290161, 107.011780, 105.978485
647.540344, 154.979675, 106.931511, 107.017731
642.833252, 161.729782, 103.178772, 96.956406
629.240112, 153.874405, 109.839516, 104.682098
624.263672, 155.998001, 106.426826, 103.109329
616.909241, 161.563446, 106.012306, 101.527031
605.524231, 157.836517, 111.181938, 104.238297
596.240845, 157.549240, 111.204369, 107.368889
590.267700, 160.345490, 111.481720, 103.671211
583.223328, 162.545639, 111.210419, 103.054672
578.280762, 168.720856, 109.177444, 103.092903
570.126526, 166.587601, 111.202034, 102.823433
567.243958, 170.190918, 109.655914, 100.227730
559.893982, 167.656784, 111.962524, 104.214088
558.087769, 165.970383, 109.357330, 104.657616
558.676270, 175.058075, 107.108368, 99.398689
554.921570, 173.757599, 109.707893, 104.143524
552.809570, 171.066620, 110.306206, 105.037300
551.513184, 173.600662, 110.658287, 102.812492
552.158447, 172.614166, 110.664970, 104.621803
552.032593, 173.271378, 109.596313, 106.295311
552.462158, 168.889923, 110.594276, 108.239159
555.583679, 168.731995, 109.090492, 105.134361
559.648438, 168.445786, 108.405426, 105.709961
561.715698, 164.587479, 108.686623, 106.815414
564.592834, 165.860352, 109.408493, 105.502113
568.331543, 163.916016, 107.048203, 107.105301
572.358521, 158.786423, 109.909203, 110.455910
576.681885, 158.143402, 109.967613, 109.678894
582.156982, 161.836990, 105.711388, 104.746231
582.525085, 162.209717, 111.118172, 106.438019
589.751282, 157.821564, 107.361031, 106.623581
595.452332, 154.403778, 109.425629, 109.843231
600.030762, 153.490555, 105.653923, 106.293274
604.670898, 154.427856, 104.764465, 104.482986
608.629211, 153.615128, 107.167091, 107.348160
609.778137, 159.738647, 111.246078, 106.278870
617.111694, 156.195435, 106.967804, 105.425285
622.904968, 154.071655, 106.044884, 107.586334
625.555969, 154.943939, 109.218399, 108.727989
629.139526, 166.997772, 107.913597, 100.710289
634.761230, 160.638153, 106.626938, 102.665916
639.081299, 165.862885, 106.286133, 101.976883
642.773804, 165.205414, 105.924034, 106.915901
643.779480, 162.702103, 108.066132, 108.715843
648.609802, 163.950195, 107.053238, 107.453728
650.799561, 169.523346, 105.651909, 102.496033
652.316589, 168.742767, 104.109001, 99.614319
653.754883, 167.761612, 103.794098, 99.705856
654.956360, 164.650589, 105.078232, 101.004944
653.197388, 157.048874, 108.700172, 109.265923
652.715271, 156.033585, 107.873459, 108.328484
657.956421, 161.721008, 104.779648, 104.227013
657.228943, 158.314529, 105.975136, 110.562347
655.197510, 154.513458, 107.716255, 110.612099
655.577087, 157.751984, 105.396042, 106.859589
654.065491, 150.690796, 109.732597, 113.146576
654.723389, 155.991364, 106.381271, 106.785248
650.893738, 151.025406, 110.448410, 111.176231
652.610901, 155.197571, 105.485764, 104.324776
650.812317, 155.285767, 104.108124, 101.607147
650.781189, 154.648682, 101.823692, 99.389145
659.412537, 155.720398, 92.810982, 97.425751
644.843140, 150.379486, 101.218826, 103.264786
642.413330, 149.142151, 100.534515, 103.444481
638.343323, 152.599380, 102.944641, 101.174721
635.008789, 147.364807, 102.064629, 101.243065
632.964478, 145.220932, 99.791603, 105.085892
637.110962, 148.235107, 99.733009, 97.296410
636.536621, 151.553696, 97.134804, 94.963730
626.722961, 147.643616, 101.824257, 98.375114
629.070557, 147.072495, 99.236076, 96.937164
618.262085, 138.921021, 101.143097, 106.646500
615.545715, 136.506882, 100.164040, 106.812012
614.597595, 139.692673, 103.175308, 103.349960
611.803406, 137.793198, 100.011810, 106.654655
606.612427, 134.199875, 101.984612, 103.750023
604.938843, 135.545624, 99.668617, 105.097794
604.410645, 134.785309, 102.218742, 104.968094
456.165741, 405.803253, 66.919647, 60.625412
601.176575, 136.541321, 102.586075, 105.244377
597.549194, 135.519867, 102.898964, 110.416649
597.868469, 137.593674, 101.696228, 107.344421
599.822632, 139.936829, 99.955803, 102.887642
594.746338, 137.186035, 99.865257, 107.481354
596.013855, 138.612549, 97.895172, 107.009384
594.830383, 136.450470, 98.538719, 110.093826
597.245483, 145.362732, 97.173683, 102.178513
587.559692, 141.620544, 101.827034, 107.706543
587.806152, 140.871460, 100.626190, 107.325577
585.878662, 141.485962, 97.624557, 104.235489
583.689270, 141.665268, 100.807899, 106.224854
582.292786, 141.515549, 100.572762, 109.385040
579.259277, 147.267517, 101.247688, 101.111984
577.710999, 144.020111, 100.215576, 105.479820
574.871033, 144.743973, 101.296768, 108.128510
574.119263, 143.807053, 101.955505, 108.253967
573.395447, 145.212540, 98.700768, 108.596977
574.595703, 150.195251, 98.385422, 102.135048
574.346558, 149.758377, 97.921509, 101.346001
573.265991, 149.551682, 98.508415, 101.630875
569.849548, 144.656433, 97.527969, 105.506203
571.001343, 147.958969, 101.242958, 99.969666
571.789734, 149.917999, 99.166641, 98.162827
571.174438, 149.856110, 98.795341, 99.326424
569.945068, 148.796997, 101.159607, 102.457962
571.211487, 150.498749, 98.867233, 102.139130
571.230164, 150.109375, 100.063225, 99.561317
570.804382, 151.224945, 99.945213, 100.267754
570.416321, 149.111084, 101.502800, 100.786705
571.709412, 148.885071, 101.857468, 102.439102
570.613647, 150.346634, 102.161598, 105.077820
573.103394, 151.066315, 100.282990, 101.600075
572.436890, 149.675140, 101.753441, 103.283424
572.116699, 150.043701, 102.001053, 102.736420
571.019470, 150.314087, 104.779015, 101.389778
571.645020, 151.761856, 103.894653, 99.236618
568.823059, 150.415710, 107.152794, 101.557861
571.182007, 152.081711, 104.755264, 103.654037
568.007202, 152.373764, 106.042931, 103.534775
565.953735, 148.689713, 106.926468, 106.331314
568.397461, 153.051056, 103.951302, 102.313423
563.784363, 149.742523, 110.210373, 106.802002
563.596252, 151.374191, 107.203949, 102.853615
564.908325, 150.958984, 106.985886, 103.901894
565.839844, 150.387299, 107.554207, 106.091019
568.241943, 150.256378, 105.396233, 104.711617
569.035767, 147.088226, 105.183647, 106.116280
570.672180, 147.085693, 105.754738, 105.794868
572.315186, 144.935913, 104.843910, 105.331543
571.590454, 145.460922, 104.124130, 103.789177
573.447021, 146.171524, 103.710869, 104.304489
574.208252, 145.711578, 104.035095, 103.992607
575.203186, 146.475616, 105.030540, 104.197647
575.709778, 143.503708, 110.015305, 109.821037
578.965271, 146.680420, 106.652458, 104.745064
580.839233, 144.677155, 106.011360, 102.535583
582.590698, 142.117310, 105.967636, 101.659920
583.708984, 139.074554, 107.706558, 103.790733
587.633118, 134.872650, 108.248978, 106.145226
591.277649, 136.649506, 107.514259, 102.902565
592.360291, 137.383026, 104.792686, 101.145699
595.432983, 132.119507, 106.101402, 108.963432
598.957703, 136.501068, 102.530945, 103.491272
596.928162, 138.332672, 103.315880, 102.987648
597.845459, 138.290588, 104.405327, 103.551498
598.041382, 138.909546, 106.652580, 103.421532
599.027954, 137.686523, 109.525932, 107.151993
605.767517, 139.026932, 103.831779, 102.749855
600.741150, 143.964249, 104.140068, 103.168678
601.150452, 146.008057, 104.585899, 100.839874
602.506958, 147.426865, 104.100937, 101.411880
605.833374, 146.335114, 104.005424, 100.834625
606.214355, 151.373871, 102.367249, 101.213943
605.695557, 149.098907, 106.027557, 104.139183
606.764709, 150.620178, 105.760033, 102.540695
610.325256, 154.592163, 99.535858, 97.984299
608.533447, 154.856232, 105.200592, 100.821213
606.194397, 148.031754, 108.958809, 104.487305
607.559998, 148.802734, 107.545319, 104.173141
606.403381, 150.094070, 106.133469, 104.567871
609.332825, 157.939423, 103.631416, 99.879921
609.448425, 157.518631, 103.607910, 99.295380
608.631409, 157.562378, 103.586052, 99.327850
603.930786, 148.679352, 110.532272, 108.448540
607.204773, 158.350388, 104.427315, 101.839005
603.857178, 150.238464, 107.188263, 108.551338
604.896973, 149.512939, 106.185326, 102.416367
605.483093, 155.489792, 104.606064, 101.510841
605.344604, 153.139374, 105.147354, 101.641968
601.544556, 147.484680, 107.398010, 107.836983
601.394958, 146.805817, 106.460976, 106.531616
608.735596, 150.262283, 101.601654, 100.286888
603.068420, 151.969910, 105.032555, 100.711243
600.316223, 149.645004, 107.968033, 103.343910
599.229980, 148.715515, 109.157661, 104.365883
600.956421, 150.268524, 106.159554, 102.777557
599.096436, 150.215576, 108.102989, 102.248863
603.283447, 148.636353, 102.779884, 103.083084
602.222229, 148.331573, 102.989822, 102.131439
598.985962, 148.288727, 108.397736, 103.221436
600.296997, 147.961014, 104.387871, 101.563690
603.407959, 145.343719, 103.320351, 101.414078
602.081909, 140.607391, 105.056877, 109.863213
608.148987, 140.508041, 103.685539, 102.419479
601.579468, 139.710037, 106.636009, 102.503159
601.507874, 137.965607, 103.394318, 103.631775
602.114746, 137.590759, 107.953354, 103.556274
602.060974, 137.376312, 107.225693, 104.724747
601.872437, 139.667969, 106.888481, 107.920921
602.516541, 140.884216, 103.739914, 107.649223
601.597290, 147.342270, 105.152016, 101.674843
601.627625, 148.945007, 106.893394, 101.202164
603.741028, 148.735352, 109.746269, 105.116997
605.197266, 151.059296, 106.378189, 100.344299
606.646057, 149.254456, 107.683243, 106.714401
606.888550, 148.804306, 108.472717, 108.506332
612.230286, 152.636490, 103.958107, 102.328560
610.613708, 147.400970, 110.093941, 107.880684
617.728027, 141.514618, 109.084007, 106.399895
619.161194, 138.047287, 101.512878, 102.737747
621.753723, 136.791641, 99.958069, 101.457436
627.384277, 136.861969, 104.444260, 101.785568
625.101440, 139.549393, 95.544769, 99.515694
625.691345, 138.077087, 109.754776, 108.466553
629.049744, 143.506897, 101.711288, 100.538498
637.366150, 147.330475, 104.326630, 102.464424
631.892700, 143.465424, 99.323906, 101.075981
637.965698, 147.978607, 105.042198, 103.344864
490.651001, 443.116089, 61.721699, 58.260822
640.654846, 149.379654, 104.645821, 104.243301
640.841370, 149.193024, 105.223022, 103.932259
638.861511, 149.647034, 106.667763, 105.585793
639.112976, 150.049515, 104.936218, 103.426498
638.567566, 151.560883, 105.596405, 102.991699
641.278320, 152.520203, 103.707336, 101.730263
636.902893, 150.866608, 104.315979, 102.059769
634.088928, 150.207779, 107.392151, 105.967934
635.838745, 150.680634, 102.178421, 102.335030
633.954163, 148.949509, 104.121796, 104.102570
635.312744, 147.427979, 103.620201, 104.881584
634.478394, 145.897156, 108.872307, 108.847961
629.576111, 147.726608, 110.084801, 110.153824
627.920410, 147.215027, 108.176773, 109.241623
626.956421, 148.566772, 108.302849, 106.471428
625.206177, 148.236221, 109.762840, 106.315086
624.995117, 147.098694, 107.776054, 106.584114
624.806335, 148.714264, 108.083397, 106.122612
626.381836, 150.163849, 105.613853, 105.272476
626.389282, 152.973572, 100.454437, 103.302750
626.991882, 152.867203, 101.585907, 102.809395
623.927612, 151.459335, 108.094299, 108.428635
624.134705, 157.531082, 102.945213, 101.880089
621.251038, 161.634521, 105.245392, 103.116989
622.905823, 163.105667, 101.973396, 99.730232
619.647888, 164.270386, 107.247429, 105.593193
619.773804, 158.727646, 107.511673, 111.073189
615.456482, 164.188080, 110.184227, 109.687614
618.063599, 172.246689, 103.956718, 103.123932
617.638367, 174.796783, 102.753922, 101.044540
618.109314, 175.029129, 102.091911, 100.082954
614.803162, 171.293518, 103.189552, 107.036255
615.801025, 176.336823, 104.785820, 102.904167
611.399292, 176.976517, 106.063156, 103.104019
611.608765, 176.082260, 106.019241, 102.473846
613.501892, 175.470093, 105.061287, 104.022560
613.079346, 179.115479, 102.673088, 101.476318
612.472046, 178.087982, 104.471611, 102.942001
612.156372, 178.127533, 103.741928, 103.423409
610.892822, 177.717682, 104.466881, 104.014381
610.817505, 175.824936, 104.966270, 105.512062
611.094055, 177.196320, 103.548622, 101.680840
610.230835, 175.267761, 105.325287, 102.060783
611.199829, 175.075928, 103.109024, 101.381241
608.229004, 170.498566, 106.575150, 105.615051
608.447571, 170.902527, 105.976265, 105.658714
608.323303, 172.343414, 104.306030, 102.155106
606.462524, 172.762100, 105.667725, 103.467308
605.249573, 170.524429, 105.459488, 106.750549
600.057800, 162.431305, 112.765541, 110.556274
606.622437, 167.478470, 104.947563, 102.006195
599.499451, 160.887238, 112.214050, 108.926247
598.025269, 158.972031, 113.693062, 109.873711
602.820068, 160.184906, 105.265236, 108.658669
603.769653, 165.948425, 105.023170, 100.464684
603.638184, 165.213531, 104.775238, 99.690033
603.146851, 164.071167, 103.335220, 103.767670
601.186523, 162.830444, 106.507347, 101.554138
601.533508, 162.408966, 104.632462, 100.519539
600.498962, 158.886368, 106.230690, 102.585838
600.656433, 160.476395, 105.150757, 100.537697
597.807800, 158.246033, 108.494766, 102.291512
598.125916, 151.025513, 107.605553, 106.854729
595.804626, 150.623871, 108.774139, 105.199257
598.564575, 156.465958, 105.937454, 102.408348
596.270996, 151.433243, 110.411179, 106.640663
595.339294, 150.416031, 110.856445, 106.386497
597.135254, 151.176163, 108.190254, 103.341339
595.541260, 149.523148, 109.710541, 105.398529
597.874146, 151.839111, 105.206390, 100.354538
596.797424, 151.551178, 106.109146, 100.298500
596.347107, 148.987152, 107.302177, 102.647171
594.849304, 147.014847, 107.041458, 103.746254
595.518799, 146.672943, 105.504158, 102.934906
595.482178, 149.523087, 103.050369, 99.831047
593.949829, 148.698578, 105.014854, 99.929169
595.422424, 145.590881, 104.447289, 102.537880
591.914368, 142.207382, 108.844833, 106.742538
593.107483, 144.235916, 105.663567, 103.264465
591.372986, 143.473679, 107.811272, 105.198395
591.108887, 146.752472, 98.816139, 99.769859
590.049866, 146.619736, 103.767761, 101.044945
586.568970, 148.859558, 102.031555, 96.845566
584.295288, 147.608887, 101.004227, 97.502434
581.179321, 145.701080, 102.311241, 100.047699
580.763855, 149.237335, 103.884956, 97.711418
578.837708, 146.248291, 103.633118, 101.257683
575.514099, 147.332733, 104.309303, 95.756157
572.390930, 141.180267, 107.416283, 101.176521
569.334167, 138.609589, 108.835007, 103.225693
568.810608, 138.660675, 107.622879, 101.736855
567.699341, 139.695023, 106.534317, 101.383545
565.689331, 142.048279, 108.445244, 101.266014
562.940796, 140.807846, 108.731987, 102.971848
561.836487, 142.566254, 106.643066, 102.423737
561.775391, 142.192505, 109.008713, 104.252296
562.776978, 143.300385, 109.199242, 103.932030
563.176086, 143.733322, 108.600937, 104.532173
566.529663, 149.771759, 109.473511, 101.884338
567.483459, 144.712250, 107.246483, 103.649460
566.739990, 145.349930, 107.941635, 104.238510
570.219604, 150.763184, 107.165016, 102.778831
568.079956, 149.663940, 109.566513, 103.028831
569.165222, 150.712509, 109.532486, 102.833237
573.515381, 147.001831, 105.438950, 103.416031
573.115784, 146.267761, 106.006828, 104.547859
572.511230, 151.802155, 109.239883, 100.312172
574.836914, 148.732635, 105.998192, 102.039970
576.025818, 151.598694, 100.951935, 97.719902
576.317932, 152.166382, 107.822365, 99.938133
579.610535, 145.723267, 105.619148, 104.026634
583.461731, 150.987213, 102.461197, 101.926125
582.297546, 144.626129, 106.434456, 104.189354
584.269043, 149.150528, 106.303589, 101.563141
588.220520, 149.534912, 102.225296, 102.060547
588.531250, 148.666504, 108.027763, 102.975372
588.601379, 143.296356, 108.133049, 107.441956
590.830750, 144.200500, 109.018288, 107.237885
595.854370, 149.506638, 105.665581, 104.768265
596.796143, 151.271103, 106.110664, 104.624352
599.751160, 157.817841, 105.241547, 99.295189
601.497742, 157.121155, 105.539825, 103.168999
602.998413, 158.785858, 103.275681, 103.655693
601.479675, 160.926483, 104.610603, 100.655609
600.964539, 158.629364, 107.204773, 105.160194
601.317261, 159.457352, 106.322617, 104.771744
600.093933, 158.690384, 108.324211, 104.946007
601.342224, 159.609131, 106.035492, 104.516869
602.746582, 158.862274, 104.619423, 105.491638
602.068359, 157.288086, 105.483620, 106.317070
602.716553, 154.034927, 104.921730, 106.215355
600.926758, 157.335526, 106.633553, 106.491737
601.471375, 160.675598, 105.251816, 99.046097
602.833557, 160.650970, 103.113754, 100.979172
599.495972, 160.249695, 105.212814, 99.314941
596.219971, 151.014023, 107.241753, 106.502747
593.616394, 151.272430, 108.752716, 105.816360
595.014465, 151.864624, 106.495567, 105.308670
592.967712, 150.420074, 108.585182, 104.595879
595.648926, 152.137100, 107.414711, 106.046494
593.319885, 149.405991, 110.789467, 103.056252
597.554688, 150.109436, 106.563171, 102.135933
599.202026, 147.318710, 105.976013, 101.683228
598.996887, 142.399689, 106.532242, 103.767082
599.977112, 142.561035, 105.577187, 105.002586
598.090881, 141.558884, 107.481056, 104.819878
596.791870, 142.027817, 107.037491, 103.914589
595.904785, 142.105835, 107.862495, 105.779152
596.846008, 144.074875, 103.566269, 102.634422
595.835388, 146.577759, 102.964172, 98.903343
589.557068, 140.307037, 103.058304, 101.564400
593.031921, 150.005676, 105.866829, 98.476753
591.949280, 144.548706, 106.083885, 104.842880
591.778442, 149.885071, 104.984230, 101.078262
593.671326, 145.044434, 105.820641, 105.239883
591.742004, 149.650726, 105.844772, 101.684555
593.903076, 144.458923, 106.566452, 105.233406
594.666809, 144.523163, 105.732498, 105.017868
598.045532, 153.151001, 99.877228, 96.926636
593.295288, 149.954391, 105.241104, 101.496231
597.970459, 154.448425, 99.411545, 96.482201
598.614136, 155.105804, 100.613274, 97.656136
594.333923, 154.819412, 106.563683, 99.737381
595.265991, 154.606812, 106.018417, 100.351112
597.220886, 154.793365, 104.280701, 99.983711
597.854065, 155.189911, 103.455376, 99.734444
597.848022, 153.359802, 105.361008, 102.324799
599.763672, 147.850540, 104.563469, 106.213417
598.982971, 154.188766, 105.083153, 99.752136
600.122192, 153.630920, 104.367584, 100.441544
600.302551, 151.124329, 104.837929, 105.444229
597.854980, 147.475281, 107.828285, 106.635406
598.311829, 146.205322, 108.362076, 107.835129
600.091370, 151.598053, 108.023224, 103.881767
600.066162, 151.807419, 108.339394, 102.179863
600.289429, 150.615265, 107.701706, 103.127411
602.469360, 147.942307, 107.500526, 107.945274
599.671631, 146.232147, 109.245430, 108.118240
603.187866, 147.988022, 105.870735, 107.169815
606.768921, 151.002274, 101.487236, 100.835609
602.104736, 149.541580, 106.060509, 103.257095
604.463440, 152.499359, 102.464088, 102.961845
603.789490, 151.624725, 104.014244, 102.925415
608.551636, 147.547943, 101.437775, 101.124977
605.388123, 145.665649, 103.575966, 105.505959
605.164063, 142.738861, 105.365799, 102.336212
605.708374, 141.786240, 103.496834, 102.520325
606.829407, 142.168427, 105.021400, 101.489891
605.884644, 141.245667, 109.624916, 102.107559
604.844238, 142.056030, 108.834312, 102.148735
603.430054, 140.660248, 111.337502, 106.980690
606.573853, 143.909592, 104.772842, 100.927963
605.582947, 141.655518, 109.111725, 106.802139
606.796448, 144.852051, 107.160477, 105.150612
607.980408, 145.919632, 103.001411, 100.680763
608.342834, 148.852127, 106.164719, 102.657227
607.218628, 144.619278, 109.550819, 104.110847
609.527588, 142.517883, 104.941826, 103.938217
610.420959, 142.673615, 107.105217, 103.503906
609.513428, 139.419357, 109.652954, 106.218269
610.645447, 140.418411, 108.807594, 103.229347
611.278442, 140.318085, 107.869110, 103.978775
611.309570, 140.056030, 108.597214, 105.979080
611.592041, 143.967590, 106.652519, 100.123367
612.859619, 145.426895, 105.683159, 101.497345
609.584045, 146.637100, 105.964867, 100.462791
611.982910, 148.222748, 102.381996, 98.299202
611.183105, 147.997604, 103.457138, 100.591125
608.234619, 149.769241, 103.933784, 102.004700
608.808777, 148.712891, 105.812576, 108.037949
609.012512, 147.544571, 105.287415, 107.944977
607.029846, 147.829132, 106.667389, 106.684631
609.574219, 149.670425, 100.572571, 103.474937
610.596985, 150.562256, 100.367233, 102.464561
611.141602, 150.737671, 99.929276, 101.931847
612.298157, 148.523163, 98.922112, 104.111015
613.269775, 149.903992, 99.442482, 104.842354
615.396423, 148.764114, 98.419823, 104.138573
612.647705, 147.131378, 100.697258, 106.677635
611.935120, 148.981384, 105.844833, 102.645874
613.327332, 147.743103, 101.421837, 105.794006
613.976624, 145.244553, 103.078094, 106.480782
615.150635, 147.053741, 104.334129, 100.350754
618.506714, 151.328049, 99.224548, 98.276642
615.961182, 151.660156, 104.062378, 100.442436
613.314392, 149.895233, 105.842880, 102.321571
611.793030, 145.746567, 108.106461, 111.212608
611.732971, 144.677765, 107.950394, 110.480820
614.450867, 148.271057, 103.755981, 104.449928
616.308533, 148.281525, 102.092224, 104.787735
616.285339, 148.557953, 106.722206, 106.906960
615.353821, 149.313812, 107.165390, 106.283119
614.150757, 147.724091, 107.368080, 104.585960
617.657593, 147.708817, 106.083755, 104.236427
618.114929, 146.579376, 106.439934, 106.684631
620.931885, 148.174011, 101.501854, 98.931458
618.516785, 147.705811, 102.355339, 98.174644
618.285278, 147.748947, 101.942337, 96.127785
620.647217, 143.493469, 103.305862, 100.887009
618.802551, 144.315979, 104.785820, 102.877975
614.962708, 148.027771, 105.318291, 99.116806
614.267700, 148.520508, 105.398621, 100.855934
616.093140, 148.910477, 103.629021, 99.500214
612.230652, 144.143280, 109.167427, 105.957314
618.671265, 143.485153, 103.794540, 100.949226
612.447388, 144.304352, 104.882408, 100.377861
613.219666, 140.899139, 106.878525, 105.129631
612.636536, 144.417480, 105.660545, 103.748001
612.441406, 145.578384, 105.894485, 102.263832
609.755371, 144.704117, 109.648796, 104.756432
608.564941, 145.541000, 109.153122, 103.298264
609.695251, 146.957489, 104.892365, 99.535210
607.937317, 144.451431, 108.195297, 102.053123
608.738586, 141.211105, 109.185760, 105.752800
611.470337, 142.928894, 106.718674, 101.992470
607.606689, 135.347794, 99.608192, 103.621986
611.233337, 140.477417, 106.661720, 102.289284
610.809204, 141.089005, 106.987717, 102.632294
614.360352, 141.394684, 102.822098, 99.463898
608.414429, 144.576324, 105.594261, 100.862701
611.863037, 146.434265, 104.126083, 102.182228
605.972046, 144.941422, 101.433937, 101.266357
608.403442, 146.409576, 107.163124, 102.697624
609.712769, 147.545471, 103.118355, 98.936813
608.791992, 145.773499, 104.676254, 100.312424
609.110291, 145.516693, 104.720924, 99.824425
607.419006, 142.802429, 105.808479, 102.758347
614.066162, 146.669724, 101.520378, 100.923492
607.806458, 148.262878, 105.367622, 99.325882
606.946838, 149.780563, 106.723465, 101.816673
605.617554, 150.753174, 107.694458, 101.753258
604.636780, 151.814774, 108.631935, 102.092354
605.481323, 152.054871, 104.602287, 101.581650
605.416931, 152.152618, 104.736427, 101.662712
605.458252, 153.035522, 107.472168, 101.654007
605.186401, 152.224335, 105.842949, 103.661690
605.077942, 153.290329, 108.087112, 101.667938
603.349548, 146.847107, 108.275887, 106.330070
603.292969, 147.198944, 108.311295, 106.160324
603.239990, 147.159698, 108.194229, 105.958542
602.726990, 146.523483, 108.530113, 105.011955
603.223633, 146.976440, 108.105515, 103.789764
603.792664, 146.125397, 108.447388, 103.940346
603.282776, 146.846451, 108.342163, 104.957573
603.707092, 146.801636, 108.363396, 103.808311
604.079956, 146.279297, 108.774330, 106.589706
608.148499, 146.173660, 99.646751, 101.711464
608.006470, 146.755203, 99.476379, 100.061089
603.714478, 142.551727, 105.311737, 104.035080
606.886230, 151.739319, 107.374634, 103.797050
607.142090, 152.821533, 107.101631, 102.901802
607.395386, 152.887070, 106.669151, 103.221695
606.185547, 151.213745, 105.144394, 100.486084
607.279236, 150.710464, 107.580917, 105.634201
608.274353, 154.354889, 103.303337, 103.246307
606.330566, 154.549576, 105.295044, 101.219345
604.167664, 153.062164, 107.999725, 102.747894
603.476013, 150.892563, 109.504074, 103.995796
605.893005, 152.261261, 107.746750, 103.938927
605.228149, 151.848785, 107.195129, 103.878456
605.312500, 145.831528, 107.903076, 108.657440
606.018677, 145.645370, 107.148628, 108.125069
605.723755, 151.361053, 105.592873, 104.290756
605.321533, 151.281601, 104.931999, 102.927071
606.384216, 149.199692, 107.767166, 107.472542
606.859192, 151.285904, 103.440880, 103.604019
606.957703, 148.624008, 107.049210, 107.388901
607.971558, 147.756866, 105.208031, 108.019165
606.490845, 143.684250, 107.045746, 110.412247
605.876526, 148.898941, 107.494789, 107.410507
606.069580, 143.537445, 107.556221, 110.856033
606.041687, 143.570618, 107.628113, 111.276878
606.334473, 143.511765, 107.320641, 111.053185
606.537109, 143.577179, 107.134270, 111.028984
605.839539, 142.996262, 108.852203, 111.845253
607.049133, 143.268188, 107.193619, 111.618301
606.814819, 142.789368, 108.702187, 112.545425
607.783752, 143.616821, 106.617233, 109.954254
608.323547, 143.705460, 107.591568, 110.793823
608.869080, 143.868744, 106.633240, 110.626244
610.251343, 149.733704, 105.348091, 106.533813
608.299805, 149.453354, 108.079681, 108.877609
608.358521, 149.372650, 108.861847, 108.563393
612.291626, 152.768600, 103.121124, 101.768845
611.644348, 150.996613, 106.478806, 104.630173
613.583191, 151.547928, 106.068886, 106.053619
613.540955, 151.518524, 104.712799, 103.378807
611.973083, 149.992508, 108.733688, 108.011276
612.606506, 149.894760, 108.777985, 107.305534
612.904236, 149.835953, 107.981071, 104.738556
615.277771, 147.517639, 108.483177, 107.400124
613.813354, 148.695908, 108.664253, 104.965729
614.436462, 148.676453, 108.822845, 104.707169
618.405640, 149.410950, 105.597031, 102.624016
618.261963, 153.106415, 104.709457, 100.482483
618.873169, 153.081665, 104.218323, 101.059265
622.195251, 156.753601, 101.341507, 101.949715
621.637939, 155.636581, 104.152672, 101.587204
623.964722, 156.856796, 104.289017, 102.591560
625.309204, 154.903595, 102.832558, 103.397362
625.762878, 154.379669, 105.647629, 103.794884
628.014893, 151.466461, 104.665230, 104.523148
629.931824, 150.303452, 105.113770, 103.669411
629.525818, 152.174728, 104.086952, 100.590515
635.052124, 149.645813, 103.457390, 105.959618
633.600952, 152.558884, 104.647835, 101.206406
634.737366, 155.354706, 103.650566, 100.985420
636.278320, 153.650208, 104.059799, 101.064529
638.124268, 155.327835, 102.204567, 99.512711
639.932800, 154.053329, 104.229980, 100.165611
642.807007, 152.606644, 102.941994, 104.218765
640.476685, 150.984680, 107.024002, 108.278595
642.555725, 152.899475, 99.828651, 106.990211
643.961731, 152.544525, 105.155800, 106.382484
646.630737, 155.033173, 102.986168, 102.414864
648.195007, 156.775162, 101.227715, 100.266548
647.289856, 156.833542, 101.737816, 102.173691
646.647278, 156.774200, 101.627678, 100.875786
647.531555, 156.612823, 101.682365, 101.481140
647.209839, 156.469467, 100.820190, 101.356911
645.506165, 156.201630, 100.462875, 102.719795
646.320251, 155.365891, 99.502464, 100.940575
645.050232, 153.321976, 99.508141, 102.312653
646.027283, 154.587799, 101.547096, 99.565765
647.107483, 155.625778, 99.378159, 99.028564
644.063843, 154.893982, 100.411087, 103.099098
644.104065, 155.270706, 100.557953, 101.850670
645.295959, 155.609756, 100.202660, 101.164314
644.999146, 154.721909, 100.816154, 101.463318
645.564270, 153.539032, 100.109787, 104.126389
646.982849, 154.332672, 99.061485, 101.384682
644.711365, 150.797684, 101.588676, 105.414360
647.768555, 152.712036, 101.831253, 99.697380
646.204651, 154.483246, 100.991440, 98.976013
647.118286, 153.104919, 101.037560, 100.896790
644.380127, 148.495667, 102.728470, 106.178650
650.055420, 155.240799, 101.477158, 99.832420
651.416199, 154.538559, 100.482658, 99.448692
649.596375, 153.319855, 102.240547, 101.750069
652.097046, 152.512955, 101.829239, 101.488945
649.322083, 143.313675, 102.326927, 109.514664
649.598022, 145.195740, 105.248543, 108.175720
649.717285, 145.550171, 104.389069, 106.806709
653.108948, 149.308624, 101.873093, 101.886040
653.873474, 151.757584, 100.625305, 100.317970
653.458801, 153.788422, 101.876366, 100.574951
653.354858, 157.169281, 102.065384, 100.000244
650.991760, 154.893494, 105.423508, 103.746452
651.603394, 156.961914, 103.689194, 102.075760
649.714294, 156.583862, 103.395012, 101.372116
647.892273, 154.757431, 103.968628, 104.726372
645.568298, 152.801987, 102.697906, 105.314392
642.322632, 156.980606, 105.120514, 103.598518
645.262512, 152.178940, 102.826950, 107.748940
642.279724, 153.732132, 106.228737, 111.149498
642.467712, 152.925095, 105.452873, 105.565353
641.617615, 152.659836, 103.984505, 108.932243
642.660156, 151.698303, 100.843246, 107.584061
643.954163, 152.000458, 98.315109, 105.594582
643.086609, 150.781204, 99.344696, 105.895081
643.749695, 152.575928, 99.363541, 105.106522
643.920349, 151.821533, 98.393044, 106.173363
639.404419, 150.819611, 106.780991, 107.298752
639.592651, 151.312134, 103.403328, 106.237274
637.028809, 150.554871, 107.459885, 107.467232
637.347168, 151.262115, 105.976898, 107.312080
640.492004, 149.964630, 102.512604, 104.957397
642.319946, 149.216095, 99.748573, 104.986465
641.022888, 149.574738, 101.394112, 105.063919
637.271301, 149.805542, 104.808823, 106.461029
639.943848, 150.886169, 99.088951, 103.682846
638.321594, 150.961151, 102.019646, 106.022079
639.906067, 153.593231, 100.758881, 104.317192
641.773193, 151.747879, 98.733727, 104.653221
639.690491, 152.048111, 107.744110, 109.315826
642.041565, 153.410599, 104.004166, 107.881676
646.484924, 155.249847, 98.318954, 106.526100
647.076294, 157.835083, 99.030167, 105.177315
644.867493, 159.594635, 99.750961, 105.341408
645.524414, 159.108490, 106.246063, 108.995125
648.163696, 163.520691, 99.685188, 101.804695
649.564209, 164.802902, 96.697983, 101.552681
650.093872, 162.509567, 97.781380, 101.426392
649.102539, 163.259857, 99.568306, 100.718071
651.480225, 159.478134, 95.848526, 101.513290
651.899841, 156.190613, 97.059196, 103.690880
651.308716, 153.338531, 96.570457, 104.379417
650.500061, 151.251495, 95.548615, 104.360725
651.123596, 145.015350, 95.479683, 103.656425
646.214722, 142.254471, 104.472488, 108.452194
640.220703, 143.103485, 95.982224, 108.082878
639.819031, 145.346268, 95.481575, 104.418968
637.653992, 144.522400, 94.451668, 103.715561
636.353821, 146.748444, 93.724640, 101.910629
633.195862, 147.730728, 94.478386, 102.616821
633.712402, 148.201508, 93.797279, 97.113647
630.327759, 147.977234, 96.133507, 103.105141
629.461182, 147.979584, 95.286697, 102.566513
627.460693, 146.196106, 94.546875, 103.021698
626.421936, 143.001266, 95.829872, 105.625587
624.740051, 143.780197, 96.127579, 102.854691
622.375549, 139.391739, 99.181641, 104.420517
620.810547, 139.269379, 99.648956, 104.083397
621.288757, 142.496567, 95.357765, 104.297836
607.122375, 140.698181, 99.832497, 106.702744
616.817566, 144.321899, 95.218521, 103.666077
613.643860, 145.251465, 97.853333, 102.287582
612.722534, 148.040497, 95.435959, 101.414078
611.178894, 146.571915, 96.973129, 101.269104
608.265991, 147.661606, 98.501923, 101.297989
609.143311, 145.114182, 101.334450, 102.340225
607.393127, 143.843048, 103.244553, 105.601639
609.674072, 143.272186, 98.210388, 105.078659
606.774902, 143.243103, 105.224472, 108.199966
607.712830, 144.191772, 99.504738, 105.818962
604.071411, 146.899292, 102.877350, 105.728546
601.191345, 148.197784, 107.711914, 107.860214
600.581970, 145.644653, 107.961731, 109.484154
602.849976, 148.189331, 99.367508, 104.153564
602.096802, 145.869171, 98.816391, 103.752769
599.627991, 147.143890, 104.199295, 105.414986
599.112854, 147.425476, 103.932968, 105.474960
597.305054, 148.138962, 106.495819, 106.530861
598.962585, 150.717377, 99.960274, 102.811089
599.954712, 152.978790, 95.331497, 96.749519
595.846741, 151.065918, 106.594299, 105.498924
594.697754, 150.724258, 107.689354, 106.219238
595.648132, 150.764648, 108.063995, 108.256111
596.643311, 151.954315, 107.030807, 108.113289
598.585693, 151.771301, 107.700508, 107.986839
597.725464, 146.470535, 107.345909, 109.434669
599.597595, 151.143005, 105.271416, 104.872383
597.989502, 151.507675, 108.053406, 105.087845
598.664490, 154.729401, 106.926659, 104.075150
600.230225, 152.087341, 105.078362, 102.614944
597.930481, 152.940521, 107.756142, 104.054428
599.002991, 148.618744, 106.183876, 106.273109
597.234436, 147.217392, 107.162682, 107.398094
601.608032, 149.960739, 106.386505, 105.288094
600.985962, 148.346512, 107.644875, 106.892509
598.873230, 149.061020, 110.717644, 106.437958
601.848572, 144.537399, 108.108856, 108.426575
602.158447, 146.170959, 105.179108, 107.077202
604.997375, 152.741135, 103.393562, 103.102631
604.809509, 152.072266, 104.669571, 103.259109
600.705200, 150.556793, 109.412270, 104.702576
602.136475, 146.821609, 105.862038, 106.674370
601.522095, 151.292297, 108.685303, 103.884384
601.382385, 151.213272, 109.405022, 104.203369
605.343445, 151.343018, 104.867790, 105.138794
601.513977, 146.650970, 106.856468, 106.597931
601.308350, 147.004028, 107.145988, 106.828804
602.695190, 147.116608, 105.539192, 105.535759
602.330688, 147.614685, 105.284012, 104.919586
600.962463, 146.705597, 106.330620, 105.174751
601.411865, 146.945877, 105.817810, 104.835205
601.676636, 146.667145, 105.483238, 105.417786
600.932800, 145.567612, 106.528206, 105.825890
600.637878, 145.524841, 107.391396, 104.705338
600.531738, 147.486008, 106.085144, 104.354553
601.231323, 153.011292, 109.210022, 103.078812
602.924500, 154.644577, 106.555489, 99.422356
606.367737, 152.221222, 101.478226, 100.252281
605.822205, 145.888580, 107.686394, 106.772865
610.909424, 152.933975, 102.707993, 100.812508
609.680298, 151.574692, 105.599174, 101.898331
611.304932, 151.861053, 104.965454, 101.149948
609.368591, 151.109558, 106.213051, 102.754112
609.808289, 153.145599, 104.586403, 101.147690
609.086060, 152.121887, 106.776512, 101.967682
611.858459, 152.063568, 104.264824, 105.175110
610.706299, 151.849487, 105.854858, 106.322372
612.712097, 152.509857, 103.775826, 104.399536
610.726563, 150.953339, 105.376007, 104.596298
615.617310, 154.185120, 98.867928, 98.115189
614.426758, 153.334503, 99.891029, 98.318687
612.226257, 151.979752, 103.674576, 101.385262
611.921387, 152.952713, 104.097351, 100.966400
613.417908, 155.024567, 104.267403, 98.679626
612.412170, 155.325638, 105.175835, 99.006065
613.823059, 156.570358, 103.556061, 96.866257
610.217468, 149.720352, 107.800873, 102.523613
614.530212, 155.801178, 104.147377, 97.954361
612.489563, 153.539246, 106.264587, 102.808189
613.577576, 157.900955, 104.410805, 97.819138
613.665710, 157.863617, 105.263161, 98.530151
614.862244, 158.033844, 105.018379, 100.368866
615.434082, 149.186981, 106.085587, 102.916023
615.637756, 157.742004, 104.261673, 100.738823
617.164978, 155.408539, 104.887764, 100.962784
617.190491, 155.711960, 104.475830, 99.990990
617.398315, 155.555725, 104.723381, 100.090820
618.590637, 156.178970, 102.767281, 98.825653
618.473938, 155.496094, 103.997040, 99.730629
619.055542, 154.293518, 104.100250, 101.809860
618.865051, 154.750931, 104.770325, 100.805115
620.382690, 156.101730, 102.308968, 98.991219
620.541931, 156.031891, 103.000908, 99.912643
620.846252, 155.761841, 103.357590, 98.768097
621.683044, 155.195221, 102.589539, 99.228355
622.171204, 154.604248, 103.062027, 99.604324
622.359558, 154.446030, 103.654854, 99.759758
622.209351, 154.874634, 103.101654, 99.604088
619.131775, 150.415100, 108.163986, 107.337166
619.714172, 152.264069, 106.586426, 105.622849
618.797058, 151.397263, 108.293335, 107.781158
617.795593, 150.714935, 104.474129, 106.512192
616.399475, 158.539948, 108.630928, 105.268600
616.487671, 157.046097, 107.361656, 104.387352
618.609741, 156.374725, 106.553093, 105.344353
618.380310, 156.443726, 107.275467, 105.913422
622.499817, 153.210815, 105.432014, 108.566208
624.132324, 152.214340, 104.745186, 108.302635
625.274841, 150.331619, 104.706245, 109.153633
627.496826, 153.802612, 101.530144, 106.107269
627.376831, 148.821106, 108.977585, 109.403030
629.580261, 146.764343, 102.560616, 106.564125
630.542786, 148.996857, 102.731682, 105.308006
633.568298, 150.844162, 101.286186, 104.025955
633.881470, 150.532837, 100.825920, 103.165131
635.016357, 151.736801, 101.348434, 102.485252
636.538818, 149.394089, 100.339134, 104.322235
636.111755, 150.611176, 101.248444, 104.418861
637.225708, 151.005066, 99.692055, 104.604530
638.929321, 150.408722, 99.960213, 106.243698
635.510010, 146.072250, 108.594131, 109.954849
640.182861, 152.789215, 99.065956, 103.647202
639.563293, 150.787781, 100.090889, 106.484329
636.204834, 146.621765, 107.369659, 112.070343
639.878723, 153.292404, 100.024536, 103.786232
638.131897, 147.891724, 104.852417, 109.718590
632.423889, 151.808731, 109.142731, 108.361404
638.020447, 152.777771, 100.125854, 104.718887
634.177368, 153.421219, 100.344803, 103.182465
632.499207, 155.243073, 102.682159, 103.613686
629.204712, 156.685577, 106.092827, 104.524750
630.514343, 155.360901, 105.486137, 105.356567
630.735413, 159.781464, 104.875793, 106.103119
628.078369, 159.542862, 105.403725, 105.866295
627.522888, 158.061310, 106.641495, 106.661354
629.268738, 157.360184, 104.586220, 105.780762
628.155212, 156.360596, 106.420151, 107.746094
630.976318, 159.785187, 96.189331, 103.481918
630.813049, 157.331726, 95.565689, 103.376144
628.869751, 160.026337, 100.172791, 102.875435
629.782837, 155.648727, 96.303871, 105.237640
628.899963, 157.627686, 104.265259, 107.612389
628.981689, 157.925354, 103.206627, 106.364571
627.455994, 157.048645, 104.451759, 106.062981
626.706543, 157.418945, 104.429581, 105.069595
627.540100, 157.850937, 103.013260, 104.485504
627.987488, 156.086594, 104.136856, 104.445885
628.284241, 157.433838, 103.466713, 106.889290
628.588745, 156.758820, 104.435127, 107.111900
627.489502, 155.651520, 105.581718, 107.331413
627.707031, 155.331177, 105.109924, 107.202637
627.404602, 154.010803, 105.726952, 106.686172
630.520081, 151.726349, 102.869537, 105.960258
626.262695, 157.798370, 95.139198, 100.607567
628.514099, 157.115601, 91.385582, 99.120003
631.093628, 152.114365, 107.816879, 101.817574
630.248474, 151.066193, 110.214912, 106.554726
621.396606, 151.772583, 111.864296, 109.824272
631.551758, 150.912445, 102.919693, 105.780785
629.390564, 148.207352, 107.432350, 111.176727
633.626404, 145.733307, 106.546097, 111.762650
629.885071, 148.591125, 105.867264, 105.592636
632.275269, 145.350052, 101.946243, 104.645546
630.289917, 146.534454, 103.298233, 102.548439
628.641113, 147.756638, 107.765907, 105.324707
627.531982, 147.997986, 104.572166, 102.277908
626.274841, 147.382141, 108.443481, 105.668388
625.854065, 146.842575, 108.774261, 106.890923
625.383850, 146.861694, 108.208847, 106.384865
623.905518, 147.268448, 108.752655, 106.726830
625.607239, 149.277542, 105.652290, 101.927078
624.427246, 147.820953, 106.205864, 105.252480
622.548401, 147.517960, 108.629539, 106.124550
623.041077, 147.976486, 108.012138, 105.297668
622.170471, 146.477646, 108.347961, 105.409782
627.940308, 147.699844, 104.648842, 102.210495
626.533081, 146.382507, 105.788002, 103.383347
627.043884, 146.443665, 105.852394, 102.732506
628.295471, 143.916748, 104.536880, 106.448769
628.217224, 143.791565, 104.762886, 106.553162
622.542786, 144.678345, 109.204849, 106.991608
619.188232, 140.755646, 101.184364, 102.966454
625.057922, 146.423065, 104.354538, 101.691002
623.856506, 144.794342, 104.414780, 104.257645
621.764160, 146.925491, 105.453377, 102.056839
620.234863, 147.141541, 102.546570, 101.358231
621.043396, 148.189133, 101.322159, 99.990479
620.416382, 147.176712, 102.724747, 101.426407
618.694458, 145.570908, 103.833221, 101.641304
623.965149, 142.543427, 102.408333, 105.406624
612.958374, 141.959991, 108.407631, 108.210968
614.109253, 142.143631, 104.343452, 107.522308
613.129211, 141.550323, 106.858109, 108.025337
616.026733, 140.877762, 106.226402, 105.470940
615.120544, 147.538223, 103.365967, 99.421066
614.776367, 147.609985, 103.740288, 99.725601
612.218506, 147.080215, 106.628891, 99.977493
608.236877, 144.186737, 108.152893, 103.265625
608.006775, 144.585693, 107.910194, 103.388687
610.536682, 146.132690, 102.913582, 104.512474
608.079590, 142.917999, 112.443138, 109.411484
616.335693, 140.005280, 101.826401, 104.433784
607.187500, 141.910110, 110.789528, 106.780952
610.082703, 138.322906, 106.429474, 107.706116
614.970459, 138.091888, 104.362289, 105.626724
606.499573, 141.636887, 110.903954, 104.724449
607.359863, 143.182068, 109.682823, 104.723160
609.511658, 141.846893, 106.244171, 107.674339
609.248474, 147.590805, 105.496284, 104.523308
607.247070, 145.520737, 103.587250, 104.664688
608.190491, 144.707886, 102.624069, 103.595375
606.767029, 143.157120, 104.365692, 103.499847
608.973022, 146.642029, 107.203514, 101.451324
609.843628, 147.380051, 104.742409, 101.297607
608.730530, 146.002411, 107.486534, 99.498215
613.059387, 144.337250, 103.392181, 102.228851
608.914307, 146.940216, 106.598770, 101.678207
606.431519, 146.153778, 110.253281, 104.445908
607.888367, 148.009857, 108.942429, 103.317909
607.060974, 145.616852, 107.552193, 103.351120
606.956055, 143.547211, 106.975113, 103.692520
617.712708, 143.526794, 101.486862, 102.224083
615.928711, 142.534393, 103.215698, 103.335701
617.356079, 140.828339, 102.155487, 103.081261
613.571228, 144.682251, 105.064377, 104.400429
613.264648, 143.514465, 106.216011, 107.284019
613.280518, 146.488785, 105.057190, 102.209854
614.457397, 147.546799, 103.981606, 100.918999
613.691833, 142.363373, 108.360123, 107.560783
615.536926, 146.035477, 104.764275, 102.595467
614.664551, 145.277771, 107.244087, 104.828300
615.365173, 148.274994, 101.360214, 101.844307
616.232300, 149.185242, 103.197365, 102.960487
617.924316, 147.640594, 102.426788, 100.821434
616.994263, 147.709900, 104.135277, 101.547859
617.175903, 148.103958, 104.722374, 100.787910
617.555725, 148.003235, 104.591827, 101.115585
617.290039, 146.752777, 105.218491, 103.166710
617.689697, 147.136719, 105.092476, 102.695313
616.318115, 147.226669, 107.093315, 106.366745
618.976135, 149.544601, 103.484360, 99.621925
618.575623, 146.063095, 105.751022, 106.429451
619.198303, 147.593887, 104.565804, 102.617699
618.578125, 147.080078, 105.124359, 103.796684
619.388916, 147.460983, 104.321335, 103.032219
619.718750, 147.248596, 107.035034, 103.329384
619.318420, 148.460602, 104.361031, 100.630486
619.330444, 148.432587, 104.451637, 100.560829
620.346741, 147.373108, 105.519279, 103.317802
619.744446, 150.443817, 103.185455, 103.233040
621.041199, 146.422668, 105.176399, 103.531837
621.273560, 149.062149, 102.869034, 99.285812
620.057434, 149.119385, 104.684441, 99.609619
621.787476, 149.826752, 104.542931, 100.934731
618.882385, 148.938293, 107.559181, 103.109978
621.429321, 151.169067, 104.179321, 102.288162
622.484619, 154.397980, 103.739471, 100.142128
623.940002, 152.570404, 104.348114, 101.429291
623.423706, 152.110138, 105.417397, 102.961960
625.134460, 153.122101, 104.147629, 102.498978
626.162231, 152.527039, 103.705696, 101.485481
627.147217, 150.604553, 103.539612, 102.087990
629.273071, 150.989594, 101.717903, 101.160553
628.027588, 150.575089, 104.904152, 103.431808
627.785522, 152.325684, 106.015457, 102.305229
628.564514, 152.570099, 104.062508, 101.713120
629.386780, 153.801514, 102.122467, 101.023773
631.052917, 154.240173, 102.832870, 105.482010
628.260864, 153.054337, 104.017456, 102.812561
628.855591, 154.581879, 103.836189, 101.886246
627.835022, 152.528351, 105.444618, 102.920944
626.448486, 153.225082, 105.424454, 103.203423
627.183044, 153.214111, 104.944031, 102.868423
628.620361, 156.146347, 102.427048, 102.302322
628.709656, 156.249084, 102.104889, 101.927444
628.114868, 153.147400, 104.103966, 100.566292
627.739197, 152.874329, 104.804596, 101.736015
628.044922, 155.025497, 103.348892, 102.121933
625.939331, 153.881622, 106.478493, 103.644241
625.562683, 153.384064, 104.419815, 102.774033
624.524658, 153.641281, 105.116730, 103.152885
625.446594, 152.334732, 105.344185, 103.475754
624.469055, 152.025085, 106.729698, 103.326187
623.031067, 149.366180, 108.645798, 108.900665
623.756958, 145.868927, 106.491722, 109.456749
620.870300, 148.472687, 109.840775, 110.470558
628.027466, 153.050598, 100.685417, 97.877182
620.180115, 151.146881, 104.867477, 105.831841
621.338257, 147.644440, 105.928696, 108.548485
619.669983, 148.261444, 104.399841, 106.481667
619.410583, 149.072037, 105.693810, 107.484306
619.651367, 145.572510, 104.062065, 109.486687
618.125977, 149.088943, 105.408958, 108.646721
617.842957, 150.060745, 105.381424, 107.961838
617.980469, 148.804688, 104.480110, 109.015411
616.664856, 148.597504, 105.805519, 109.031555
616.202759, 147.478851, 105.462326, 110.344345
615.127869, 143.882584, 106.804932, 110.372955
615.337341, 143.844330, 106.377365, 109.990929
613.677673, 144.410309, 107.505058, 109.743851
615.119446, 147.043961, 101.474762, 105.708862
616.438416, 146.706161, 101.342827, 106.913300
614.271729, 148.379791, 101.259911, 106.420555
613.909607, 147.866364, 102.199654, 107.454910
614.607239, 143.932693, 107.469398, 108.505180
612.527161, 145.906189, 108.339958, 110.062737
615.216919, 148.118958, 102.294228, 107.909210
616.039551, 147.308838, 100.980789, 108.562584
614.539307, 147.003677, 102.153595, 108.025497
615.951782, 148.775589, 100.146141, 107.011703
614.898621, 148.334686, 101.584396, 106.927467
615.103027, 148.143829, 99.121841, 106.313087
614.417603, 148.124802, 101.911774, 107.730423
614.632996, 148.813690, 101.180016, 105.039581
613.559265, 146.722473, 102.097710, 107.045143
617.990356, 151.631302, 101.663910, 100.028481
620.214966, 153.281448, 98.401047, 98.286972
611.923584, 145.435211, 103.464447, 107.884163
613.795410, 145.329407, 101.892624, 108.202850
615.336975, 147.355652, 100.969704, 106.032806
611.438232, 144.201141, 103.729897, 108.819389
615.138794, 148.064926, 100.612267, 106.137161
614.287659, 147.966171, 102.622368, 106.482956
614.004272, 148.028183, 102.699173, 106.085403
614.317566, 148.140610, 102.905708, 106.451218
614.377380, 148.354141, 102.313698, 105.861282
614.157104, 148.416656, 102.352951, 105.623108
615.820435, 147.575104, 100.125351, 105.222359
610.120605, 145.264160, 107.299973, 107.643501
613.788757, 148.290298, 100.288284, 105.028572
613.831238, 148.185394, 101.398148, 106.440567
614.788391, 147.667328, 99.857574, 105.844475
607.152649, 151.712982, 108.596268, 104.005386
609.894775, 147.399460, 106.911598, 109.299934
613.295837, 151.896500, 104.219200, 106.151070
614.111267, 147.906204, 105.958252, 110.945770
614.418579, 154.860718, 108.490356, 106.243225
613.948914, 152.886002, 108.967819, 105.799805
615.760681, 151.447006, 110.326241, 106.207077
620.501404, 150.136963, 104.246231, 103.132248
617.630676, 151.198441, 105.355209, 101.348160
621.334778, 148.344940, 106.098755, 103.757004
622.652527, 149.412445, 105.316589, 102.074516
622.758911, 149.734955, 104.433678, 104.841476
624.160217, 148.188080, 104.755577, 102.157043
625.607361, 149.220673, 102.894554, 100.269974
625.576294, 150.274048, 102.576180, 99.240807
625.599915, 150.756073, 103.151176, 98.997810
621.972900, 149.325317, 108.202103, 102.536354
623.099976, 150.442200, 106.915886, 101.887238
623.480042, 150.365250, 103.727440, 102.189629
624.806641, 149.590271, 104.179008, 102.048370
624.761230, 148.489807, 106.555801, 102.894646
623.881409, 148.788513, 105.575859, 101.944038
623.361877, 146.147797, 104.973770, 103.418526
622.283325, 146.618835, 105.709625, 104.033287
622.198669, 146.728577, 105.150879, 103.337234
623.756775, 149.665833, 105.036461, 102.409470
619.670227, 147.387711, 105.906769, 102.896393
619.726929, 147.980621, 104.184990, 102.067596
619.768372, 147.106110, 103.753143, 102.720383
619.919373, 145.996826, 107.045486, 105.271027
625.049561, 148.564941, 103.245560, 103.111290
619.671631, 145.038742, 107.720604, 104.407433
618.827759, 145.035950, 108.015602, 102.518303
623.111145, 148.429565, 104.570595, 100.200188
621.441345, 148.108643, 107.158081, 102.821457
622.249939, 148.306488, 106.160057, 103.178726
620.084106, 148.829681, 107.182152, 104.595116
618.555542, 147.825470, 109.640099, 106.157784
619.455627, 151.917160, 106.073868, 99.721672
618.277893, 150.037888, 109.487686, 104.074913
619.278809, 150.339233, 106.906242, 105.113762
620.358276, 152.786713, 105.111374, 103.778290
620.028503, 154.258911, 105.399567, 103.162666
622.176147, 153.399872, 104.759804, 104.089699
620.642822, 154.376404, 106.457008, 102.750114
622.440674, 151.327728, 104.213722, 101.681564
623.312683, 150.919861, 105.401398, 104.240471
622.884766, 149.550461, 107.686707, 105.125832
623.012085, 150.793243, 106.612068, 101.656242
623.114136, 149.847839, 107.298523, 105.286568
624.538696, 150.498199, 106.173607, 102.497559
623.793518, 151.055908, 106.283737, 103.278831
625.323242, 151.304718, 103.215698, 105.376488
624.162292, 153.791397, 106.057487, 102.563805
623.114746, 151.932602, 107.251709, 104.543365
623.535095, 151.779404, 106.545029, 104.585068
623.745850, 150.734009, 105.180496, 105.763931
623.178101, 151.362503, 105.791031, 103.880516
624.603271, 151.288544, 104.829300, 102.779495
625.071106, 150.930237, 104.047638, 101.922623
624.477051, 151.375702, 105.311111, 101.686790
625.100952, 151.413330, 104.808823, 102.569542
626.138672, 152.893433, 103.172791, 101.383186
624.681824, 149.867767, 105.495216, 105.961540
625.408875, 150.954910, 106.018547, 104.375916
626.598022, 151.005432, 103.813690, 104.592041
626.519714, 151.089417, 103.960121, 104.341675
625.713257, 151.325439, 104.196899, 103.817062
627.083130, 154.427490, 105.206581, 106.464790
625.896912, 152.663239, 104.516846, 103.425858
625.991943, 153.832275, 104.813484, 102.325264
626.975342, 152.728851, 103.450775, 104.642235
626.330933, 152.487183, 104.074982, 105.980568
625.773193, 152.397919, 102.386215, 105.418564
625.713745, 154.015747, 101.346420, 104.376411
625.171692, 153.881683, 101.163635, 106.569839
625.090393, 154.651276, 103.284561, 105.376915
625.315613, 158.790176, 101.793198, 99.565292
625.520020, 161.293381, 100.618317, 97.660637
623.643433, 155.939651, 104.534424, 104.410164
622.373352, 161.870468, 103.125725, 103.918938
621.964539, 169.122498, 101.251343, 99.098251
620.551270, 167.739319, 101.932945, 100.799759
617.416931, 168.273529, 105.765572, 101.819481
614.898926, 167.745575, 107.543365, 102.284058
613.018982, 169.755661, 114.044830, 102.464500
613.581848, 168.212631, 113.957504, 111.511589
615.260681, 176.163574, 104.433365, 97.574776
615.621033, 177.362259, 104.347923, 100.832977
614.042297, 177.424988, 108.226105, 101.879700
612.786316, 178.525436, 108.177086, 101.524513
611.627686, 178.335175, 110.191406, 102.778999
613.422180, 181.448624, 106.192131, 99.518059
612.617249, 178.996536, 109.298225, 103.023689
611.795837, 178.483215, 115.982216, 103.512505
611.057312, 180.414948, 111.024101, 102.729607
610.659180, 182.326233, 111.089439, 100.719040
611.715698, 183.085159, 109.785332, 99.197174
611.621948, 183.266891, 110.397377, 99.200996
612.006897, 184.462402, 109.428650, 98.610565
610.297424, 182.082413, 113.566795, 101.023445
612.932922, 182.947266, 110.778252, 99.394829
612.679321, 188.218155, 106.710358, 94.134323
610.052246, 183.780945, 114.669853, 102.730286
611.109436, 186.352051, 111.572578, 99.217163
612.005371, 186.517471, 110.798729, 99.726471
612.535034, 187.531509, 110.856567, 99.792091
616.732300, 189.698746, 106.458839, 96.770020
613.283691, 187.977051, 109.342834, 97.956192
614.065063, 188.870071, 108.092537, 98.574974
614.412842, 189.166260, 107.662453, 98.038971
618.158081, 191.138168, 102.915977, 94.554108
617.428345, 190.014282, 104.440422, 95.458565
618.957947, 191.034607, 101.511871, 94.214439
615.579285, 189.298386, 107.513695, 96.819115
617.562988, 190.829834, 104.007629, 95.338364
615.819641, 189.816650, 107.126518, 96.399582
615.986389, 189.702118, 107.125191, 96.620422
617.147461, 190.654114, 104.721237, 96.747574
617.712524, 191.169052, 103.785721, 95.810905
618.561829, 191.836929, 102.222458, 95.883484
618.724792, 191.663696, 101.762199, 95.296333
619.074097, 193.767395, 101.033524, 96.689644
618.781006, 193.883499, 100.654984, 96.121284
619.094666, 192.642487, 100.917213, 98.414314
619.578979, 193.026794, 100.060387, 96.822792
619.577759, 194.002945, 98.643562, 95.243881
621.141479, 192.836823, 97.608360, 96.323334
620.736389, 192.632996, 97.881874, 96.343346
620.948792, 191.406265, 98.443077, 97.575142
619.425964, 189.486420, 101.783997, 100.850037
619.313416, 189.327499, 102.816109, 101.948662
622.682190, 191.307037, 98.528641, 100.579895
622.832153, 191.226212, 97.770607, 100.198898
622.819214, 192.052612, 98.656166, 99.831406
620.736694, 190.609940, 101.585403, 102.750923
622.524414, 191.296997, 99.555832, 100.928543
623.521362, 191.911697, 98.057350, 100.797134
623.544495, 191.506683, 98.029121, 100.807152
623.155029, 190.653885, 98.456177, 101.385681
622.961670, 190.389969, 99.060791, 102.246002
623.510498, 190.402054, 98.052368, 101.934334
623.253723, 191.330795, 97.904366, 100.290199
623.020752, 191.254028, 98.454475, 100.520103
621.003784, 188.366119, 101.088783, 103.323792
620.380493, 188.223343, 100.570618, 102.585770
620.558594, 188.634857, 102.229263, 102.948112
620.385193, 188.145386, 100.342407, 102.523010
617.572876, 185.285065, 105.311111, 104.848564
617.864624, 185.949066, 103.170143, 104.823875
611.507202, 182.950195, 113.141190, 107.229355
609.726501, 182.395508, 114.957481, 106.664299
613.961304, 177.586914, 108.901100, 102.541641
613.827271, 179.079926, 110.952339, 108.206139
614.179504, 172.102631, 111.468681, 107.007523
612.076538, 171.290253, 113.363289, 109.575363
610.780457, 170.867737, 112.501671, 108.944954
610.843567, 177.066849, 106.923889, 103.888298
609.045166, 176.189667, 110.974831, 104.854713
608.321899, 176.864243, 111.034309, 105.736565
609.380310, 168.950287, 109.174797, 105.073631
609.369995, 169.081039, 107.749649, 103.420509
607.423645, 171.413559, 111.725937, 102.779327
606.811340, 169.253357, 111.910667, 108.610802
606.754028, 167.369141, 112.529709, 104.940292
609.284424, 168.076248, 110.546135, 103.108536
611.826477, 165.788193, 107.908867, 104.141998
613.176636, 165.412521, 108.171295, 103.782150
614.180847, 153.106369, 106.643761, 104.952873
618.708984, 158.197250, 104.348557, 104.470299
617.150269, 151.574524, 109.394310, 105.090424
622.783020, 155.424011, 103.114006, 100.583015
623.417053, 152.869919, 103.627449, 100.931793
620.442261, 149.524582, 107.482758, 104.983284
618.622009, 148.392365, 107.113350, 106.556923
618.336548, 149.048386, 107.394547, 104.261345
616.229980, 150.325943, 108.651840, 107.422386
616.604065, 146.270004, 108.600807, 107.223495
616.459717, 145.518646, 109.042480, 108.328194
616.453491, 144.187622, 107.987625, 108.831520
614.083984, 147.174042, 109.352730, 107.883026
611.208984, 145.072647, 108.438126, 110.779610
609.853271, 145.290771, 108.491241, 109.150223
612.214233, 146.527298, 104.558434, 104.115433
610.159790, 145.676865, 106.403328, 104.940140
607.771973, 150.066589, 110.089844, 105.577072
608.205566, 149.867569, 109.833282, 107.081146
608.312683, 147.436935, 109.488441, 107.054634
610.220154, 147.567322, 107.010460, 106.012527
609.511597, 150.693146, 108.086296, 104.429382
610.798645, 149.518692, 106.608032, 104.945114
611.580017, 150.245758, 105.565651, 102.721237
610.682129, 151.762482, 103.826172, 100.981361
610.980347, 151.216385, 106.076324, 103.281319
610.484314, 150.511154, 106.932831, 104.181503
609.552979, 145.999725, 109.514908, 107.127419
609.463989, 149.610382, 109.265526, 105.265640
610.033936, 150.492386, 108.162346, 105.166389
608.478943, 151.061401, 109.832962, 104.524963
608.857605, 152.223419, 109.340881, 104.001221
607.865540, 150.958847, 111.746033, 104.861748
612.619202, 153.277557, 105.320686, 102.785301
610.460266, 150.484741, 105.315582, 102.927307
611.656006, 152.916321, 106.194458, 103.122879
610.404663, 149.322693, 105.647247, 103.827858
608.197144, 153.624939, 108.987854, 102.577988
610.786926, 148.258209, 105.967003, 104.670006
608.748901, 153.072815, 108.693176, 102.740585
610.472778, 147.933350, 106.206055, 105.108589
609.678772, 149.183411, 106.312721, 104.721680
610.182800, 148.914154, 105.963287, 104.198875
613.428711, 154.531021, 101.375587, 99.418495
611.100586, 149.824722, 107.619225, 104.901901
613.131958, 150.536606, 104.325996, 102.554237
613.258545, 150.092255, 103.741295, 101.992874
614.068604, 143.854752, 105.609253, 108.561737
614.155579, 142.684479, 106.264709, 108.346672
614.675354, 149.672409, 103.214943, 101.313850
614.495483, 150.083786, 103.483917, 100.298752
614.198792, 150.523712, 104.160103, 100.209114
612.794434, 147.352203, 108.976830, 103.726776
616.136658, 142.510880, 106.095222, 107.643364
614.520081, 142.164642, 107.994682, 108.298164
614.283936, 144.125412, 106.887787, 107.404808
613.983887, 144.589127, 105.757004, 105.533554
613.631042, 151.678680, 105.301086, 101.077621
609.683533, 150.260437, 109.854828, 104.337975
609.304932, 150.760727, 108.335358, 102.361145
610.136536, 152.337280, 107.378670, 100.921539
610.706116, 152.355026, 106.704117, 100.990562
611.426270, 152.273453, 104.436951, 103.065674
606.173096, 152.616653, 108.066765, 100.080788
606.476196, 148.781998, 106.772354, 101.185242
605.614014, 149.765610, 104.999222, 101.579781
604.398193, 152.439285, 107.731628, 101.082214
603.986450, 150.071304, 106.007835, 102.720596
