509.112732, 283.644257, 205.820358, 181.757492
508.684204, 283.683380, 206.770874, 182.013535
506.913452, 282.884277, 207.941376, 183.553558
502.226654, 283.926880, 221.284256, 188.539963
503.188507, 283.093842, 218.094955, 186.346878
504.557678, 282.000153, 209.484070, 185.360550
502.820892, 281.769287, 209.521301, 185.572495
500.377045, 280.980225, 216.203308, 187.857590
499.395599, 280.345062, 216.608124, 187.690170
499.051544, 280.820343, 216.349350, 187.447922
498.634247, 280.025360, 215.880875, 185.497559
498.705017, 282.533020, 208.123184, 183.839020
488.752747, 278.142090, 217.992722, 191.086807
490.017365, 280.371094, 218.536469, 187.627655
486.856781, 283.105652, 219.936264, 188.644608
487.010559, 287.718811, 220.701859, 188.266968
486.298859, 289.997040, 220.386536, 189.506699
486.573761, 290.908264, 219.560211, 189.962326
483.665192, 284.880432, 219.458893, 187.215485
482.707275, 282.541260, 220.378784, 188.557449
479.774658, 279.512848, 223.108673, 192.250076
478.242310, 278.908752, 220.354599, 188.953125
482.046600, 278.819366, 221.355301, 190.122513
481.696594, 278.148010, 221.280731, 188.831528
481.244690, 277.157501, 222.269684, 190.314163
481.501190, 277.066711, 220.315903, 189.076859
480.569580, 275.933502, 220.301376, 190.038620
480.866730, 275.530151, 217.420242, 186.933151
480.928833, 275.051208, 219.439606, 189.718109
479.505188, 268.964081, 219.684143, 189.398712
480.587433, 274.139099, 216.676239, 187.131042
480.666260, 270.626831, 220.032974, 187.836212
485.165131, 273.861755, 213.531570, 184.883102
480.361908, 269.242706, 215.455200, 187.466934
481.190643, 274.163300, 212.469940, 184.102600
479.547302, 269.783356, 219.380768, 187.032196
476.334503, 268.492920, 215.804199, 185.294266
474.085846, 265.932739, 216.855713, 188.676132
474.748505, 266.834564, 215.307800, 185.160400
477.890656, 272.987793, 212.815720, 186.378342
477.416260, 273.000641, 212.426666, 186.786880
477.952972, 273.052551, 213.477356, 185.236359
477.708527, 273.256165, 212.892090, 186.546371
478.262115, 274.599487, 212.815598, 184.759277
475.775879, 266.866852, 220.488419, 189.231354
476.606598, 272.938507, 224.221146, 192.177231
475.411987, 270.909210, 223.291428, 192.058105
477.311523, 269.766479, 221.866119, 190.498825
477.378052, 268.927155, 222.512192, 192.572601
476.295105, 270.565582, 223.062241, 192.445251
476.282043, 271.744690, 222.885498, 192.074417
476.828552, 271.775055, 222.033401, 191.122925
477.019501, 271.934357, 222.198410, 190.701996
476.999329, 271.533844, 224.847244, 193.304382
476.660309, 271.145996, 225.558807, 193.251190
476.835907, 272.812164, 221.339920, 190.766800
475.942688, 271.876617, 222.344467, 192.026230
475.536469, 271.800812, 222.613907, 192.218979
473.868073, 271.776672, 224.857834, 192.852524
471.607117, 270.220886, 221.411118, 192.022385
473.435852, 271.292664, 224.206970, 193.131638
470.337158, 270.394409, 222.849655, 191.969574
470.070740, 270.121826, 223.460968, 191.730820
469.407379, 270.002899, 223.661240, 191.691467
473.684479, 271.394775, 223.406281, 192.223358
474.924408, 273.442596, 224.539963, 191.795944
472.773590, 272.174103, 225.385132, 193.036926
472.784912, 272.685211, 224.113968, 191.868896
472.925354, 272.442749, 222.989502, 192.367538
472.493073, 273.060883, 223.719269, 193.253525
470.229034, 273.704865, 225.133865, 193.345352
470.323944, 274.597748, 226.904312, 193.769791
476.823547, 280.535645, 223.567017, 190.429077
468.935303, 279.334808, 227.569794, 193.250107
469.707153, 277.675476, 226.544617, 193.154663
469.939209, 278.308258, 226.697525, 193.544693
470.345154, 279.074615, 226.285721, 193.047226
475.210266, 281.970856, 224.892334, 191.938141
474.272888, 282.919189, 226.450134, 193.206985
474.568359, 279.964294, 227.435333, 194.447556
475.518555, 278.978729, 228.773285, 196.496277
475.516479, 279.863281, 229.433868, 196.889709
476.836334, 279.207367, 229.697296, 196.320999
474.035065, 277.602051, 225.375336, 194.875961
477.517151, 274.412384, 228.055420, 199.489853
478.792664, 274.028076, 227.926819, 198.352219
481.992554, 273.789948, 226.981430, 196.563858
473.972961, 279.099365, 228.153458, 194.812775
473.302307, 278.162476, 226.937744, 194.537628
472.100098, 277.418335, 228.504684, 195.718826
472.124908, 277.538574, 228.486069, 196.175385
474.218994, 278.289124, 224.880203, 194.521591
472.335632, 275.930328, 223.990234, 196.192642
473.834473, 271.196259, 228.874527, 199.843033
472.976837, 276.005920, 218.675430, 194.467484
471.038086, 274.813354, 226.800613, 197.987747
471.833679, 276.060730, 218.964386, 194.962936
465.968994, 276.015961, 234.302429, 203.029510
465.751160, 276.697449, 234.760605, 203.674469
464.861389, 275.759216, 232.278427, 202.388000
466.216187, 277.286407, 231.030548, 201.602173
465.113831, 277.044769, 232.657486, 203.034683
465.346985, 276.632507, 230.988052, 201.253860
465.415161, 276.998291, 231.230698, 201.277588
467.143738, 276.319855, 225.565430, 198.527100
467.320496, 276.460724, 229.232727, 200.743591
464.626678, 271.445526, 232.059357, 200.567322
485.526031, 269.784271, 237.517868, 200.550339
521.036621, 271.734314, 245.382507, 216.722198
550.065002, 323.278015, 230.656174, 203.994141
553.476013, 349.401367, 233.035233, 209.065582
561.236450, 355.083435, 227.344360, 205.032288
566.722656, 332.227234, 229.316208, 207.436401
564.120850, 324.067657, 235.760834, 212.578018
571.567749, 326.693512, 233.725159, 212.029404
584.923767, 338.201843, 224.848221, 202.474274
585.688538, 327.687561, 232.561676, 210.794556
588.623962, 331.391968, 227.178329, 206.648788
598.465027, 333.754456, 225.362488, 200.488098
599.682434, 331.026367, 226.370529, 208.338165
600.449402, 335.802216, 216.041855, 193.559677
597.139343, 334.034088, 213.845947, 191.539948
596.371948, 329.877228, 213.621521, 190.866364
585.452332, 319.052307, 215.251373, 194.572815
591.923340, 320.390808, 228.607513, 199.835907
595.770691, 313.601746, 225.429520, 201.133057
585.497437, 307.460327, 227.910400, 197.616943
584.906982, 298.778931, 224.684402, 195.894455
576.912842, 291.349426, 224.719116, 194.010330
565.875305, 287.687469, 231.983276, 197.028564
549.315063, 277.733032, 229.173630, 196.925598
543.273376, 259.429932, 230.108582, 195.968277
542.046875, 255.632355, 234.607117, 201.627640
539.428467, 263.368866, 228.426056, 196.841156
525.995667, 249.821793, 236.732468, 200.023651
512.208923, 254.562134, 229.204941, 201.718094
502.752594, 251.530670, 233.808762, 203.795258
505.541321, 253.064819, 229.275818, 207.878540
502.240051, 255.634247, 234.843185, 212.469482
500.970673, 256.586609, 234.090622, 213.594971
500.519897, 256.080048, 234.592758, 214.383224
501.968353, 255.303040, 234.001572, 215.286438
503.897156, 256.332520, 232.716888, 211.742188
495.367676, 256.696259, 240.876968, 213.636505
503.255524, 255.759064, 233.427673, 213.284729
500.710266, 254.456421, 234.182709, 212.084518
498.652649, 257.743134, 231.170517, 205.791061
495.012451, 257.138947, 236.467148, 203.213486
495.572968, 253.932007, 232.430878, 199.250839
495.357758, 248.804565, 233.581131, 196.157944
498.153656, 253.983765, 221.097626, 189.755463
495.445770, 249.615234, 223.931412, 189.702408
488.611633, 248.629623, 237.441666, 195.488373
494.802032, 251.210403, 230.106125, 189.652649
491.486786, 250.515945, 227.729416, 189.092667
492.024963, 250.253662, 224.273132, 186.461594
491.030945, 249.903076, 223.964767, 184.954849
489.551514, 247.097794, 230.371094, 183.957382
487.014893, 245.013702, 231.304794, 187.055710
484.739166, 243.785812, 234.074692, 187.150742
483.707764, 240.860947, 231.437515, 186.139923
472.411346, 246.414474, 230.971512, 187.544495
481.755066, 242.375000, 233.258652, 197.255447
459.417786, 237.807587, 251.488480, 221.807800
470.294495, 260.310303, 226.275360, 196.354233
452.556976, 244.236328, 254.039429, 233.498688
473.088623, 273.131958, 223.092361, 196.878967
473.546631, 281.514801, 223.330521, 197.430939
471.321075, 290.076599, 232.355453, 201.448669
473.274475, 302.115662, 237.400589, 200.390640
482.689728, 310.626709, 230.665878, 198.085678
476.228333, 324.126160, 239.493851, 199.959244
478.986267, 330.968689, 239.102295, 198.404434
481.533691, 332.736938, 236.316498, 195.827774
480.258698, 330.979340, 235.751709, 195.749435
485.613464, 319.026031, 235.681671, 206.267578
487.151031, 307.265961, 237.893295, 205.668884
489.592316, 300.136597, 225.230667, 199.154099
485.651764, 288.962067, 227.139328, 194.556671
486.284088, 277.663483, 221.375168, 194.001434
472.712372, 258.473877, 238.259140, 211.397827
470.939240, 248.370941, 233.924820, 210.486176
483.116028, 257.259491, 216.675064, 192.138977
479.528107, 255.359436, 216.171234, 190.211716
477.601837, 250.721344, 225.311035, 201.789841
482.059021, 254.831268, 212.702560, 184.116302
478.084473, 249.320465, 220.402634, 198.722839
483.781799, 256.444519, 211.651749, 178.846069
485.103882, 254.238495, 209.376389, 186.874420
483.915344, 256.017212, 212.158478, 187.508438
478.378754, 261.086609, 214.366409, 184.604950
476.347168, 258.339966, 217.940277, 189.667557
475.598083, 270.209229, 219.612534, 189.831985
474.942657, 272.273529, 223.333984, 191.133499
468.755066, 269.401886, 212.727448, 193.223709
482.747986, 274.511414, 211.647171, 182.398483
481.546875, 277.846497, 211.317184, 184.140747
475.246216, 277.271301, 210.829880, 183.425156
457.128510, 269.309448, 217.879761, 193.802460
473.297668, 274.842407, 213.854767, 186.199219
464.625275, 267.937439, 224.828873, 194.792252
472.315338, 271.318604, 208.315643, 179.619461
460.081818, 265.337280, 227.707809, 193.018982
458.918518, 264.819275, 226.988403, 192.467789
457.469147, 264.816803, 223.377747, 189.279556
458.508698, 262.394989, 223.581131, 192.051346
461.800415, 260.843628, 220.070679, 192.223434
462.900635, 259.487183, 216.070770, 188.959488
461.026215, 262.403687, 218.564285, 189.433365
459.351196, 262.132446, 217.856537, 187.499619
455.326324, 260.582581, 220.162140, 191.025131
456.225189, 260.299622, 218.955780, 188.735245
441.165375, 260.395203, 216.585846, 190.362457
455.891479, 270.147888, 213.434204, 179.984741
452.731201, 258.342438, 219.781448, 191.470200
440.170807, 259.688354, 215.738419, 189.391800
449.246521, 258.895782, 225.424820, 193.041748
449.013763, 258.538269, 225.780884, 192.276672
447.684143, 259.335022, 225.558090, 193.024551
446.913391, 261.715790, 218.325180, 189.837875
446.286255, 263.127167, 218.957825, 190.146149
445.239838, 263.497955, 219.386627, 191.524948
435.339081, 265.769775, 211.052292, 188.370697
435.221497, 266.100708, 211.639297, 189.564316
441.935730, 263.506897, 225.328964, 196.885696
437.496490, 265.743652, 214.309494, 190.185471
437.089844, 265.341431, 214.254929, 190.572693
437.203278, 268.530579, 206.479782, 186.384460
442.625061, 264.938110, 217.819397, 190.602463
438.537292, 266.586426, 207.870972, 183.421585
438.374725, 265.764252, 219.032089, 188.709824
436.124451, 256.657990, 222.434982, 198.427795
430.955292, 263.747223, 229.660217, 199.082260
428.154480, 262.161011, 231.216232, 202.574829
429.160919, 256.462646, 227.630936, 205.208572
428.912842, 256.488068, 226.943787, 205.581985
430.383484, 261.056488, 216.863235, 197.749084
429.384094, 259.572906, 217.476044, 196.370514
431.612030, 258.403717, 221.731628, 193.013016
431.320251, 258.087463, 221.345627, 194.030945
431.618774, 258.343414, 220.710419, 192.687683
432.223022, 266.790558, 210.542267, 182.399048
433.026642, 265.253418, 211.432190, 181.509949
427.115387, 254.345917, 222.693527, 196.174576
426.030975, 251.284378, 224.324066, 197.414825
425.933716, 250.371918, 224.376968, 196.268051
433.047333, 260.870117, 213.886490, 178.900375
433.529205, 259.261200, 214.662003, 176.887909
435.212036, 258.858215, 212.707260, 177.346283
427.180389, 247.469162, 225.241379, 194.618393
430.657471, 247.861221, 226.619492, 195.551315
433.752045, 247.964447, 225.118622, 195.096191
430.658936, 247.106110, 226.747940, 198.752853
436.283966, 248.286804, 225.150055, 195.655777
435.309601, 247.087173, 227.566391, 196.628036
435.428009, 246.857819, 228.282272, 197.381287
439.403137, 245.673950, 231.918411, 196.717346
434.843506, 245.319443, 237.784988, 200.150818
432.318726, 244.032227, 240.646271, 200.734222
438.132202, 247.580704, 232.391998, 195.395172
439.253448, 247.186661, 230.216537, 195.650909
437.879211, 247.316055, 230.584244, 194.040253
440.396790, 248.606873, 225.210892, 193.629196
442.882050, 248.153687, 221.582932, 190.729156
439.985962, 246.300262, 226.500977, 190.538086
439.691620, 247.225937, 228.442245, 189.483505
441.214691, 246.039978, 229.936630, 190.965500
440.847748, 247.150269, 230.347626, 193.874207
440.474701, 246.010345, 231.113541, 194.037033
444.204132, 244.689270, 225.768692, 192.712799
444.747589, 244.340027, 226.275864, 195.805893
445.563293, 244.579071, 224.555557, 195.617950
444.669067, 242.106064, 230.207947, 196.013458
449.184662, 241.295578, 224.863525, 190.370041
444.483032, 236.927246, 233.841125, 196.341476
451.744843, 238.272644, 221.182999, 192.842819
448.443024, 233.493393, 229.122711, 197.536057
446.822479, 232.037704, 235.362000, 202.424576
459.404877, 247.263947, 212.725159, 180.890076
460.492889, 247.738480, 213.132965, 179.659576
461.214233, 246.784851, 213.990891, 181.382507
461.387756, 248.103500, 214.169922, 179.637360
460.384583, 247.511765, 215.653946, 180.009537
461.882813, 247.705978, 216.369522, 180.710403
455.121490, 238.725861, 237.298676, 199.971848
463.847870, 247.959564, 216.689819, 183.398453
454.544769, 236.912048, 235.459702, 199.919601
456.337708, 237.355774, 233.498306, 199.351044
457.433990, 238.014633, 233.160431, 199.342148
457.780518, 236.177521, 232.477371, 197.728958
462.362396, 236.681061, 229.669647, 195.161530
461.951019, 239.534546, 230.241425, 194.288284
464.239807, 241.647385, 228.458221, 192.585526
469.529663, 241.646774, 230.187744, 189.620361
468.132080, 239.003632, 233.166855, 190.231857
474.532104, 237.859894, 229.840240, 192.684052
469.195221, 235.977173, 234.136276, 196.769730
472.251404, 238.865601, 227.062744, 191.345490
473.410675, 239.208572, 227.169418, 198.172653
477.166229, 237.605362, 225.592896, 193.820374
474.892853, 233.933014, 228.356491, 190.885391
475.013275, 231.008469, 229.819626, 191.935410
466.220764, 229.699799, 237.922775, 199.511108
474.051453, 233.414917, 223.797394, 188.175064
471.819763, 224.691315, 234.323059, 198.169434
475.330109, 230.648132, 225.124847, 195.888153
472.552399, 223.859528, 231.865356, 194.805664
471.623749, 221.023300, 224.734055, 190.894440
478.363007, 214.819916, 219.409241, 186.458221
491.019775, 217.989395, 217.551331, 182.427612
509.275909, 210.553101, 207.120941, 177.243103
522.696167, 211.101105, 191.883484, 174.313889
532.781860, 200.456253, 185.576843, 179.713867
538.113220, 188.333344, 188.943481, 185.849106
538.254761, 196.533401, 187.367050, 182.351471
540.185730, 199.788605, 180.498001, 179.761261
535.116211, 200.577591, 180.572174, 178.262497
527.492310, 206.119553, 187.258621, 184.392288
536.080688, 217.390442, 182.500107, 177.616791
527.114136, 223.147400, 190.505096, 181.644302
533.324402, 229.282837, 184.442978, 177.649063
544.534851, 237.351852, 178.415634, 168.851898
545.991333, 239.439178, 177.607391, 168.460449
543.723145, 238.880676, 180.313141, 175.989716
541.137390, 237.714417, 198.014023, 185.873535
555.256836, 258.644409, 180.437653, 175.300766
555.778931, 262.147095, 180.833893, 168.990021
559.284607, 263.832520, 183.404694, 164.261475
560.880920, 271.117798, 182.066879, 162.153717
558.440918, 272.962585, 185.198608, 161.708267
556.139099, 276.757202, 191.074921, 160.586014
550.632751, 279.764984, 194.831635, 166.404755
549.680664, 289.180634, 191.939316, 161.442261
542.589600, 296.437042, 205.178513, 167.116821
541.407288, 302.506470, 206.557465, 174.080292
537.852356, 304.384277, 212.207840, 179.320313
539.943542, 309.774994, 209.379166, 181.043594
540.425964, 313.590790, 215.139984, 186.162186
544.020813, 323.177429, 211.404373, 191.188065
538.470520, 324.169434, 215.362320, 193.341461
538.313721, 324.138794, 218.273804, 189.323517
525.011108, 334.227631, 221.936935, 190.103119
530.060242, 333.132507, 216.711044, 190.463577
520.111206, 330.797241, 224.032410, 194.887741
514.322693, 329.138916, 227.723587, 193.951630
514.512512, 327.672913, 230.400558, 191.950241
511.029083, 320.645660, 228.951523, 192.270096
514.059937, 322.666687, 223.777679, 192.003143
510.730499, 319.578857, 228.885498, 195.131424
509.683624, 317.744171, 228.122604, 195.708817
507.889587, 315.789215, 227.817627, 196.099197
507.903473, 316.250397, 226.862289, 194.482605
502.605408, 320.335815, 225.740967, 187.100266
502.489746, 316.783783, 227.422043, 188.969803
510.563934, 318.216522, 218.368179, 185.521912
506.760468, 314.649689, 226.230896, 191.499069
509.653687, 311.921509, 224.926788, 194.247711
516.098083, 309.479462, 227.130768, 194.030991
513.983582, 313.162598, 226.009872, 194.801498
514.414795, 312.056213, 227.144440, 197.837234
513.211670, 313.238953, 227.810471, 198.455826
511.079620, 310.073120, 234.370972, 198.377518
510.023376, 305.571625, 235.043854, 197.178131
516.943909, 313.333527, 219.084686, 191.934723
510.541382, 301.990692, 231.101685, 197.425934
511.196228, 301.051117, 223.321075, 200.754166
510.747955, 300.409393, 224.737137, 200.572266
510.443085, 299.722229, 226.551483, 200.675568
512.522827, 302.194153, 222.603546, 198.063873
512.396973, 303.432800, 221.553665, 196.011200
513.987061, 303.407471, 220.580276, 194.453903
513.179138, 304.003082, 218.887100, 192.955017
513.099854, 302.396851, 220.957748, 194.381073
507.551453, 296.295410, 234.598328, 196.018967
507.258514, 294.846741, 236.758926, 196.920914
509.818939, 295.712006, 234.493423, 195.910980
510.220215, 297.072266, 234.098038, 195.442245
509.424500, 298.454987, 234.518921, 196.125366
508.472137, 297.748230, 236.032990, 196.410950
508.306335, 297.984192, 236.574783, 196.960983
510.061646, 298.523468, 233.829300, 197.294296
509.619324, 299.126343, 233.115814, 196.772812
509.279297, 300.110138, 231.310928, 194.924911
509.019348, 300.691193, 231.282104, 196.315689
509.110535, 301.053772, 230.503952, 196.692062
508.664459, 302.079224, 225.683624, 192.042786
507.084534, 302.185303, 226.373703, 190.063278
507.095001, 301.364899, 225.466751, 190.989120
515.090515, 308.745056, 220.907532, 192.155502
511.057922, 305.596313, 225.665421, 191.260910
513.398987, 312.346863, 214.409348, 186.882629
511.620056, 302.438782, 226.369522, 194.334793
505.428955, 303.935394, 228.975845, 198.469284
504.061737, 303.793762, 229.101257, 197.364944
504.889587, 304.902496, 227.369995, 194.019363
488.466583, 309.635284, 236.239273, 192.368103
496.943390, 308.166504, 224.988785, 184.904388
497.180237, 311.443420, 222.358795, 184.947662
488.812653, 311.495789, 226.947952, 181.119598
487.290802, 312.509338, 225.102478, 180.740692
487.208099, 312.425293, 224.254547, 178.509567
487.942291, 310.758911, 222.544189, 179.983353
493.680939, 312.024994, 219.594925, 174.939178
493.659332, 312.486359, 221.783356, 180.277023
479.465729, 312.653168, 231.777176, 187.809341
482.112152, 314.711060, 229.408386, 187.769821
492.021576, 314.926025, 222.399658, 188.309372
483.224030, 313.863373, 228.587692, 190.073685
483.144318, 314.217529, 229.388229, 189.381531
489.510651, 312.181305, 227.004745, 194.781509
486.584442, 309.489746, 230.998520, 198.306503
489.793579, 314.242493, 224.217972, 190.888382
489.269562, 311.383850, 226.724899, 196.520142
489.588562, 311.368835, 225.839447, 196.697632
482.282501, 314.550201, 232.037659, 189.611725
491.889221, 314.054321, 224.335480, 192.645981
485.331207, 315.478790, 228.335724, 186.523880
485.564117, 315.968201, 227.590576, 186.363480
487.148132, 318.205994, 225.676285, 185.976974
487.740662, 318.582642, 224.293137, 186.878159
488.527191, 318.937988, 222.934372, 186.974075
490.047882, 319.295807, 221.869308, 186.864059
490.432007, 319.091522, 222.951599, 186.913971
489.840637, 317.595612, 224.074570, 186.627396
491.140381, 317.981964, 221.665512, 186.043793
492.757202, 316.701813, 221.548630, 186.585876
488.153625, 312.092529, 231.967178, 194.312363
501.479431, 312.327240, 219.091660, 191.143158
501.143585, 317.186066, 223.027237, 186.728607
503.815613, 317.713776, 224.361618, 187.905075
505.244202, 318.060303, 221.964310, 188.239166
505.647736, 316.795471, 223.674820, 189.602783
505.545959, 316.909943, 224.627045, 189.522522
507.847565, 318.056488, 222.173721, 189.665344
506.254425, 318.099640, 218.549927, 185.631104
504.196503, 317.337799, 220.191025, 185.377548
502.889740, 318.102570, 224.224197, 185.703629
500.471863, 318.225952, 225.043793, 184.888931
498.485840, 317.903839, 227.291580, 184.507843
498.082275, 316.969971, 226.879089, 183.728394
496.426605, 317.075806, 227.053391, 182.914581
495.489044, 316.707520, 228.398514, 183.019974
499.442474, 310.871155, 227.245026, 191.549438
500.236481, 311.198456, 225.191544, 190.871887
499.664185, 312.356873, 224.761185, 188.993118
499.766815, 309.621552, 214.394226, 183.280121
499.091187, 309.733856, 214.742035, 183.089584
497.966858, 309.382233, 214.889236, 182.838852
497.228485, 308.344116, 214.615005, 183.141495
495.475159, 312.998993, 221.773376, 185.939880
495.135010, 312.841980, 222.468994, 185.619629
495.294098, 312.234344, 223.438416, 187.155243
496.209045, 306.689941, 217.519073, 187.407822
494.599823, 312.196716, 224.567017, 188.549042
493.644348, 313.205475, 223.721130, 189.236313
493.699799, 313.364227, 224.203690, 190.334076
492.898438, 313.398743, 224.574936, 191.133789
492.318878, 314.102631, 224.824371, 191.514572
491.590332, 311.982727, 226.565338, 194.411774
493.025391, 307.318604, 220.300873, 191.297745
491.765472, 308.351807, 220.986954, 190.699997
491.021698, 316.698853, 220.902649, 185.062180
489.678253, 316.330841, 221.225281, 185.337540
490.748383, 306.502655, 220.546478, 193.168228
489.430756, 307.328125, 220.823578, 192.409592
490.021729, 310.621490, 222.149246, 192.167328
489.030945, 310.406799, 222.809265, 191.618546
485.322876, 311.930817, 224.369934, 185.308212
482.917786, 311.646210, 224.478500, 182.386124
478.391144, 310.957825, 229.195175, 182.200317
474.827454, 308.555573, 231.637314, 185.087646
475.461243, 310.182556, 228.105820, 183.284744
475.284241, 311.764832, 225.376312, 180.389587
476.537445, 311.427399, 222.847763, 180.170486
473.981537, 311.040985, 227.364899, 181.264450
474.122833, 310.679688, 227.467224, 181.694168
474.019043, 312.465851, 226.623428, 180.766479
473.982361, 313.311646, 227.633713, 179.080765
474.728821, 312.972351, 227.311279, 178.804443
477.232361, 313.338287, 222.828323, 178.957581
476.522095, 312.929108, 225.226013, 179.420517
476.556976, 310.942596, 227.725800, 180.401901
476.459290, 311.244202, 228.420502, 179.978973
478.300781, 310.488495, 227.512329, 180.413483
477.479462, 310.417938, 228.057617, 180.701187
477.817322, 310.526031, 228.856705, 181.284592
477.663849, 310.904236, 229.614258, 182.282349
478.019409, 311.557007, 230.315521, 182.304077
478.534393, 310.972168, 230.075851, 183.048431
478.352692, 310.906342, 230.140182, 183.455826
478.064972, 311.014923, 230.264328, 182.978363
492.596802, 303.973938, 217.865234, 184.224060
486.488770, 310.018036, 220.697189, 181.610718
492.676239, 306.522980, 218.044678, 181.810135
495.045471, 305.582794, 217.155746, 182.011673
483.886169, 303.686279, 223.033310, 181.019302
486.277863, 299.560699, 225.492905, 185.646851
486.432922, 300.330200, 222.684067, 181.053848
487.553467, 297.815613, 214.717712, 177.476242
479.449799, 296.067688, 224.295502, 177.113968
478.857300, 296.978302, 223.564911, 176.236481
476.959198, 295.958954, 222.279785, 174.875336
477.297791, 294.945068, 219.832397, 173.904099
474.666199, 291.531616, 222.482513, 176.223709
471.309479, 288.211304, 225.319046, 178.409637
481.183228, 282.740814, 211.185974, 174.833908
479.070587, 282.377197, 212.762329, 174.717010
469.016815, 284.194031, 227.896423, 178.911102
478.127960, 278.811676, 213.317261, 176.563065
478.457703, 278.328766, 213.096924, 175.502274
478.980225, 276.672943, 212.099442, 175.705078
479.982697, 275.955841, 210.955109, 174.551941
480.592529, 276.301239, 210.609802, 174.192688
480.445496, 278.930206, 214.267624, 178.961014
484.610657, 280.835388, 210.868378, 177.318283
485.833862, 279.680634, 211.407089, 179.032333
487.648041, 279.883209, 212.529922, 178.412888
489.695251, 279.265808, 211.774139, 176.835800
493.494873, 280.538422, 210.052353, 176.349472
486.543030, 275.083435, 221.906097, 179.657684
499.989899, 280.761719, 210.681442, 171.051666
492.970001, 274.917175, 216.627884, 179.207901
496.728729, 276.026642, 215.389709, 175.167862
502.005310, 272.020996, 214.728821, 178.842316
502.764343, 274.821594, 216.299713, 172.254532
507.649109, 271.016876, 210.779297, 171.769913
512.092102, 269.914246, 209.113403, 170.350784
512.092712, 269.593018, 215.811630, 173.453018
507.571167, 258.524017, 222.553421, 178.571274
521.806885, 256.140747, 201.304230, 172.224915
523.153687, 251.438690, 213.030075, 179.296036
514.210205, 256.698700, 222.826462, 182.830994
515.791443, 254.699463, 224.589447, 187.616165
517.538025, 251.802246, 223.858322, 188.388214
535.193420, 254.636536, 206.918503, 179.416626
536.457275, 251.037155, 206.488220, 179.149948
538.177368, 249.941132, 205.781982, 176.815613
542.579224, 250.961349, 203.929718, 172.793411
537.528320, 247.509094, 208.334000, 173.062668
537.536011, 246.653564, 211.254669, 173.773849
537.594055, 245.324692, 213.177567, 174.883469
539.269897, 244.855713, 212.188690, 174.250534
542.687622, 243.647659, 214.070190, 178.800171
539.603943, 244.904312, 213.897995, 174.149948
544.614380, 243.550873, 212.876526, 177.806656
545.957947, 246.519089, 211.133453, 176.519318
547.105957, 250.224838, 208.618347, 173.090042
546.061279, 250.083923, 204.801285, 167.545364
546.448792, 251.293167, 204.276886, 167.768250
546.447510, 252.098923, 205.168106, 168.991165
549.007385, 255.535675, 202.002655, 166.934402
550.009949, 258.807587, 199.615219, 164.541306
552.654358, 259.739990, 197.788208, 178.833389
551.373474, 262.192139, 197.584961, 177.274445
552.427185, 268.347595, 196.294586, 170.101242
543.499817, 261.753723, 209.288620, 172.195374
543.270264, 262.346191, 206.059280, 169.141357
543.403931, 262.667084, 205.574387, 168.519287
543.506531, 265.443237, 202.097733, 165.287430
541.746033, 266.842285, 200.776932, 164.408463
541.973999, 266.500122, 200.941940, 163.299347
545.103943, 261.627411, 198.089951, 164.970718
537.698364, 261.858459, 194.189407, 158.376556
535.390869, 233.714233, 200.948685, 166.225830
538.718018, 213.987000, 197.477280, 164.464172
538.505798, 199.594360, 196.089371, 161.789444
537.907227, 196.807816, 193.957855, 155.540665
537.714722, 193.446304, 195.338959, 156.806961
536.479797, 186.727509, 197.884232, 163.364807
535.165405, 192.881073, 196.917465, 161.373032
531.193176, 207.816956, 196.677658, 162.551453
533.815857, 231.654205, 198.472977, 166.475555
529.435547, 238.899796, 202.357269, 164.053925
528.294250, 250.228378, 200.207031, 165.164856
536.496399, 259.497009, 191.139755, 160.258163
538.402649, 260.662750, 189.128204, 157.925751
538.504883, 263.509460, 188.612946, 159.135361
529.522095, 268.467346, 193.259933, 160.636963
529.202698, 272.977478, 199.156906, 162.058563
541.697998, 281.801086, 186.011459, 156.028091
530.938354, 281.292297, 195.844086, 160.072128
531.803040, 284.779358, 195.633255, 163.690598
529.700012, 289.013367, 192.540833, 162.731461
537.373718, 297.073120, 184.419479, 155.945724
522.639160, 295.611053, 198.268829, 162.875137
533.266174, 302.612183, 184.616058, 155.684601
522.741943, 302.029907, 196.983307, 162.830566
521.705505, 307.939270, 192.616440, 156.554382
515.602112, 309.624847, 198.212753, 157.488007
513.394958, 279.493347, 197.404755, 157.309692
513.122314, 270.030396, 198.711075, 160.074631
513.895935, 264.479279, 195.783096, 161.581299
509.997894, 269.998291, 189.799332, 153.458252
518.937988, 264.294617, 179.722397, 150.173203
505.644836, 239.742706, 184.574982, 151.137482
507.547211, 228.901367, 191.596436, 161.758102
512.350830, 225.049164, 184.768845, 158.112305
512.364929, 221.349731, 184.055038, 156.231033
501.179352, 218.596375, 188.612946, 157.781265
508.226379, 215.681412, 185.249466, 152.806168
506.545685, 209.517075, 188.461166, 156.600662
508.186066, 205.766953, 186.123734, 154.439575
496.708221, 196.215027, 197.513596, 160.257675
512.493774, 198.653168, 179.105682, 150.556061
509.182709, 195.741058, 183.556290, 153.875214
503.076202, 196.208557, 185.707520, 152.167313
497.536591, 188.320618, 194.396973, 159.513809
501.597961, 186.889023, 186.576385, 152.656052
502.956635, 185.659058, 186.722107, 152.264252
501.742340, 193.115753, 188.415695, 153.507538
502.234009, 194.293274, 186.363861, 151.893936
504.351868, 197.149506, 185.200165, 152.169373
498.499512, 194.262527, 193.238312, 159.413788
496.833923, 192.529236, 196.166870, 162.654083
497.206177, 196.325775, 192.300751, 158.385742
499.619507, 204.531158, 188.168396, 155.271744
499.508514, 205.352020, 187.177460, 158.074310
493.478516, 215.601990, 193.140060, 160.460968
491.560577, 212.894882, 195.329163, 164.462753
492.139008, 212.248413, 193.736267, 163.030396
494.222351, 213.712189, 190.608429, 161.632004
495.496063, 212.373322, 189.468445, 161.131699
489.230164, 204.206482, 199.792862, 170.872574
487.343750, 202.970123, 199.946594, 169.902161
493.089050, 207.236725, 186.921600, 162.130096
486.537323, 203.017715, 198.075928, 171.746521
485.609589, 204.297989, 196.655319, 170.295181
485.847443, 210.828949, 195.744034, 168.372391
489.359161, 219.250763, 186.569138, 159.511887
484.229065, 214.622620, 194.543274, 166.538681
482.240570, 218.690491, 195.416138, 169.607056
490.720154, 229.442230, 181.883179, 155.384140
491.132996, 218.529114, 183.882187, 157.827148
484.100250, 222.190887, 186.060822, 161.069092
484.004211, 224.258423, 192.049103, 168.035492
481.316833, 227.873627, 193.093460, 166.028030
479.491272, 229.640350, 195.322327, 168.172638
478.092896, 227.593140, 195.682281, 167.505371
477.510254, 226.929672, 194.485626, 165.979523
475.429901, 227.322678, 198.967667, 166.749374
476.010223, 223.837357, 196.565735, 166.602921
479.609375, 219.349762, 192.927826, 167.904800
478.401825, 218.592773, 193.459473, 168.441666
477.071289, 218.684418, 192.871841, 167.861740
474.058899, 216.720978, 195.351654, 169.154800
473.160004, 215.411224, 195.498779, 169.087860
473.534302, 226.241791, 191.304581, 160.840637
470.645782, 223.554871, 195.770370, 168.574051
466.364166, 217.859344, 197.329437, 172.220337
469.147369, 226.384918, 192.242752, 159.736343
460.247711, 231.254242, 201.868835, 165.017090
458.314850, 226.354401, 201.548004, 165.258835
457.740082, 225.622833, 200.205658, 164.478638
458.343323, 225.211243, 197.474976, 160.353073
456.950378, 221.345276, 197.328644, 162.210205
456.391785, 217.635559, 192.026138, 153.910599
455.769623, 218.513504, 191.567505, 153.959244
458.144440, 222.458740, 186.197296, 159.481491
459.119080, 222.960175, 183.695816, 158.114746
460.418610, 226.792786, 178.191437, 154.709000
453.515930, 222.541962, 187.410110, 158.360413
455.378876, 216.736084, 181.720871, 148.520462
461.853119, 209.554169, 180.081253, 154.617157
455.514099, 223.267532, 179.410889, 147.928726
460.135925, 210.355652, 181.093445, 156.176147
457.304169, 212.311371, 182.431839, 158.673035
456.260681, 211.956665, 182.934692, 160.458496
450.222137, 217.882095, 185.999435, 154.805618
450.491760, 218.158630, 184.531464, 155.447723
451.127625, 210.636505, 180.584259, 153.608383
449.911469, 213.463257, 181.230423, 146.708328
444.380890, 212.064301, 186.750305, 161.724426
444.151276, 210.841187, 191.365234, 158.908386
447.233276, 212.632690, 179.608856, 150.714142
450.880585, 202.865967, 181.455017, 149.423477
449.238983, 197.735229, 183.075165, 150.148743
450.729431, 207.030579, 181.037979, 151.290878
447.973114, 207.934784, 181.224319, 151.678116
447.316254, 208.239243, 182.521332, 155.445877
443.052917, 221.157516, 179.075470, 156.219543
438.374908, 220.019638, 181.847519, 155.540588
436.979187, 217.260284, 182.717850, 154.551193
437.784332, 214.870117, 181.712555, 149.628403
436.213318, 214.375076, 186.003021, 153.437973
436.225708, 227.825195, 187.628555, 157.385330
441.309845, 225.925964, 183.780533, 154.090042
440.839691, 224.690735, 183.555023, 151.184494
441.648804, 225.431702, 181.049667, 149.819351
441.527039, 217.342178, 181.075302, 149.187775
442.303162, 214.744690, 180.488907, 150.483154
436.959442, 216.498047, 186.265350, 152.110519
433.929352, 221.731537, 186.320892, 149.571762
434.326691, 222.413681, 185.781555, 148.731094
434.451721, 218.715759, 187.502167, 154.984375
432.474823, 217.829163, 183.710556, 156.729660
432.461334, 220.988174, 187.482635, 156.865463
432.266052, 222.260025, 188.417023, 158.041718
433.965454, 224.198700, 180.682526, 153.185059
431.618530, 233.577026, 175.143143, 152.245850
428.827148, 226.136978, 187.319580, 155.593918
429.183289, 228.389679, 177.421112, 150.734833
428.584351, 231.169296, 178.808960, 150.361481
425.829773, 230.041168, 186.103073, 153.099854
427.924103, 239.917053, 178.396927, 147.244171
426.728485, 238.884460, 181.525116, 146.873611
423.524536, 231.749329, 186.541794, 152.420837
423.746399, 236.076218, 186.459854, 151.566177
424.412354, 237.233765, 185.242249, 150.697235
423.026581, 236.286514, 185.923447, 151.421738
421.348145, 237.181671, 184.953705, 151.216141
427.310272, 234.546661, 179.757874, 148.987930
426.251373, 236.566330, 180.853592, 149.698853
422.945587, 238.576187, 182.673996, 149.598358
420.882172, 237.761139, 184.024551, 149.798584
423.147766, 237.957428, 182.708786, 149.757828
421.939667, 238.320633, 183.273987, 149.531891
426.473938, 227.972107, 180.457550, 150.047195
426.293976, 225.545868, 180.353027, 150.511459
424.962006, 235.399689, 179.807327, 148.668671
423.188354, 234.979080, 181.741608, 151.505798
420.125763, 234.449173, 184.218048, 153.747223
419.316650, 232.778671, 182.145477, 152.982269
418.627838, 215.535278, 185.445984, 152.960663
426.046295, 221.218414, 181.699738, 152.559860
413.671875, 226.632248, 176.710022, 151.453476
418.412262, 214.642532, 185.831894, 155.782852
419.504669, 215.870041, 185.246841, 154.999329
411.872955, 208.269135, 187.262054, 156.144089
411.886353, 206.918427, 188.508987, 155.699295
426.910187, 205.088562, 181.956268, 154.509033
424.978302, 199.609695, 183.221878, 154.065598
419.565704, 210.741211, 183.016129, 149.192719
424.213715, 211.945435, 184.421738, 159.805069
415.755005, 206.963089, 193.890503, 158.710373
421.088715, 211.430496, 180.946274, 155.780533
415.310852, 208.638565, 195.382156, 158.866318
418.773712, 204.265427, 189.109558, 158.069443
423.808807, 206.656174, 183.307571, 156.134140
424.318024, 207.325882, 182.386887, 155.526169
415.627014, 203.189453, 186.485428, 153.401016
414.694702, 204.452835, 188.318161, 152.400879
423.906067, 199.524292, 181.477570, 150.637680
415.031586, 205.624313, 186.611160, 149.732605
418.770569, 201.426788, 185.629608, 154.280731
422.999298, 194.342590, 182.256622, 152.881592
422.947174, 195.640244, 181.416489, 151.088562
422.889160, 194.922882, 181.481125, 153.136871
419.859070, 187.586319, 185.702988, 153.520309
423.169891, 190.965408, 186.035629, 155.562271
417.963531, 197.735443, 191.865219, 157.937057
426.134155, 204.829056, 176.459351, 148.906982
425.135590, 202.852142, 180.194443, 151.860016
426.009216, 197.383850, 179.160843, 153.813995
425.532471, 198.297241, 181.018478, 152.643814
425.238373, 199.555023, 178.850128, 152.024139
429.002960, 192.148010, 175.963959, 148.266785
429.367798, 200.272583, 176.725082, 147.887314
431.340881, 200.217499, 178.780823, 149.743973
425.971649, 194.760574, 194.911331, 155.514557
427.768890, 205.425064, 192.382568, 154.760956
435.947266, 204.032852, 180.032837, 150.519363
435.538818, 201.993896, 177.530487, 150.077820
441.628418, 207.285706, 180.319916, 149.053574
441.148438, 199.171234, 186.474442, 151.494873
445.424835, 198.640488, 179.982391, 146.941879
446.404480, 202.053696, 177.367462, 146.634781
448.458130, 198.998459, 179.581482, 144.173691
452.872833, 195.073669, 180.406647, 147.034622
454.179626, 206.034653, 179.855209, 146.325073
450.837250, 212.269684, 175.979904, 145.012329
450.686432, 200.582657, 186.258453, 153.368866
454.969543, 201.015717, 175.459869, 148.330643
451.477570, 192.453552, 182.284088, 155.401093
457.863586, 187.723099, 183.766068, 159.108917
461.831024, 185.831238, 181.767029, 157.579239
460.963989, 186.536285, 182.258728, 158.435226
465.121735, 195.854950, 172.096954, 147.907455
462.081329, 191.761230, 182.039810, 155.386917
461.993378, 192.121353, 178.820801, 146.456650
463.951355, 189.962067, 174.265305, 144.351471
464.133148, 188.127014, 180.390671, 152.654144
464.798462, 189.573883, 180.945862, 153.106857
464.644196, 189.086624, 180.378296, 153.239853
464.530212, 189.435516, 179.806351, 151.534805
468.069183, 191.913269, 171.390656, 149.981064
461.821686, 183.710297, 185.872589, 159.762207
472.530579, 189.953766, 173.256500, 155.582840
464.126587, 194.570129, 178.127670, 155.462219
463.893372, 196.058472, 179.082245, 156.198730
464.830048, 187.892197, 177.425140, 149.780563
467.922852, 189.559998, 171.805679, 152.051804
464.897980, 200.039612, 176.404602, 153.694611
466.617432, 200.799820, 176.930130, 151.911133
462.620575, 189.905151, 192.526657, 163.260727
469.800507, 193.080627, 172.038177, 149.243698
465.902222, 188.574341, 184.620117, 157.281967
472.340271, 199.166550, 169.453201, 142.468735
471.462433, 197.201080, 172.333420, 143.139130
471.973358, 193.362015, 171.822601, 141.193298
472.522278, 193.550339, 171.872650, 141.172562
477.495941, 187.273865, 177.586700, 146.537216
473.011108, 188.752716, 179.490814, 149.960907
473.279205, 196.271271, 169.525162, 142.434128
476.505615, 195.718597, 170.636978, 141.534866
472.939819, 191.038971, 176.110825, 146.426483
471.436584, 198.929596, 169.715179, 145.903427
469.538452, 197.943039, 178.695572, 156.018539
459.354126, 193.363403, 190.819366, 170.436188
467.028961, 194.379013, 185.411636, 168.121948
466.697693, 198.429276, 182.385529, 164.960800
461.646698, 200.144882, 188.371338, 162.692963
464.743103, 203.665146, 183.955627, 164.473099
469.028961, 201.265015, 181.139191, 153.720764
466.571075, 193.279907, 187.464294, 161.428345
470.730316, 190.669235, 178.019958, 154.267426
465.718079, 187.314758, 188.378845, 156.101624
469.427185, 197.136749, 182.114822, 151.865707
470.106873, 199.511475, 173.786392, 146.605347
465.704163, 195.120514, 183.135880, 148.896240
464.228516, 189.487244, 185.553116, 149.529984
461.592590, 190.133224, 185.717972, 149.596161
464.607788, 188.050888, 183.230988, 148.638794
467.797546, 195.320129, 175.068893, 147.639633
463.917877, 193.419952, 188.817749, 158.325577
466.265228, 202.165314, 178.107635, 153.162201
459.779846, 190.891724, 192.665085, 159.822739
453.258331, 183.075821, 195.594955, 168.532761
452.880402, 185.557343, 197.611038, 167.846771
461.234924, 194.163315, 191.210297, 159.196030
464.374481, 210.461792, 170.099808, 152.406265
465.631775, 201.997437, 179.576599, 155.789124
466.260620, 199.618149, 171.893738, 146.657745
468.073395, 207.099243, 175.241653, 149.578552
469.071838, 209.887207, 173.754791, 148.200195
464.875214, 202.706696, 175.824493, 154.915741
464.686462, 202.002136, 178.360382, 155.307251
466.010925, 200.643738, 178.806091, 153.375031
468.598328, 203.735001, 184.112701, 155.663589
464.288910, 206.672897, 176.964951, 149.910370
465.786560, 197.496902, 172.762619, 146.099213
461.985443, 191.000977, 180.831497, 154.333572
464.990265, 203.362930, 173.901093, 148.704956
460.397797, 192.176987, 185.479126, 158.052444
455.000885, 178.236237, 198.618698, 168.143707
461.091675, 192.196671, 186.851273, 152.932861
462.680969, 192.059341, 185.100479, 151.561951
468.939453, 203.043152, 175.065887, 147.507629
469.135040, 207.167999, 174.741852, 146.715500
470.291504, 201.581573, 168.031998, 145.996948
469.673248, 201.845276, 170.329407, 146.119614
468.140533, 196.121002, 177.873871, 150.230270
474.525543, 179.544296, 176.617310, 148.598007
472.688843, 181.109604, 180.252060, 154.694595
477.243561, 190.566666, 175.648071, 149.220245
474.449219, 187.915283, 176.458908, 149.871780
473.721161, 183.911011, 178.195236, 150.002625
472.433350, 182.859406, 178.246506, 150.971725
467.665375, 183.598114, 181.544327, 154.369278
468.427795, 193.013611, 182.480347, 155.571671
471.246368, 190.271713, 179.421539, 156.330490
467.599701, 187.175064, 174.189346, 150.269516
467.324432, 184.217697, 175.467911, 161.723083
459.361053, 182.794952, 189.259827, 173.223450
456.975067, 179.800446, 190.339035, 173.244919
459.654144, 185.578568, 182.646347, 158.685883
452.557434, 181.113663, 208.041504, 181.578476
452.366577, 192.628067, 202.173660, 174.387177
455.718048, 190.300766, 197.501663, 167.288544
458.899170, 177.950134, 201.141113, 172.646759
465.733124, 187.116669, 180.226257, 154.690704
459.395874, 175.921356, 200.320953, 172.636612
462.526245, 190.520004, 188.717026, 157.653152
462.901672, 190.554382, 187.918549, 155.622803
463.559937, 183.650070, 194.431030, 169.230377
465.034882, 192.161865, 186.468079, 155.525116
461.464386, 181.134552, 191.472717, 165.754913
464.147491, 187.498901, 184.438889, 158.654770
459.718170, 196.509125, 187.210800, 156.409607
456.854370, 199.707550, 189.743210, 159.195114
454.197693, 201.855042, 193.640869, 166.285568
450.168365, 204.948410, 196.547073, 168.974945
450.347870, 203.813995, 197.743927, 169.263138
448.803864, 203.923279, 200.094376, 171.401398
447.278351, 201.332581, 207.217300, 177.978836
444.383392, 210.314758, 203.971176, 168.493423
450.554108, 231.035049, 182.602966, 157.025497
437.066345, 221.456284, 198.383850, 170.356567
444.072784, 223.623703, 185.925339, 158.200806
436.826965, 216.200653, 199.907318, 166.984406
437.265503, 213.516830, 195.581787, 160.575821
438.154144, 214.947968, 194.788666, 161.810089
436.738342, 214.433792, 201.757126, 170.602600
441.498199, 218.570862, 196.795609, 169.760971
445.555817, 222.547592, 193.320892, 165.834534
446.983765, 223.139114, 194.822937, 165.706558
440.138031, 215.801041, 205.048996, 173.864914
448.271179, 225.397461, 192.762589, 163.945099
444.263123, 217.291916, 207.532471, 176.831177
449.978058, 227.224274, 195.990540, 167.711395
449.469177, 226.898682, 199.115234, 170.215332
452.740936, 237.555435, 194.134171, 160.074265
448.527679, 234.686722, 196.360901, 168.955444
455.010742, 241.412231, 197.810303, 166.897064
447.710693, 238.413589, 206.282196, 179.274536
456.312195, 256.257477, 199.626907, 171.431000
466.772766, 259.535187, 194.847168, 171.566528
455.924652, 274.663757, 203.322266, 174.173416
454.049164, 282.790314, 204.738312, 176.102371
453.186737, 287.624634, 202.810349, 168.934204
463.403381, 294.793030, 200.723938, 174.406082
449.583801, 305.282898, 207.688568, 180.037735
450.522705, 316.673676, 205.304108, 177.158127
452.901276, 324.250763, 207.254700, 177.524231
450.265350, 314.666992, 211.321777, 180.171722
450.669617, 307.902527, 204.690872, 177.636108
450.214783, 288.696594, 213.015488, 183.291870
444.329163, 283.089905, 216.813583, 183.150803
443.847107, 284.820984, 216.119598, 183.429184
445.083710, 281.026703, 218.494446, 190.850571
442.364990, 282.952148, 219.631027, 190.908035
450.457367, 286.245483, 210.546234, 182.354050
452.451996, 286.929077, 212.559692, 182.140701
455.121857, 289.857208, 211.569046, 179.681793
462.034332, 289.099548, 206.385498, 176.995514
466.836365, 288.487915, 208.365067, 178.285431
472.267273, 292.039337, 196.548050, 168.712479
480.050690, 284.058167, 196.087219, 187.979935
478.808655, 285.354675, 193.532364, 167.231934
482.644135, 278.463959, 194.336365, 182.491241
472.194183, 271.505127, 200.140472, 175.631912
464.949158, 263.195587, 203.417343, 179.814255
462.123566, 247.585587, 200.399139, 170.523026
459.048279, 233.406281, 206.099976, 177.783157
455.356476, 221.850342, 207.773056, 177.992691
448.831604, 210.956085, 215.287918, 182.200760
434.188751, 203.328400, 223.738113, 185.825073
422.189026, 203.204834, 236.589096, 191.886017
422.126831, 202.215515, 231.510162, 190.241974
417.460541, 207.630417, 220.776382, 188.428680
419.327667, 205.082306, 238.253372, 201.107635
419.737885, 216.934586, 223.494843, 185.362167
418.829498, 221.167068, 231.981232, 196.420700
420.596954, 237.275299, 224.442963, 191.049759
426.413208, 253.548401, 214.293900, 183.490524
421.798096, 250.198685, 224.071442, 195.968124
421.916565, 252.096893, 223.364609, 198.096375
419.967590, 252.202881, 223.759811, 198.543442
420.015717, 250.490265, 222.185028, 192.949203
416.784668, 247.691803, 225.540039, 192.443375
412.695679, 245.132492, 226.592346, 191.693405
410.623657, 242.439346, 227.052505, 192.638321
411.593018, 241.560669, 225.981110, 190.934647
410.369904, 240.015701, 228.122177, 193.108047
406.874298, 240.025040, 229.874481, 196.199310
391.865448, 245.511688, 213.530350, 188.452957
397.961121, 246.326828, 233.619186, 203.413254
397.147400, 249.000290, 232.598129, 204.648926
401.836304, 260.200043, 211.775986, 184.355011
390.440674, 255.934525, 232.966309, 199.666306
393.993073, 262.382294, 226.614517, 193.938538
388.568390, 254.880173, 237.034775, 202.794708
386.312347, 257.412628, 238.093536, 198.712997
397.790344, 256.209290, 226.366013, 187.625488
391.092804, 259.875824, 231.457428, 180.940994
398.919464, 255.135071, 224.383606, 181.283707
403.175201, 251.652588, 218.540985, 178.317123
402.319946, 237.661743, 221.476898, 190.053879
409.095398, 231.689728, 218.403000, 183.149658
407.890564, 223.896042, 218.163910, 183.524475
396.932098, 217.745972, 220.597702, 181.441528
390.872864, 212.866974, 224.029739, 183.034576
388.497925, 202.525711, 227.227859, 187.988922
390.003906, 204.636749, 222.580170, 182.517288
393.081421, 192.100464, 221.106476, 187.796463
375.487030, 188.004471, 240.646805, 202.603455
374.310120, 183.219070, 248.221405, 212.578979
374.601257, 182.862946, 249.648178, 216.086395
378.937775, 171.150909, 234.016464, 203.903931
385.632538, 160.189758, 230.634933, 202.082092
378.997223, 163.484207, 247.482803, 214.785202
382.776978, 165.498688, 241.497742, 204.765503
383.268890, 161.784821, 237.577026, 202.909744
384.739807, 152.529068, 249.047821, 209.181671
392.268982, 153.085114, 234.453445, 201.904419
398.207153, 159.800186, 226.395782, 191.627975
398.225525, 153.836227, 236.220444, 198.171188
397.092438, 150.764801, 250.572968, 211.322998
403.660553, 148.498276, 249.803680, 210.717163
408.126709, 147.270538, 252.770386, 210.875839
413.182556, 158.368530, 241.664139, 198.480118
419.675232, 168.345184, 243.155411, 199.290802
424.805573, 166.510864, 242.330185, 196.674316
428.932495, 155.888184, 250.337982, 208.477448
431.087341, 157.003815, 246.457779, 205.166519
429.740051, 147.374908, 253.053055, 214.011093
430.496155, 148.383514, 248.151245, 209.793869
438.691528, 141.951965, 247.723022, 205.248154
447.550812, 155.800583, 232.823120, 202.294403
448.889465, 151.587677, 231.872131, 199.073227
448.084930, 142.999207, 237.372604, 205.979324
442.990143, 137.495590, 248.860443, 201.797363
445.622467, 129.866638, 240.634308, 193.273773
619.073914, 533.284790, 56.677265, 50.229073
450.546570, 131.646576, 247.964050, 194.982193
456.088531, 132.075623, 243.088593, 200.601166
460.418030, 127.353615, 238.487411, 193.442093
460.273895, 129.418365, 235.746307, 191.753952
466.623474, 131.216522, 228.222260, 178.662750
462.694366, 123.200256, 233.567993, 189.655075
463.360504, 121.958672, 232.249390, 188.276230
463.003967, 130.510880, 229.768250, 179.009689
464.356415, 130.884811, 230.414413, 183.930649
463.278595, 130.628326, 229.050919, 182.122086
463.416382, 130.640198, 229.389709, 185.498138
463.220917, 131.174759, 227.795288, 184.402359
463.089966, 128.841751, 226.730927, 185.987473
460.943237, 136.621902, 228.612167, 191.354614
461.927307, 138.618622, 225.926834, 187.788696
461.987335, 138.926056, 223.357544, 185.769608
461.416962, 138.107300, 222.572449, 184.913040
459.371002, 126.218109, 230.260773, 189.568039
451.834442, 111.050858, 244.751526, 199.092484
450.430695, 110.719406, 247.943893, 199.200180
451.105957, 112.165352, 250.153366, 201.518692
457.797485, 117.391327, 244.532745, 195.314941
469.585052, 123.893204, 234.717819, 185.301346
470.578796, 124.282043, 233.999115, 188.296356
462.360840, 130.213013, 242.616577, 200.360794
464.856689, 130.279449, 242.509277, 201.003769
468.176300, 131.065063, 239.766922, 196.152481
474.510376, 137.369644, 231.083542, 188.339478
482.158173, 153.356476, 224.681091, 184.137573
487.570221, 161.361298, 222.825485, 180.241028
491.983978, 168.828201, 219.311295, 182.397079
495.457092, 178.002258, 214.893814, 185.241364
497.849670, 183.342697, 217.853424, 190.889618
497.366119, 189.971664, 217.795700, 187.070313
500.549164, 193.389359, 214.805603, 184.113464
502.546661, 192.670959, 212.043015, 182.740417
503.717438, 194.206390, 212.396286, 184.255920
500.945251, 196.641815, 216.416809, 189.390366
503.744019, 201.286804, 217.238724, 197.595642
504.551178, 211.276688, 216.094299, 195.076813
498.380890, 219.760437, 223.626846, 204.711029
506.535889, 226.632645, 217.454437, 197.659454
505.813354, 236.047577, 220.238022, 198.982758
502.008575, 236.979401, 226.687347, 203.195374
503.037659, 237.792496, 226.198730, 203.185547
507.767944, 245.972168, 221.490982, 204.004532
510.241669, 243.759338, 219.753448, 195.735168
507.511871, 242.618729, 216.123444, 200.742950
510.547699, 246.695435, 216.384415, 196.508682
510.507538, 246.122177, 212.326538, 193.954025
510.488831, 246.086792, 213.835419, 193.760757
510.567444, 252.295731, 229.495468, 195.138077
515.974121, 259.206879, 222.905792, 192.758987
515.911926, 261.811462, 223.553497, 193.577576
515.084717, 260.409882, 223.382874, 192.601639
517.312012, 264.078705, 220.913712, 191.304535
517.583374, 263.862610, 220.182648, 192.706940
518.184509, 263.978638, 219.438721, 191.994720
517.085999, 264.210846, 219.302063, 192.604111
514.863953, 258.254456, 218.538300, 193.225494
513.115234, 250.953613, 219.375534, 193.571579
511.807617, 257.584076, 219.120483, 192.631973
506.145844, 257.132416, 221.794861, 200.115982
507.248718, 257.903503, 221.140884, 201.234818
504.632080, 256.404053, 221.659683, 201.033752
504.207703, 257.859070, 221.682449, 201.547058
503.986511, 255.740341, 219.657669, 196.136215
506.555695, 253.262039, 218.041183, 195.943787
504.759033, 252.872040, 218.018250, 195.223068
503.358093, 254.538544, 219.953552, 197.453552
498.461761, 257.781189, 220.388336, 197.170135
493.069763, 260.197723, 223.672638, 198.204239
489.596222, 260.318726, 222.924286, 196.970428
486.399231, 256.430603, 214.469864, 193.064987
481.804688, 258.344666, 226.004425, 207.585663
476.818512, 256.211609, 230.434296, 213.284042
475.201355, 261.187012, 229.050323, 211.362045
471.017883, 256.868805, 228.200867, 211.539658
464.048248, 260.175385, 230.053696, 202.674606
468.049164, 262.926758, 228.687881, 197.676086
466.954010, 263.997650, 228.480515, 195.055420
470.119476, 269.754700, 220.966614, 187.875397
466.501648, 267.958618, 222.890350, 190.889694
463.213470, 268.268585, 224.919037, 190.970779
461.147522, 269.362122, 225.181870, 192.207077
464.318604, 271.403687, 221.896271, 188.111618
461.563599, 273.117462, 224.456512, 190.403809
459.823822, 271.128662, 228.950867, 195.464615
459.669128, 273.966370, 222.541306, 190.377213
468.105255, 279.982330, 214.164230, 184.745132
463.422119, 277.386841, 224.144623, 192.408981
462.484741, 277.788971, 227.718521, 196.953674
464.062866, 279.580322, 227.699875, 195.701248
468.148376, 277.591064, 226.560333, 197.063873
467.350861, 274.973267, 229.544449, 200.247299
466.878143, 276.247986, 231.060364, 201.092331
463.932190, 279.207886, 232.742661, 201.966248
469.513855, 278.328674, 228.488998, 199.344040
474.984497, 282.926514, 225.775772, 201.488525
473.651367, 283.637299, 221.850311, 194.957855
474.701813, 286.909943, 225.845749, 201.623688
470.524109, 285.830231, 232.591141, 203.534851
475.800842, 286.964233, 229.429047, 201.566208
486.009766, 292.312286, 221.576324, 194.354523
486.588959, 291.557037, 222.748871, 194.979675
486.717194, 290.414917, 223.002029, 195.693665
486.761322, 288.767059, 226.338364, 198.540741
484.233673, 285.209747, 224.664520, 201.154465
485.612640, 284.596313, 225.418961, 199.206573
490.395020, 282.364258, 223.134186, 198.609604
491.468445, 281.036743, 219.634964, 196.536285
494.390747, 280.700928, 223.335938, 199.377533
490.907745, 276.411072, 228.173019, 205.025711
491.865173, 277.539825, 230.963577, 207.333099
496.422485, 280.410828, 229.753662, 207.234482
495.730713, 282.128906, 233.249649, 209.188919
493.639130, 281.045532, 239.223526, 211.347397
491.317169, 279.189453, 243.069122, 213.349121
493.904785, 281.293091, 241.135590, 211.109161
494.012115, 280.448456, 240.851547, 210.791489
498.165070, 282.533997, 236.734482, 206.485413
498.247070, 277.478210, 236.555450, 208.764908
499.331573, 277.003662, 236.248978, 206.612335
501.172760, 275.239716, 233.734299, 204.801941
506.448212, 275.739075, 223.062805, 196.972168
506.169006, 272.488403, 223.720871, 197.860489
506.981903, 269.036316, 226.414032, 201.406693
507.396484, 267.571106, 227.555862, 203.494553
501.533020, 265.472473, 233.456848, 206.102753
512.105469, 270.737610, 221.415939, 191.945419
503.894531, 261.094116, 230.952393, 205.475922
504.171967, 259.877380, 234.445694, 204.837250
505.053528, 259.262085, 233.108261, 204.042007
502.737793, 252.680481, 235.853958, 207.889038
509.801880, 250.838379, 231.258453, 207.850037
510.414703, 250.198639, 232.119934, 207.184875
512.961060, 246.682068, 230.090240, 205.114059
513.786682, 245.892120, 229.221695, 203.675461
512.401855, 243.972015, 232.339386, 206.167831
513.874939, 243.360886, 231.388687, 205.090866
505.983398, 241.976837, 238.068359, 208.454681
507.709778, 240.369949, 238.338272, 208.413483
507.422363, 239.331741, 237.382690, 208.290695
508.319855, 239.807983, 237.681091, 208.210144
507.988892, 237.894348, 237.576248, 208.899811
508.349670, 237.508087, 236.043259, 207.723816
508.796143, 236.081772, 234.314117, 207.987961
506.912689, 235.660370, 233.769608, 207.379837
505.119873, 234.291534, 234.337921, 207.959747
505.154114, 235.130798, 235.056808, 207.235199
502.872528, 232.895538, 236.147034, 208.843613
507.804443, 238.391708, 225.471039, 193.404907
502.438477, 229.841110, 228.393356, 203.873749
509.844330, 228.706268, 228.787994, 198.434021
508.168243, 228.314941, 231.258728, 199.077560
507.772095, 228.101929, 230.974976, 199.002243
506.637299, 226.841110, 231.398193, 199.694489
505.530884, 226.842499, 230.466995, 198.812531
506.739258, 226.497284, 229.301529, 197.212479
505.555145, 228.072815, 231.442398, 198.317093
503.497131, 227.365479, 231.034805, 200.512543
504.950500, 228.976578, 230.486176, 197.070572
504.273529, 229.651489, 230.935913, 197.532944
505.482544, 229.671600, 228.974838, 195.769714
497.901886, 228.374664, 234.412933, 203.119202
497.590546, 229.074524, 233.960114, 202.115280
502.133148, 232.013489, 230.048950, 194.870560
500.434418, 231.462234, 230.111359, 196.417023
502.142731, 233.382462, 228.218353, 193.330719
502.799103, 234.399200, 226.631332, 192.134033
503.231415, 233.459198, 226.128891, 191.713684
506.045563, 233.735382, 221.800247, 188.380234
504.474518, 233.831909, 221.331345, 187.592285
505.462769, 233.422577, 218.665390, 186.885040
503.675201, 234.599594, 216.456909, 184.274689
495.661530, 232.031158, 224.126450, 192.751785
495.999023, 233.595444, 220.932266, 186.563568
493.412384, 233.489075, 221.609238, 184.910873
487.608032, 230.647705, 224.305893, 187.752167
485.716003, 229.160400, 223.480347, 187.177917
485.667816, 227.431931, 220.789398, 185.537415
478.814209, 225.500702, 225.084244, 186.941345
477.330994, 224.136475, 224.137070, 185.167877
478.760406, 219.966003, 224.672714, 188.690292
479.616516, 217.087280, 224.094467, 190.723068
483.283661, 216.520187, 221.738342, 188.118118
484.107056, 215.652054, 224.187347, 188.596649
493.532440, 218.506958, 212.020676, 178.638107
487.031006, 210.589600, 226.440811, 193.099380
488.585724, 211.695648, 228.036606, 196.896088
487.055054, 216.124405, 228.180420, 196.760056
493.391022, 220.925385, 227.381027, 198.440353
489.777802, 225.744919, 223.758240, 193.097137
492.604248, 228.702072, 229.981995, 198.654861
488.202728, 234.284286, 232.806244, 193.139420
483.624329, 237.132095, 240.829971, 201.927429
491.325317, 251.213531, 227.383392, 190.923462
491.555023, 255.860214, 226.028152, 188.399979
489.838501, 258.951385, 226.960205, 187.895218
485.350616, 256.726685, 231.052917, 195.240326
484.825592, 259.683136, 231.427017, 194.563278
484.444519, 262.952454, 231.662567, 192.638428
482.515045, 257.494324, 229.425720, 197.343491
485.627411, 261.505249, 230.155960, 193.756470
485.141937, 252.979492, 233.020172, 198.531540
482.685944, 256.066498, 229.533386, 197.638962
482.386932, 248.156815, 238.953033, 210.048981
486.130219, 249.289276, 234.844818, 203.792999
487.207642, 250.864197, 233.774338, 205.160797
487.775116, 250.996033, 234.575974, 206.473602
480.597748, 256.185852, 231.147995, 200.940414
488.568329, 249.987976, 232.681961, 203.066116
486.732300, 248.773834, 235.203262, 203.596466
487.957520, 248.002182, 235.106888, 205.301590
487.107513, 246.338577, 236.409393, 202.637436
483.047974, 243.515839, 238.897690, 205.362122
484.573395, 241.134995, 237.577286, 205.006989
484.545593, 250.991302, 234.630402, 201.481064
482.513214, 242.612595, 235.847504, 208.234039
482.078064, 240.450912, 237.113083, 208.653824
481.899933, 238.945816, 236.995422, 208.100510
475.466064, 244.483536, 241.659256, 207.724533
473.667786, 246.582245, 243.140518, 208.255203
473.642212, 248.111053, 243.836014, 208.216583
483.943481, 248.555206, 233.342712, 203.812180
487.271362, 247.943344, 228.367523, 199.250793
484.494995, 241.209442, 242.688889, 209.413574
485.293030, 237.981903, 242.793198, 209.503555
491.107788, 239.184906, 232.014526, 200.883087
487.195190, 230.766373, 249.968506, 216.164474
495.822723, 226.173996, 226.998413, 196.691055
495.532715, 215.533264, 243.497925, 207.016724
502.400421, 215.549316, 238.172134, 203.328827
506.270203, 221.648087, 228.533508, 194.920837
509.918671, 219.531036, 230.727814, 195.073517
514.837036, 215.213882, 227.066177, 194.082001
512.455139, 213.410828, 233.084702, 195.642868
514.773193, 211.678925, 231.925507, 193.590881
518.680847, 210.668427, 231.131302, 191.900574
521.432251, 211.570206, 228.837799, 187.759689
522.677551, 212.526855, 225.125076, 183.404343
520.836670, 201.485565, 230.617554, 191.384033
519.914551, 207.023178, 229.724609, 185.881744
516.550903, 201.983810, 233.195709, 191.358276
513.359985, 202.984467, 232.869965, 191.247681
512.755798, 203.160950, 230.574066, 187.398621
511.574585, 209.502884, 229.352249, 184.843323
501.670349, 203.100433, 242.815399, 201.462753
503.311096, 209.163940, 234.730560, 191.679352
495.944122, 209.233429, 243.025620, 200.351288
496.068878, 217.194153, 245.190399, 198.657913
496.011139, 220.687653, 245.247330, 198.109787
488.719849, 223.131912, 243.168427, 200.067322
486.601044, 225.691864, 247.822952, 203.805099
489.102295, 227.003601, 243.071243, 207.768097
493.610382, 233.468582, 245.125443, 205.133972
490.883270, 236.054810, 248.385025, 206.740631
487.226654, 238.613235, 244.087891, 212.786942
485.075256, 240.163879, 246.322250, 215.618423
490.590454, 251.413422, 234.436432, 204.137421
486.248535, 247.604767, 244.198364, 216.513901
483.497192, 249.892883, 241.942566, 211.248627
482.718658, 255.040070, 244.645966, 217.004730
483.816071, 254.212601, 245.103363, 217.751114
482.146698, 254.680145, 246.561676, 219.941299
484.312286, 267.083008, 238.211105, 213.705933
485.615326, 269.817963, 237.506058, 213.000610
485.293915, 270.078827, 235.691971, 211.664978
485.709534, 268.373444, 237.477646, 212.560623
487.710754, 270.275848, 236.018250, 210.753021
488.370148, 273.986298, 240.124924, 215.929825
491.057861, 277.291321, 235.943909, 211.318634
489.273041, 272.172394, 237.552841, 209.998169
491.968903, 277.678772, 237.486771, 210.329941
489.005585, 272.604614, 237.732193, 208.619888
490.024933, 275.069824, 236.988556, 207.053314
489.176025, 271.716431, 238.996674, 208.946503
488.903961, 269.202911, 238.663620, 211.195358
492.626434, 276.137085, 240.172333, 213.201340
492.244873, 275.346802, 240.302505, 213.058975
491.534882, 275.059387, 240.453949, 212.935638
493.282440, 275.849304, 240.460220, 213.883560
485.637726, 272.297028, 251.567551, 220.423462
485.445404, 270.160309, 251.836472, 221.482559
495.404297, 274.988892, 239.745682, 214.191345
495.412323, 275.161255, 240.450394, 213.307205
495.346130, 274.419128, 239.977264, 210.422974
496.240356, 273.283630, 239.533539, 211.512985
495.845734, 269.796814, 241.396469, 210.592438
495.744171, 269.348938, 242.081375, 210.601700
495.445526, 268.809448, 243.611389, 210.929810
495.287323, 268.101105, 242.509567, 208.679138
495.463104, 263.618866, 241.915192, 210.465714
496.097900, 264.519653, 242.532532, 208.986557
498.318787, 263.384277, 242.615234, 208.531830
502.479248, 263.518738, 241.155518, 208.046555
505.995575, 263.591248, 242.326569, 210.840515
499.641052, 262.192596, 246.888092, 214.084045
499.030731, 260.671448, 249.583633, 216.777832
499.469055, 260.794067, 249.868073, 217.750381
499.092102, 260.039429, 251.813873, 219.309357
497.123535, 252.491608, 252.497467, 221.578171
497.562073, 251.704697, 252.101913, 220.700897
496.488647, 251.340240, 253.186508, 221.098083
501.992218, 260.459259, 250.407059, 218.911102
502.968811, 261.241913, 247.825775, 216.677307
502.903931, 253.242218, 246.690903, 213.751282
504.264801, 258.210297, 246.443985, 211.785645
505.243896, 254.278076, 246.177185, 212.813446
506.403137, 255.444519, 243.954147, 211.006927
508.344299, 261.130127, 240.800980, 209.047699
506.778839, 262.295349, 241.999252, 208.651108
511.061676, 260.490936, 231.363983, 202.810745
505.213867, 249.051361, 247.464127, 214.934586
505.055847, 247.524063, 246.433151, 215.780624
503.126740, 251.720230, 241.955841, 217.802856
501.349884, 250.526337, 242.121887, 222.732864
499.127228, 252.176117, 244.307968, 224.879013
494.564484, 250.407852, 248.646942, 228.304306
493.328430, 249.380157, 249.244507, 230.416077
494.207306, 245.139832, 246.932983, 231.465805
492.704407, 240.620911, 250.013779, 227.651566
492.886902, 233.016541, 249.146835, 224.230408
496.022491, 231.933990, 240.501236, 211.735092
502.577148, 230.669846, 237.350937, 210.157715
503.521973, 224.610580, 228.127594, 197.846054
499.937164, 221.060501, 244.627823, 209.318222
503.758606, 224.101105, 241.726868, 203.826599
502.914734, 220.385513, 242.690399, 205.327728
503.619110, 218.724503, 243.169525, 204.183380
503.183411, 211.294006, 237.817978, 206.798798
505.639526, 204.060242, 240.040787, 209.409698
507.554230, 214.444611, 217.796844, 190.670135
504.564362, 209.312164, 231.037735, 202.371780
504.210297, 208.418701, 230.098587, 201.576996
501.202820, 206.182831, 231.471817, 202.968689
502.353363, 205.381866, 229.803970, 202.801529
502.850830, 205.253799, 230.900848, 202.998703
502.528931, 202.468857, 232.454315, 203.553024
501.625092, 198.849655, 237.841949, 207.271545
501.099243, 199.463058, 237.404907, 207.055115
500.775330, 199.253342, 236.469528, 207.981079
501.082947, 202.343323, 235.315125, 207.601196
500.960724, 203.236908, 237.089554, 210.868286
501.725037, 206.363129, 235.105698, 211.359894
500.638916, 205.869934, 237.494217, 214.083481
499.911346, 208.496643, 236.334915, 211.380005
497.857788, 205.383850, 242.526672, 214.402908
497.301056, 204.016953, 244.131836, 215.073685
498.589783, 203.955261, 243.533203, 215.304886
497.935883, 204.100128, 239.100494, 212.538528
500.215576, 204.969360, 236.957306, 209.036514
495.234680, 207.526581, 242.978622, 212.646637
495.893585, 209.946259, 240.995270, 208.862396
496.506744, 210.951569, 239.322372, 207.514862
500.234039, 214.627792, 229.368408, 199.667923
501.735199, 216.293991, 228.680191, 199.930283
501.605225, 220.304062, 231.310364, 199.908218
503.375183, 217.632782, 236.134369, 207.322525
502.496613, 218.385681, 237.266037, 208.332520
499.303833, 222.371170, 237.646408, 206.851532
498.648590, 224.040085, 236.563416, 206.949173
499.059326, 224.951416, 235.735764, 206.796478
503.458771, 234.895660, 227.207947, 197.382965
501.649139, 231.339157, 230.254623, 203.555237
502.914612, 232.075745, 231.521561, 204.494415
499.469025, 226.753235, 239.062729, 210.886765
496.487549, 233.834976, 234.562836, 204.717804
498.973785, 236.574005, 229.533966, 201.834778
493.036072, 235.155090, 239.925034, 209.375137
488.112793, 232.828308, 247.450485, 217.447083
487.381805, 236.300018, 246.633667, 218.238739
485.527222, 236.794952, 248.849136, 218.634216
497.012665, 243.251373, 234.166367, 207.595749
497.314392, 244.919937, 232.504150, 206.808517
496.748016, 245.456390, 231.925369, 206.425369
490.701447, 240.660065, 240.888794, 210.500626
488.601257, 236.509003, 250.949966, 224.556030
491.114227, 243.289886, 244.337769, 217.363388
487.916534, 237.231949, 249.271317, 222.110153
488.746490, 243.761688, 247.398499, 218.767014
488.615326, 243.662354, 247.588242, 220.429947
488.918671, 240.220276, 248.940933, 220.753555
488.164917, 238.727112, 251.131332, 222.340424
489.055115, 238.667572, 251.219940, 220.100021
489.147949, 239.053436, 250.560608, 217.903442
489.442017, 237.617859, 249.766571, 216.955658
491.022430, 241.083618, 239.190186, 208.616379
489.965485, 240.003860, 239.167862, 208.840012
500.267731, 246.375732, 228.796753, 203.120667
497.549042, 243.842178, 232.389099, 207.484589
498.203400, 243.868164, 229.664291, 203.674469
491.931274, 234.563049, 240.130905, 216.286392
490.797058, 232.663406, 244.871429, 217.938217
490.316620, 232.397339, 244.822632, 216.333557
490.693909, 233.090866, 242.988632, 214.818161
496.876312, 239.204895, 229.083618, 199.941879
487.148590, 230.027878, 243.747803, 216.175781
486.263184, 229.732437, 245.945786, 217.746872
484.245575, 230.263779, 247.818939, 220.289719
483.968140, 230.917969, 247.625488, 219.165482
492.026520, 240.363007, 229.072433, 200.994675
490.653870, 248.166779, 231.575531, 201.344955
487.332275, 250.089493, 233.424988, 203.426147
488.508545, 246.508957, 230.297562, 202.223083
480.118896, 235.034546, 241.805466, 216.521286
479.505920, 234.589203, 241.996658, 215.514282
480.269073, 233.906479, 240.263641, 213.894913
484.527191, 235.486420, 240.675705, 210.580017
484.323334, 235.603790, 240.745010, 209.862778
479.857544, 234.751831, 240.038422, 212.459061
483.096710, 235.323029, 240.646179, 213.345612
479.556671, 237.679047, 240.794403, 216.403198
480.384583, 236.132355, 240.161118, 217.575714
483.258301, 238.540405, 233.243027, 210.582001
484.807861, 231.451324, 240.796982, 212.489594
484.581543, 231.411774, 240.873474, 212.508545
484.088898, 229.670441, 242.535339, 215.946243
484.133087, 229.903198, 243.507217, 215.166397
491.037842, 232.279617, 239.405930, 207.829437
488.386902, 229.092285, 242.498001, 210.967606
488.209503, 228.906647, 246.030350, 210.714661
489.205658, 230.001862, 244.758713, 210.208099
492.514709, 230.793579, 241.074524, 209.191772
493.388672, 232.563446, 240.424957, 210.524994
492.738129, 230.775620, 237.075729, 212.918793
487.318085, 231.236481, 251.353424, 219.601425
494.044037, 231.856247, 236.845963, 209.052353
493.199799, 231.832550, 240.070709, 210.414291
493.026917, 232.742310, 240.898987, 209.156357
489.376465, 230.875641, 248.924683, 212.102112
489.797699, 231.810150, 248.255646, 210.958084
488.962952, 233.864502, 248.399490, 211.161667
489.118347, 235.568481, 247.918839, 210.814804
489.883270, 237.734039, 242.474350, 208.021713
495.581085, 241.849823, 229.253616, 199.753830
490.307465, 238.293121, 238.543488, 203.747131
489.959167, 236.899216, 238.823059, 204.827881
490.754120, 237.938339, 238.666702, 203.950882
497.915466, 239.439377, 238.071289, 202.808487
497.521088, 239.015823, 239.154724, 204.092529
492.981476, 249.766663, 230.485962, 193.712128
489.538879, 239.490829, 248.077621, 209.121811
489.200989, 239.664398, 248.470184, 209.208450
496.090973, 242.246841, 237.258530, 202.768173
494.679169, 251.918884, 229.427948, 193.920822
491.677338, 241.229156, 245.173584, 208.731766
496.646606, 242.940857, 238.076736, 203.145554
499.824890, 248.852798, 226.598740, 198.122223
496.619537, 242.209534, 241.470871, 209.113266
497.040466, 242.962830, 239.758957, 209.399948
494.200165, 244.017487, 242.549698, 213.173157
501.475250, 247.929871, 234.672394, 207.461548
503.977386, 248.364685, 232.670715, 206.415344
493.808441, 241.821991, 250.542053, 222.734802
500.731598, 244.441895, 242.121323, 215.250336
507.922455, 249.003281, 235.333496, 204.470474
505.423645, 246.712036, 238.416245, 207.254288
504.406342, 241.555847, 239.706879, 211.873184
501.722443, 244.702789, 244.488632, 212.207520
498.987244, 243.615875, 240.611084, 214.559692
505.658295, 244.422241, 241.511200, 208.508575
506.105011, 245.326218, 240.373199, 209.728745
504.351440, 252.502808, 240.164551, 208.022522
497.829926, 243.669678, 243.497452, 214.908890
497.295227, 243.808868, 244.226501, 215.241425
502.513397, 250.846527, 238.871246, 212.621078
501.571533, 249.679871, 242.239868, 215.102249
501.310242, 257.996765, 235.352432, 207.417587
499.136108, 258.461700, 231.483536, 206.634171
500.990601, 257.888184, 231.489532, 210.073929
500.732117, 257.445068, 231.127991, 211.205719
500.963440, 255.207458, 232.049561, 212.840500
499.673157, 252.015686, 234.813782, 214.797913
498.089935, 249.576111, 236.819260, 212.938187
490.799286, 245.422241, 248.500458, 216.414505
491.493805, 245.089096, 247.026581, 214.630600
498.469269, 253.884216, 227.373596, 200.208176
498.583466, 248.804672, 235.564133, 206.224670
499.272705, 248.905792, 236.167160, 205.491501
499.449615, 251.126175, 236.937714, 204.672668
492.006836, 241.700256, 252.056900, 221.412277
497.273895, 243.630447, 239.024261, 214.436356
500.730103, 252.827606, 229.478195, 204.721039
500.173737, 252.138763, 230.250504, 204.799835
501.538788, 248.541962, 229.348221, 204.630661
498.723450, 237.628952, 247.673874, 220.579697
495.647095, 238.899811, 247.517715, 217.916260
489.007904, 239.782806, 247.872467, 223.757996
495.534302, 235.906708, 251.385742, 223.075943
502.052124, 251.238556, 237.504517, 206.952652
495.047119, 242.042526, 247.787003, 226.529358
495.611694, 244.434021, 250.384506, 221.518738
495.031219, 244.933533, 249.508560, 220.296173
496.532104, 245.598495, 246.002426, 219.516418
493.082825, 243.725723, 249.725555, 218.296051
487.301697, 244.033051, 254.882080, 221.331741
490.415680, 243.315079, 252.203064, 216.282990
490.578430, 242.409744, 247.938965, 212.909744
497.498596, 242.447830, 233.611115, 202.302307
498.618439, 242.546402, 232.932434, 201.147156
494.335175, 238.385010, 246.281204, 211.015671
494.665741, 237.923447, 246.049377, 208.557541
502.795563, 237.960052, 237.103134, 205.063950
500.627228, 237.399689, 239.016510, 204.045029
496.685547, 237.196060, 243.625137, 207.579666
494.791382, 236.957214, 245.839279, 210.316986
498.913452, 248.111526, 226.673584, 199.770859
499.733917, 249.376221, 226.768600, 200.782959
489.076447, 239.632675, 248.320786, 212.655884
493.261810, 244.221252, 245.864136, 213.989594
492.743805, 244.774933, 246.712646, 214.479874
494.047058, 245.021317, 246.305237, 213.773041
494.309113, 243.000320, 246.091141, 215.360138
494.965637, 244.549225, 246.094681, 215.592804
494.967346, 244.537476, 246.110611, 215.969421
495.725403, 243.995453, 245.127838, 215.179901
496.659058, 242.760132, 236.606796, 215.819031
496.490051, 242.427582, 236.447388, 215.886078
494.005402, 242.083618, 235.744614, 211.454086
502.442871, 251.172394, 229.000793, 207.423691
502.136475, 251.623734, 228.591354, 206.572479
496.599731, 244.678711, 242.097153, 216.854050
500.419739, 247.013092, 234.901077, 209.613480
500.684937, 249.673782, 235.300644, 204.664841
498.941223, 245.701355, 236.591888, 207.986496
504.581177, 246.556458, 236.680893, 206.489731
504.546265, 248.526886, 236.949738, 202.811340
506.789124, 248.651901, 236.125137, 201.116257
507.211609, 247.554901, 237.771317, 202.722855
507.582306, 248.367447, 237.675476, 200.957336
505.756653, 248.236664, 240.062805, 201.578232
504.082397, 257.052887, 227.094162, 195.405350
505.539459, 257.736115, 226.694504, 195.828705
500.688873, 252.152832, 246.644028, 209.919998
500.399811, 249.286682, 245.569321, 212.764282
499.317474, 248.246490, 247.172913, 216.434540
493.403229, 249.723999, 254.652603, 221.709061
491.118225, 250.257782, 257.422974, 226.604858
489.181122, 249.513260, 258.332764, 229.424866
489.282806, 251.832214, 257.649078, 227.978790
488.534912, 253.936249, 260.138306, 229.477264
499.460052, 262.103973, 230.069199, 204.495071
498.469482, 262.601532, 231.001221, 204.106110
499.552185, 263.109222, 235.168732, 207.344742
492.159637, 255.389023, 248.303085, 219.870850
484.094849, 252.364105, 255.012085, 223.055588
497.306274, 266.403351, 234.486084, 205.224716
496.828339, 267.223114, 234.473618, 204.191772
496.412506, 267.194489, 234.917175, 204.918915
496.162933, 268.544495, 234.944962, 204.902390
495.785614, 269.935028, 234.414948, 205.729156
492.128418, 264.524078, 241.645432, 218.582031
490.371246, 264.317139, 247.554794, 221.681274
490.528534, 265.031189, 245.152878, 221.070831
492.489227, 275.235443, 233.836578, 208.611557
491.683624, 275.450500, 236.204208, 209.400970
486.048126, 268.312805, 243.967255, 217.074997
487.280426, 270.993866, 241.489151, 217.618958
479.716705, 266.179108, 243.514832, 214.890732
486.900513, 273.441345, 236.365707, 209.549332
482.868683, 269.976715, 248.567993, 216.363571
476.223572, 265.104767, 248.599945, 219.550156
487.620605, 272.805908, 239.143066, 207.325287
484.421509, 271.756470, 242.935776, 207.861847
484.639252, 273.871307, 239.346420, 203.910294
481.213531, 267.055634, 249.719315, 215.644608
473.889648, 269.241486, 247.021057, 215.013275
473.004028, 268.440063, 248.243042, 216.176163
481.921539, 274.435272, 237.597168, 204.400024
475.433167, 277.343140, 247.724777, 212.382416
474.200470, 278.776276, 248.113907, 211.698242
475.568939, 280.691376, 246.328842, 211.015198
476.751678, 281.360352, 246.301773, 211.052322
481.230927, 275.199219, 242.704346, 205.135864
482.400360, 284.595642, 227.653748, 196.252396
481.190643, 277.072327, 244.670532, 207.895950
481.462158, 276.808685, 245.351791, 208.818390
480.776550, 276.444366, 245.604446, 210.405350
477.046478, 277.194580, 246.543716, 213.153519
477.694702, 276.819244, 245.862183, 213.222824
477.318787, 276.733795, 246.293625, 213.553894
476.634735, 276.970978, 246.585678, 213.659500
476.868591, 277.165039, 246.991730, 214.192688
477.241730, 277.052368, 246.442276, 213.787338
477.150543, 277.664734, 247.605133, 214.037643
475.513519, 277.419861, 248.430481, 214.087616
476.059570, 277.138336, 247.932480, 214.942596
473.995544, 277.241302, 249.642380, 214.707947
474.358673, 277.228516, 251.189255, 215.550095
473.586334, 277.188751, 251.522919, 216.287628
475.081665, 277.495239, 251.007797, 217.304092
472.923096, 277.961182, 252.635605, 217.636520
472.332733, 278.071960, 252.919357, 218.028000
471.153595, 278.317780, 253.659241, 218.262177
471.197144, 278.830170, 254.214172, 218.691833
470.973206, 279.161682, 253.781540, 218.885239
473.954712, 282.146576, 249.395462, 214.069214
467.767426, 279.283569, 256.203369, 219.110367
469.020782, 279.319061, 255.049072, 219.335709
472.972015, 282.325134, 249.285141, 213.581589
467.910278, 279.719940, 255.700562, 220.805862
466.641235, 280.769714, 255.979431, 219.908173
467.368896, 280.689331, 256.283508, 221.091736
469.392334, 282.956940, 248.359665, 217.936172
469.389587, 282.007904, 249.622284, 219.779785
464.015015, 276.022827, 256.279175, 229.252853
468.507080, 280.894592, 252.092468, 222.517563
468.863251, 280.789001, 251.190582, 222.388153
468.404419, 281.152283, 250.474075, 221.505264
470.085388, 283.539886, 239.955688, 214.364868
470.686493, 283.179993, 239.926208, 214.151321
469.769653, 283.110229, 248.174179, 219.297379
469.554688, 286.025604, 245.604004, 215.902679
469.698029, 286.068756, 245.005600, 215.407196
469.739624, 286.586578, 248.879471, 212.838120
469.709778, 286.759277, 250.098022, 211.550308
469.028107, 285.924225, 251.515106, 212.523697
468.928131, 286.151855, 252.302048, 212.120239
469.848877, 286.191345, 252.052582, 210.888138
469.728607, 285.479797, 252.192612, 211.101654
472.229950, 284.953888, 249.349533, 210.020401
468.669128, 282.901093, 252.765808, 212.682343
469.178162, 280.391388, 253.227646, 212.848328
468.809082, 279.639893, 252.422745, 212.275543
472.442230, 283.820984, 242.183411, 204.346802
469.033386, 277.645874, 252.032196, 211.117004
471.000397, 279.532593, 243.585693, 207.363144
477.034760, 284.959229, 232.316803, 197.449417
476.100494, 287.137634, 231.647949, 196.629898
476.107574, 279.063446, 243.186417, 206.583160
478.060913, 287.991272, 228.201309, 195.287216
479.671539, 279.794342, 232.670959, 199.870041
477.090057, 286.785736, 225.737564, 194.074249
477.674316, 286.205475, 225.724136, 193.336060
480.784912, 285.966553, 219.701340, 190.440781
470.324127, 277.095398, 233.066833, 201.294052
477.883087, 285.095490, 219.540710, 184.415192
474.855713, 278.283691, 223.333389, 188.393463
475.378113, 278.261902, 220.266357, 183.074356
474.330811, 268.837189, 223.917999, 185.477600
473.634888, 266.069641, 224.351761, 186.764343
477.763092, 265.742615, 221.254730, 183.691071
471.261078, 260.235992, 236.764969, 192.654709
466.183807, 252.278519, 243.096161, 196.551239
473.905762, 259.861481, 227.174454, 188.778320
463.919250, 247.045715, 243.716431, 203.112793
467.291321, 246.525467, 241.699966, 202.715714
471.348907, 247.269333, 235.032898, 202.644318
472.613892, 247.036682, 235.437073, 203.205063
471.531342, 244.288040, 241.869919, 204.084244
478.952484, 244.694214, 237.584473, 202.547440
476.758759, 240.347946, 244.710129, 205.626694
490.950012, 244.134155, 230.416901, 202.110397
497.552246, 247.707474, 222.269928, 195.788544
489.297913, 247.498306, 238.013885, 201.242859
488.967529, 246.741669, 240.282379, 206.992310
498.588837, 252.357788, 229.073227, 197.217041
501.488770, 250.128174, 234.063248, 195.185577
504.974548, 252.482635, 230.393814, 194.299835
505.373505, 253.300201, 230.979767, 195.837402
503.228027, 255.202240, 231.351074, 194.727264
503.600189, 257.600250, 230.512604, 194.475327
501.953857, 257.931915, 232.097641, 193.796417
501.071930, 259.269043, 230.350998, 192.327148
493.019226, 257.592041, 236.323990, 196.488754
491.281250, 255.667007, 235.940720, 195.213211
484.683716, 251.657806, 239.385696, 195.471573
481.621399, 250.099426, 240.977158, 196.669830
479.040955, 248.090607, 238.756638, 195.691864
479.761047, 247.633316, 235.529037, 197.340836
483.354431, 249.857910, 225.913437, 193.084610
476.076996, 246.458557, 234.719177, 197.776947
482.400360, 246.003387, 225.459702, 195.586533
480.741272, 247.970123, 223.490311, 196.942062
479.690857, 246.871307, 225.134277, 195.563095
477.346313, 249.930725, 221.415115, 187.990448
470.685944, 249.684143, 223.048691, 186.405502
460.153381, 248.513336, 233.125839, 189.705505
453.375854, 246.334137, 231.179276, 180.603912
464.495544, 245.426666, 215.872711, 176.287933
453.860046, 244.701874, 221.448883, 173.489410
452.371246, 246.841583, 223.098221, 181.092819
445.789795, 245.894897, 227.160004, 187.592911
442.274933, 245.434143, 231.252121, 193.548126
439.735718, 248.544952, 234.796463, 194.249237
440.513702, 254.093964, 224.321640, 186.773071
439.813568, 251.988861, 228.400162, 190.867294
438.845062, 250.518860, 227.152786, 191.457382
438.526886, 249.962250, 226.285248, 192.134186
435.616821, 247.393066, 229.991638, 196.290543
435.392822, 246.478043, 229.244247, 198.884583
434.482147, 243.118103, 233.785706, 202.830200
434.765900, 244.160706, 233.682632, 203.759048
439.519104, 244.178329, 239.379974, 210.387238
437.037781, 252.197266, 241.372452, 211.609863
433.503784, 253.754990, 241.635010, 203.652771
437.220367, 246.869354, 238.749741, 199.799820
440.720551, 254.077835, 235.744431, 193.968384
437.732941, 261.752075, 237.300247, 192.216766
449.858124, 264.574585, 231.184265, 194.088287
443.699036, 267.965240, 234.129318, 194.660370
444.387695, 266.450256, 242.114990, 208.047699
446.663971, 277.680664, 240.067017, 200.219208
447.357697, 277.828979, 238.289200, 204.837708
442.979828, 279.211334, 245.898666, 201.193237
447.618591, 281.552582, 238.713806, 201.927582
449.074524, 285.723663, 236.707977, 199.103241
448.641235, 286.540710, 238.777466, 202.023087
448.304932, 286.877380, 245.674484, 208.088547
448.019043, 288.060364, 250.160172, 210.877747
449.815704, 288.021027, 250.237259, 212.184708
453.013428, 286.823181, 246.664627, 208.536713
456.573822, 282.604004, 243.848938, 207.340866
454.951416, 275.132111, 246.250397, 206.941956
459.045013, 272.395355, 239.428894, 200.639130
459.841156, 263.507965, 235.270706, 203.708328
459.644470, 259.498230, 238.428253, 202.592987
457.969147, 257.708710, 241.353058, 203.758484
464.683960, 262.290955, 240.568436, 199.622070
459.463837, 257.319550, 243.145432, 204.996445
468.773499, 263.345428, 238.926819, 197.348480
466.766052, 261.704071, 241.679581, 200.062683
467.718811, 263.177429, 239.178848, 199.771576
467.987793, 262.220459, 238.416626, 200.202057
467.926697, 262.438507, 238.668396, 199.827255
467.941803, 263.951782, 237.544708, 198.860596
475.038818, 263.977509, 232.557419, 193.650681
472.525604, 262.915161, 233.825775, 194.555954
470.509399, 264.699951, 236.989151, 195.013718
476.575562, 263.294006, 229.556671, 188.962540
478.320343, 266.091553, 226.500763, 183.935760
476.347137, 265.830719, 229.319763, 185.429749
476.843048, 265.593842, 230.075714, 188.406219
478.428650, 267.969940, 230.555481, 190.101715
476.858856, 269.977417, 230.533752, 194.223984
477.872894, 269.393799, 235.152252, 202.937164
477.389526, 270.470520, 237.402222, 204.503723
481.963562, 275.607788, 232.272202, 200.806580
487.070313, 278.627716, 227.474991, 194.112320
481.294006, 280.283905, 230.502365, 191.429123
485.180389, 282.553772, 225.276505, 192.529526
490.509155, 288.828552, 220.578110, 188.396912
496.507935, 293.043549, 216.465698, 182.220490
501.505035, 292.667175, 217.853134, 186.838608
504.081207, 293.631714, 215.935852, 187.969574
506.786896, 294.063416, 212.939590, 188.302948
502.826935, 284.161804, 216.637451, 196.867661
500.049408, 291.899292, 216.494934, 191.761978
502.254974, 290.523590, 212.350082, 191.326279
497.781799, 289.827209, 213.581955, 187.767365
493.145721, 290.301453, 210.228043, 183.078247
488.649506, 282.608398, 218.732208, 185.923828
480.340088, 277.235809, 223.815735, 191.654358
478.387512, 272.110779, 223.561600, 194.272095
474.533722, 268.472687, 228.003021, 196.517319
466.132660, 266.472229, 233.525833, 198.212738
466.506561, 263.959717, 231.424850, 198.255829
467.896301, 266.075653, 225.335144, 192.211227
459.890259, 262.219330, 232.488022, 194.761398
455.991577, 262.608948, 234.483246, 198.277725
465.497681, 269.595795, 225.997559, 191.012558
466.227295, 274.400024, 223.260834, 186.771896
469.303192, 275.134949, 220.787125, 187.619278
469.517395, 277.331940, 221.095108, 191.267029
470.666199, 280.775665, 220.414139, 191.434509
467.466278, 280.377045, 223.709320, 194.280518
467.652618, 284.545990, 225.777512, 190.393463
466.286469, 285.293304, 225.403595, 191.345795
464.531982, 283.469818, 231.334305, 196.662094
471.396790, 286.310608, 217.743164, 195.329712
464.233673, 284.026489, 225.832474, 197.001389
466.235260, 285.416779, 223.865662, 200.486847
468.962097, 288.280060, 224.655365, 201.744537
469.635315, 296.840637, 220.826508, 198.273117
467.101593, 300.989410, 220.433411, 197.244965
463.607697, 297.430298, 228.678238, 202.872208
467.213409, 300.899536, 225.846497, 203.620667
468.472809, 302.468109, 224.877579, 201.487900
470.352173, 303.166656, 224.465805, 201.146469
472.527954, 306.011536, 226.681839, 201.162109
471.602234, 306.923157, 224.650665, 198.147720
472.373688, 307.624207, 224.450272, 199.826828
472.772339, 308.068573, 224.241623, 198.959503
473.776917, 301.713165, 227.553665, 202.414444
470.568634, 299.650909, 226.679733, 202.436966
473.063660, 303.183380, 225.160477, 202.534256
471.968445, 301.628540, 224.146362, 200.758041
471.697205, 302.103851, 222.723572, 200.651978
462.799225, 300.552765, 228.474442, 203.827698
461.096375, 299.501465, 228.121506, 204.588318
462.924896, 299.259766, 225.729965, 203.410675
457.631775, 305.447937, 225.897537, 200.231674
452.149017, 298.889832, 233.473755, 207.610489
458.873413, 299.171997, 227.039932, 199.595108
458.502808, 309.894257, 224.171371, 192.899719
459.880951, 300.234131, 222.068024, 194.118484
454.865021, 297.804657, 225.927139, 194.368973
452.053680, 297.854218, 227.898407, 195.508957
444.456635, 296.041321, 234.489182, 198.476929
439.445221, 290.145386, 237.564651, 201.137741
438.962860, 289.722900, 238.688187, 199.931396
445.074097, 294.597351, 228.459290, 192.400970
440.791138, 290.641052, 229.369568, 197.813126
439.419556, 286.422516, 233.610992, 199.853027
431.875549, 280.821625, 244.218994, 200.806198
434.020630, 280.704681, 241.793777, 199.581436
437.863251, 279.939941, 238.045242, 202.906128
438.139923, 282.474274, 236.009521, 196.417496
444.297089, 287.586975, 233.095276, 195.206345
440.647522, 285.653259, 234.626785, 194.701416
442.405334, 286.027679, 236.119064, 198.512787
446.086639, 290.777161, 228.399277, 187.469833
442.054413, 285.521057, 237.029251, 198.401840
441.782166, 285.893677, 234.079102, 198.168823
442.607758, 288.270782, 231.378952, 197.823334
440.091827, 285.086090, 233.065445, 202.321045
438.748993, 284.359558, 234.938568, 200.793594
436.930115, 288.342987, 225.787872, 193.708145
435.838226, 288.248688, 227.230179, 194.339554
432.817810, 285.459930, 230.988663, 196.316483
429.050537, 280.375031, 235.565491, 203.116928
427.428070, 281.166382, 238.003586, 200.484650
429.221527, 282.597748, 228.232681, 196.275467
435.189941, 282.766541, 227.081970, 189.663330
416.449005, 273.528687, 239.981171, 199.171600
427.655884, 279.420258, 227.727402, 193.672745
424.902527, 275.947388, 230.631149, 197.681503
418.286377, 273.364899, 236.049088, 201.608063
413.807709, 264.499786, 243.691513, 209.720322
415.545715, 265.404968, 239.237762, 205.042862
410.748993, 265.443909, 244.149094, 202.559830
414.072876, 266.014343, 240.625015, 205.733887
413.541351, 266.377075, 241.086029, 205.412216
414.031952, 266.947388, 239.467163, 202.894257
419.313141, 267.594574, 236.775375, 201.185425
418.869324, 267.515167, 236.251099, 201.863266
420.709106, 269.724854, 227.707077, 196.892242
419.912323, 270.043427, 228.378571, 196.942490
419.707153, 270.375305, 228.184174, 196.018570
417.212860, 270.266541, 234.602936, 199.273529
415.470459, 270.492401, 235.374420, 199.209717
413.624176, 270.674500, 235.338196, 197.156784
415.721619, 268.968506, 234.416977, 196.863388
414.138245, 270.992523, 235.369125, 192.323532
412.279419, 271.317780, 237.498154, 192.753220
416.121979, 271.614838, 235.577072, 190.358887
417.597137, 270.695099, 231.614151, 188.452988
419.158325, 270.170715, 232.188965, 187.921585
420.195618, 271.092346, 232.035858, 188.107407
420.477173, 267.758850, 229.464996, 191.777496
419.174805, 277.461731, 231.263199, 191.861374
414.663574, 275.044220, 241.102188, 205.110931
410.376038, 276.051758, 248.056473, 210.955399
416.636200, 285.743225, 242.269608, 207.807571
426.072327, 286.938110, 233.218842, 211.167862
421.605530, 291.314270, 236.980072, 207.471268
420.702789, 284.785095, 240.084229, 208.781189
421.142365, 283.425781, 240.477951, 207.250504
422.074432, 275.434143, 238.810257, 207.414566
427.382660, 281.429871, 241.410324, 204.394424
432.140106, 278.245239, 234.039154, 201.236496
436.014526, 282.881714, 230.623032, 199.734665
422.249268, 274.368835, 254.609543, 210.988663
432.346802, 282.187988, 240.645462, 208.433777
439.264160, 287.916260, 232.471207, 198.338486
437.445557, 289.754913, 233.255219, 196.367615
436.357605, 291.741699, 236.614044, 196.457718
437.756348, 297.015198, 234.827713, 196.644608
440.381409, 298.264954, 234.377655, 199.777100
433.593445, 292.809052, 244.870773, 206.517319
432.676575, 294.586670, 247.071091, 206.690125
433.288239, 292.274353, 248.604034, 207.382629
436.778412, 291.807983, 232.893661, 204.005142
436.742798, 288.180481, 237.009979, 203.408783
439.355682, 285.585419, 239.794296, 202.683914
435.187775, 278.131439, 241.073517, 209.505219
435.381226, 277.234070, 244.926025, 210.498123
435.689117, 274.104370, 247.130600, 216.041733
437.049347, 273.435150, 246.723572, 217.169266
441.224060, 278.390747, 235.683807, 206.636154
438.758057, 279.533569, 239.456085, 207.367157
438.475250, 283.303711, 239.695816, 207.430832
433.943207, 281.562836, 242.091736, 213.388138
436.164459, 283.669250, 243.317215, 211.134674
436.095947, 285.548645, 238.947708, 209.748657
435.435913, 286.570251, 237.444366, 205.505051
436.438477, 289.011749, 236.499374, 203.503799
437.829712, 290.039307, 236.341324, 203.251343
439.557220, 297.478638, 239.530899, 194.438675
443.078979, 296.881531, 237.332733, 198.970352
444.561005, 304.626495, 233.043869, 196.822006
