750.704163, 189.150650, 115.288956, 112.583443
754.887817, 193.815765, 116.923790, 109.773254
757.925903, 187.790283, 113.613739, 110.416183
756.567444, 186.414871, 117.607536, 113.067757
766.185181, 182.555450, 114.828003, 118.699440
764.067688, 184.912048, 114.813255, 112.231079
773.962830, 188.073257, 110.795326, 110.167213
781.172241, 187.959641, 111.713646, 109.209808
784.318054, 183.888733, 117.480576, 116.620010
789.593262, 185.209091, 115.546028, 114.432549
792.497803, 183.880524, 113.189140, 113.285675
797.121643, 184.152359, 112.345917, 109.573425
804.444885, 180.477081, 113.678886, 114.870399
804.476257, 182.622345, 116.045792, 116.288101
808.340454, 182.605286, 112.644447, 113.814590
811.765625, 179.957565, 114.006897, 116.042641
813.654480, 178.845444, 111.389923, 114.722450
814.403198, 178.431366, 115.072342, 116.235069
819.594116, 183.443573, 114.432571, 115.381584
823.694092, 189.134964, 107.293922, 102.888245
822.729980, 176.855042, 117.032539, 121.567139
828.975342, 183.943878, 110.145607, 112.278198
951.524048, 414.754883, 14.089723, 15.193006
828.724670, 168.633347, 111.994850, 120.209236
828.869934, 166.248993, 113.555397, 120.198502
830.910156, 165.800140, 112.465065, 120.353294
829.862366, 157.965836, 115.625854, 126.257515
829.430481, 155.761887, 117.847527, 128.311340
829.758667, 154.717621, 112.869377, 128.586334
830.604553, 152.049789, 114.317398, 130.121017
830.063293, 157.275894, 110.317360, 128.000336
830.189392, 153.343536, 115.981400, 132.290634
829.359924, 149.255844, 117.636833, 133.967957
831.096069, 149.922379, 114.019943, 129.132492
832.867737, 146.140900, 112.297401, 126.489090
837.005066, 146.038147, 109.625107, 124.034111
838.226257, 146.831161, 110.442116, 124.161285
835.999512, 147.495514, 108.306061, 122.985695
832.900452, 146.423386, 111.802170, 128.662384
832.373962, 147.464844, 109.893265, 124.616837
834.313721, 150.895264, 108.783089, 121.586159
824.654907, 148.222549, 115.006371, 130.595993
825.066528, 152.374176, 107.728668, 124.495277
820.578125, 151.759689, 112.958977, 124.275673
820.376343, 154.779816, 112.578789, 121.584030
811.368958, 163.920334, 117.742500, 121.387619
809.404846, 168.687637, 116.601318, 115.450020
810.876221, 170.141891, 112.899117, 116.026291
872.751282, 287.854065, 42.240944, 35.215366
807.067444, 177.357269, 112.159927, 108.625587
805.374146, 175.775040, 114.285957, 108.670334
804.040833, 172.473618, 116.715492, 110.152901
805.753601, 176.207336, 113.273506, 106.937546
805.916443, 175.506271, 112.940704, 104.488983
929.869995, 292.375427, 12.992589, 12.503289
861.425598, 276.794128, 45.027977, 38.711948
814.837952, 430.363403, 19.154509, 17.190081
796.055359, 168.998734, 118.380058, 108.979736
801.407593, 168.104858, 120.058617, 112.440620
814.241455, 429.901794, 19.129179, 16.341722
814.094604, 430.080231, 15.712269, 13.004592
798.376648, 169.705231, 120.093712, 112.878693
815.163818, 429.911041, 19.323870, 17.251083
814.916016, 429.031891, 18.705963, 17.629007
800.705811, 169.598190, 117.214188, 108.459290
798.400146, 168.623047, 116.669495, 110.049461
800.089844, 167.160141, 117.918411, 109.420189
801.562622, 168.418381, 116.365044, 108.860703
800.341187, 169.144226, 116.455528, 109.827614
801.980347, 166.737366, 115.905479, 110.935349
800.890564, 164.176361, 115.796539, 109.392021
805.698242, 158.192383, 112.543884, 115.211174
800.678101, 156.536316, 114.900711, 113.600166
800.400696, 151.783325, 117.116402, 116.877525
799.205933, 148.888916, 119.356346, 116.574547
803.477966, 146.077179, 115.743362, 121.738174
803.334778, 136.820877, 115.666367, 121.555496
808.419800, 139.577911, 111.489471, 115.607971
856.640869, 279.015961, 44.108078, 38.543980
808.991638, 132.793793, 114.083580, 122.285202
806.942810, 129.133240, 111.843063, 120.142166
808.105713, 128.910767, 111.022530, 117.850029
801.224243, 119.579865, 112.106560, 124.673019
798.208862, 119.266113, 110.874969, 126.317352
799.151123, 120.810234, 106.733925, 118.780823
801.045349, 121.071617, 103.839714, 123.671585
808.289856, 436.086273, 18.919682, 17.129549
802.945251, 117.005463, 106.817787, 115.543854
807.105103, 113.145935, 106.939201, 112.056381
807.791931, 112.364464, 114.291313, 120.394310
853.439270, 526.734863, 39.489002, 37.946831
814.473816, 112.725998, 116.454453, 122.609390
808.797058, 433.103119, 15.880433, 14.062430
823.045105, 109.578278, 116.760101, 120.302162
824.301331, 108.313126, 116.158073, 120.802956
827.992371, 110.469734, 118.185371, 123.170624
829.934631, 110.849792, 118.747894, 119.097458
830.934631, 107.783905, 121.302811, 127.181732
838.906250, 115.101852, 117.564941, 113.823975
836.645691, 110.942627, 115.583008, 123.063934
839.521057, 117.148163, 116.168846, 113.133118
835.830200, 112.628616, 115.401802, 122.634315
815.867615, 427.704102, 18.029840, 15.585216
831.568665, 112.585007, 117.734245, 120.323982
827.825928, 110.745880, 121.802895, 126.271446
828.771118, 111.931419, 116.328003, 121.416161
824.643005, 114.359673, 120.692406, 123.471115
774.613037, 247.603699, 21.953827, 17.685482
823.382080, 119.971085, 117.557953, 122.234261
821.075806, 117.455635, 117.324951, 123.756996
820.605896, 118.424866, 116.015045, 127.030586
814.472351, 121.024323, 121.337776, 127.203613
813.062012, 115.069260, 121.636497, 129.587982
814.042908, 126.646576, 116.983208, 119.717987
808.159485, 129.112106, 116.487091, 118.075005
806.815002, 134.936707, 120.659264, 117.478119
808.366699, 140.787964, 115.571167, 117.464554
817.241577, 536.562805, 31.092997, 23.174610
811.023621, 433.002411, 17.208801, 15.406366
806.987610, 150.007446, 114.217911, 116.355148
803.803345, 153.787842, 117.327156, 114.416565
801.036560, 157.474121, 116.802437, 110.921082
805.590088, 434.066833, 19.719299, 17.371862
804.590149, 156.504471, 116.408081, 113.347328
803.780701, 161.257584, 117.699966, 110.086479
801.157898, 161.062119, 116.958130, 109.089272
803.495850, 157.970306, 115.638458, 113.524666
801.137756, 161.373611, 117.902977, 110.339508
846.410217, 275.685272, 48.307594, 41.689964
800.011780, 161.029648, 117.516113, 108.783630
799.706238, 161.239868, 118.081284, 110.746101
800.526611, 160.819061, 116.723366, 109.870262
804.010376, 159.137207, 115.180649, 113.595428
803.013000, 166.700043, 117.272720, 108.214157
804.047058, 165.413071, 116.430382, 107.949371
803.280212, 165.431961, 117.395142, 108.023552
804.943237, 161.718994, 116.874329, 111.567314
795.579041, 158.850143, 116.457291, 109.475250
803.823608, 159.646576, 115.415222, 113.744278
802.041931, 158.506241, 116.283829, 115.014641
804.008301, 158.012268, 114.438812, 115.323265
804.690552, 155.640488, 113.831360, 114.815201
801.460449, 152.378525, 117.025795, 117.519096
814.606934, 427.043213, 20.209932, 17.121294
802.385742, 147.940262, 113.374947, 116.629059
850.050537, 277.044983, 33.741478, 30.335510
804.742615, 135.183395, 113.202995, 120.126564
800.544556, 131.735458, 112.872910, 118.771606
817.820190, 428.680725, 15.159071, 12.984084
818.002563, 429.352753, 16.841158, 13.667643
803.250977, 120.540924, 109.391037, 116.917503
816.077271, 428.958008, 17.554014, 16.547987
815.483398, 429.622620, 17.834772, 16.019270
803.236145, 117.365982, 106.228798, 113.808823
799.585449, 112.493324, 115.766357, 132.511459
801.749512, 116.822784, 105.177032, 120.174126
812.038940, 428.260895, 16.399229, 13.633131
811.721985, 429.394867, 17.436571, 15.589213
802.734009, 116.758347, 109.626747, 121.894211
800.692139, 115.483688, 107.831375, 121.974571
803.979492, 114.456299, 109.648163, 121.156303
808.550598, 429.776550, 16.574011, 13.131970
800.894958, 109.829826, 110.671516, 124.341141
802.262573, 112.258743, 110.683929, 120.285629
806.347168, 109.950287, 107.664406, 116.843040
807.827454, 107.960098, 109.583519, 117.773308
806.293579, 108.354469, 109.468658, 120.039406
806.731689, 109.991852, 111.616493, 124.277351
807.020874, 112.639046, 111.429550, 121.026619
805.876404, 108.800888, 112.957527, 123.583908
809.405945, 113.743088, 109.036751, 116.203049
809.889832, 113.801994, 107.164383, 114.434143
807.930176, 110.513977, 111.503899, 121.360596
810.116943, 109.689301, 110.774284, 120.266083
810.557312, 110.409500, 108.390617, 120.986229
814.699402, 108.454689, 102.350304, 113.658051
812.655945, 111.738525, 106.169632, 114.221054
808.552124, 112.358047, 111.010750, 122.728127
808.420898, 115.960098, 108.809044, 121.203728
809.047119, 118.486900, 106.648109, 121.602470
810.974365, 120.300537, 104.056709, 116.995514
808.608459, 130.079651, 107.391396, 116.473167
810.730652, 137.163330, 106.776833, 113.804489
807.025696, 147.951416, 117.302078, 124.250648
608.621094, 403.091705, 77.069160, 71.580444
807.684937, 157.363632, 118.246109, 123.856171
808.131042, 167.827301, 113.481110, 112.189835
809.047119, 164.210938, 116.670692, 118.054298
811.385742, 166.637039, 113.753296, 112.400795
811.589478, 168.973846, 112.037880, 112.106049
808.032593, 166.451721, 114.674767, 114.810822
807.638367, 165.242172, 116.853096, 115.831764
812.005859, 167.742569, 113.599686, 110.849007
815.721680, 167.235413, 111.627075, 108.892151
817.104065, 167.203491, 111.101791, 107.977997
816.050354, 165.548981, 113.046112, 111.601624
818.597839, 167.175446, 111.926170, 107.498550
811.468689, 165.207184, 116.952522, 111.900536
820.502991, 166.068161, 112.506523, 108.060631
819.385803, 165.225677, 112.853249, 109.323448
817.720459, 170.644058, 115.985748, 110.294098
819.496704, 169.024734, 114.869331, 109.544189
818.908264, 169.284348, 116.099976, 110.162186
808.916626, 239.304779, 20.800303, 17.354027
817.484375, 169.537476, 117.444160, 110.343185
817.382568, 168.154648, 115.943474, 111.391197
816.953979, 168.113327, 115.886955, 111.636551
817.223267, 167.217209, 116.068161, 112.628075
818.348999, 162.691910, 114.089378, 112.881622
868.781799, 280.938995, 33.989471, 30.301636
815.916931, 156.326675, 116.162415, 112.313240
815.609436, 148.477036, 116.154984, 113.395393
818.870789, 145.011444, 114.208076, 115.422371
819.400635, 133.165802, 117.061714, 121.336548
819.670654, 128.482803, 120.644768, 123.701164
822.933594, 125.752197, 113.812775, 121.165894
825.713135, 119.796219, 110.327255, 119.842293
825.099670, 114.339401, 111.659088, 124.151184
827.575012, 111.416412, 113.187874, 124.540558
827.220459, 112.632126, 113.885803, 123.661827
826.617920, 112.093628, 113.571716, 125.959938
823.867615, 110.835602, 115.492722, 125.899910
822.273071, 112.805252, 110.882088, 123.699272
821.050293, 113.857491, 112.912033, 119.596527
817.850098, 111.014290, 115.267029, 126.548180
818.326538, 111.149773, 110.701698, 118.892860
815.724548, 111.155716, 110.721298, 119.741264
921.675293, 392.144989, 15.739992, 15.671530
811.172119, 114.357803, 110.126511, 121.602348
809.156494, 114.742569, 110.834831, 125.686554
805.999023, 116.332436, 109.774811, 125.776390
803.764221, 115.430756, 112.017593, 126.354431
803.681641, 115.620834, 108.338760, 124.692947
798.793030, 117.186127, 111.490669, 123.675133
800.016418, 119.555511, 111.955345, 121.294586
798.063843, 121.062363, 107.642731, 118.569733
798.961243, 120.467621, 111.533699, 127.559822
797.757385, 121.368027, 107.425232, 116.175987
794.347534, 119.906174, 110.981133, 125.553825
794.190430, 119.712074, 110.015808, 124.830582
791.391846, 117.820122, 111.777664, 127.976517
793.335327, 120.668961, 106.788994, 120.802109
790.566528, 117.648651, 110.098473, 127.388206
788.346924, 118.451393, 111.786987, 128.293930
787.757690, 118.787567, 109.915192, 128.874329
783.514404, 107.843918, 117.142929, 124.305931
784.542175, 118.075821, 113.148308, 128.147034
781.886963, 118.747917, 112.320908, 126.022133
777.072693, 117.908623, 111.436165, 126.110268
768.111267, 115.929993, 124.194817, 132.797272
764.214355, 119.099945, 116.482239, 134.236160
760.188110, 120.967361, 117.536720, 136.284042
761.572510, 121.843491, 114.310463, 132.899185
759.995056, 126.277298, 116.866768, 131.807571
755.276978, 120.134430, 123.491531, 136.881180
755.209167, 124.795692, 116.123352, 128.632584
753.654907, 123.477844, 115.351082, 127.192421
751.774353, 123.270538, 113.558861, 127.230698
748.682190, 126.530121, 114.380402, 128.285934
748.168884, 127.931213, 113.631950, 128.919357
747.010254, 128.132874, 114.084023, 125.127579
745.912842, 128.054489, 113.882149, 126.145561
742.765198, 128.377319, 114.227356, 126.065567
742.585815, 132.563980, 111.463577, 124.968033
656.398010, 454.343628, 42.490261, 40.029251
735.693848, 124.521523, 116.047623, 129.381531
729.249878, 124.026672, 116.467308, 126.312584
726.546509, 120.435699, 119.913010, 133.717331
726.853149, 124.514954, 111.299194, 124.110733
722.684143, 126.896576, 115.696861, 126.426643
715.469543, 120.534912, 119.462326, 128.629730
713.946106, 123.366890, 117.627823, 126.996925
709.337341, 119.853119, 118.863571, 129.811447
707.201538, 126.220306, 119.566856, 127.259682
706.570679, 132.658951, 119.011009, 121.182564
873.179871, 386.128296, 25.494862, 21.426519
611.187622, 445.438171, 33.833469, 36.162525
702.065430, 154.636322, 116.851021, 111.953873
700.426880, 160.597382, 116.941750, 113.971375
693.473328, 162.554565, 122.937325, 113.162231
703.197388, 168.015350, 116.284081, 111.188042
698.116028, 169.502136, 119.369644, 110.408653
696.588013, 169.895493, 120.954887, 116.107040
699.984314, 172.364990, 111.957550, 105.605309
698.029663, 168.838715, 121.251274, 113.153343
700.962341, 171.979935, 114.836945, 104.959557
703.600952, 172.183807, 118.634987, 110.389091
708.209290, 173.353668, 114.123589, 105.099602
710.563843, 174.316574, 112.972267, 104.913162
709.597168, 175.522858, 117.186020, 109.516190
719.207825, 177.247940, 110.923859, 104.691933
717.816895, 177.570389, 114.844002, 107.538239
715.598450, 172.847183, 117.203163, 111.472191
718.175171, 170.835724, 118.818336, 113.601288
718.502258, 171.131195, 120.196922, 113.939278
716.365601, 165.697601, 122.137459, 115.789040
724.608337, 167.976013, 119.040810, 115.433556
723.457031, 165.605225, 122.008041, 117.252197
732.753052, 159.249451, 117.684151, 118.196053
793.973877, 284.058197, 41.001980, 36.369404
731.314819, 142.579300, 119.393333, 124.912697
742.249023, 146.185471, 111.468300, 114.762772
741.854370, 139.351761, 115.374077, 124.013496
745.878784, 132.734344, 114.276001, 124.945702
749.905212, 129.509796, 113.007423, 122.287338
752.596863, 127.913078, 111.940727, 122.061172
754.941956, 123.757668, 110.707367, 121.743851
754.987915, 120.434357, 112.877571, 123.633698
692.321960, 401.531738, 17.223482, 20.927723
682.763000, 402.377686, 26.600374, 32.410526
764.541016, 115.462662, 109.400047, 116.783119
674.557739, 411.871735, 44.196224, 47.554802
769.919312, 117.032784, 105.805649, 119.751038
768.415833, 115.582855, 106.773361, 119.601669
832.427979, 253.858490, 102.237900, 88.180077
765.452759, 118.978607, 110.465927, 125.358803
881.777832, 387.570068, 15.214454, 15.631435
830.888733, 254.048248, 105.409210, 90.007256
766.819458, 123.429871, 109.503189, 116.200989
765.015625, 125.399216, 108.895676, 116.406479
761.457031, 120.699905, 114.321236, 127.875862
760.007996, 123.220558, 114.671242, 127.483040
759.669189, 124.241043, 111.438438, 123.462112
760.164063, 126.049065, 111.626511, 122.610542
758.404419, 127.252480, 113.050148, 126.179703
754.798645, 129.333542, 111.591545, 125.037567
750.833008, 134.700043, 115.646141, 120.735542
742.883972, 132.236877, 121.530075, 125.346764
752.344666, 136.319946, 118.233383, 127.511848
753.199158, 149.235596, 112.890358, 118.391296
740.756836, 147.151367, 121.969986, 127.577026
749.438721, 158.229935, 116.010826, 114.664299
746.134094, 158.832916, 120.286453, 117.876617
739.314636, 160.105453, 121.616837, 113.799690
916.510742, 394.890564, 23.250063, 19.639494
739.513367, 167.910629, 119.137840, 110.002533
740.253296, 169.627777, 118.566437, 109.093872
738.738464, 169.822845, 116.716057, 106.850128
738.767395, 164.443268, 121.978874, 117.111015
747.758667, 173.894775, 111.043320, 107.095291
743.386719, 173.141235, 112.999741, 106.372917
742.395447, 174.112808, 112.660637, 106.533043
741.160095, 173.818146, 113.153664, 106.747444
738.988342, 173.135910, 114.381348, 104.179665
739.231506, 173.162994, 113.315025, 104.799324
729.365112, 169.464401, 121.084808, 108.283127
736.624817, 173.029404, 113.838295, 103.731529
735.192932, 171.267700, 115.176933, 104.833847
734.401489, 172.016876, 115.043297, 103.195038
735.088623, 171.283539, 113.548340, 103.655098
734.773865, 171.144028, 113.601196, 103.696541
733.015930, 170.493073, 114.647423, 104.630836
725.399353, 164.071625, 118.390205, 106.811279
724.466003, 161.702606, 119.561935, 108.151192
727.362610, 160.771790, 120.082748, 115.563988
730.952087, 161.659805, 114.440193, 111.508545
724.366638, 150.602158, 120.562485, 114.072662
725.623291, 143.976974, 123.997475, 120.431068
725.898376, 136.387756, 125.097191, 121.944672
727.486938, 136.020752, 122.070480, 124.701950
728.800354, 131.133148, 127.611412, 128.355682
726.028198, 131.493835, 121.887260, 125.669189
724.695496, 129.893250, 123.341827, 127.957031
724.746094, 130.782532, 121.701012, 127.347878
717.195740, 127.463226, 125.021584, 122.554253
719.265259, 129.836670, 120.812241, 122.266441
715.654968, 126.462921, 122.869659, 121.339035
720.793579, 128.477219, 115.137619, 116.445763
712.997986, 128.333679, 123.465576, 119.891472
713.296387, 126.220825, 122.771873, 121.916527
713.783447, 127.565033, 122.191452, 123.492607
715.900696, 124.803665, 123.264900, 131.471512
716.262756, 125.970306, 119.040306, 123.354179
714.043457, 123.600815, 123.792015, 130.215179
715.729858, 124.602188, 119.984711, 123.754105
717.106445, 126.759399, 120.121689, 124.492943
848.078064, 460.954010, 17.702457, 14.792020
716.824829, 123.251129, 125.106705, 128.264496
717.875305, 122.425766, 126.269051, 132.698853
716.862610, 122.084335, 127.824814, 132.155380
721.910706, 123.803421, 120.152878, 123.727501
719.030579, 122.923248, 117.785088, 125.865730
715.956055, 122.613815, 121.546837, 127.849304
720.513733, 123.768387, 115.263504, 123.461143
720.466431, 124.313690, 118.890541, 124.877441
719.393005, 125.168350, 117.877838, 125.313194
718.488464, 124.939034, 122.979225, 130.708771
720.581665, 129.363861, 113.927322, 124.022064
719.340637, 123.943329, 114.899261, 124.903481
717.069214, 124.606216, 118.197845, 127.212708
716.847168, 124.010284, 114.926163, 122.821335
719.604919, 124.144348, 112.196907, 119.775917
720.850647, 122.758194, 110.953346, 118.027138
722.601318, 123.495682, 109.884315, 122.283295
725.792053, 121.322105, 109.824966, 122.743881
727.583069, 118.252274, 107.088585, 121.534248
724.734314, 116.139297, 114.402893, 127.310814
726.511536, 117.892357, 111.135941, 125.440971
723.346619, 118.673409, 121.379868, 132.760712
729.786926, 123.027687, 106.395203, 123.640541
726.760925, 123.048981, 112.640160, 126.095886
728.761963, 125.513458, 111.794426, 125.655952
727.243835, 128.227570, 110.397820, 124.701096
726.508118, 129.142517, 110.015244, 124.398201
724.866516, 127.133514, 113.809181, 125.157310
720.424500, 127.923126, 118.261795, 130.797363
726.400208, 129.137512, 119.274124, 128.889023
725.819641, 129.636322, 117.816910, 128.181686
721.536194, 130.159363, 117.001289, 128.452484
721.334595, 134.234344, 113.158958, 125.963203
719.459900, 130.160828, 118.190414, 129.229324
724.364441, 135.837326, 112.776505, 121.453163
723.380676, 134.971069, 112.112419, 125.313950
724.205994, 133.959152, 113.080139, 125.220375
723.630981, 135.649429, 111.240089, 122.371643
720.099243, 133.847870, 115.364563, 122.941994
724.279236, 131.732544, 116.802757, 128.984009
719.423767, 133.010406, 116.465729, 126.531265
719.832947, 133.655502, 116.621796, 124.767212
725.510742, 133.886642, 113.682671, 126.579369
725.714478, 136.082977, 111.534523, 119.635391
725.254211, 135.824448, 112.874985, 123.847488
724.857971, 142.205673, 110.799423, 118.821358
730.779907, 141.045227, 119.367058, 126.395088
720.567322, 148.752747, 121.248184, 119.385437
726.464661, 156.290848, 118.326439, 122.007095
716.557007, 159.439117, 129.216751, 130.787292
727.325134, 180.514984, 115.985306, 112.181984
723.711792, 189.119385, 112.475334, 106.139496
724.929138, 195.283875, 111.664192, 109.950325
726.147827, 201.010162, 107.156761, 105.246712
721.050354, 199.775604, 106.634560, 102.245667
714.282898, 203.139160, 110.211952, 106.032181
716.525024, 208.299530, 107.235458, 100.326950
715.735962, 210.975021, 104.889023, 100.932045
717.472168, 211.427444, 107.734596, 97.764694
710.972961, 214.335022, 105.298630, 99.737961
710.955261, 217.737625, 109.072220, 99.767281
703.365662, 213.526154, 114.876266, 108.651085
709.346069, 219.601044, 104.398140, 94.628654
703.386292, 214.069672, 110.999596, 103.121857
702.057190, 215.554947, 113.444374, 99.033783
699.839294, 214.139221, 114.547180, 103.366745
712.142273, 216.473480, 111.442657, 96.517914
710.143372, 212.146820, 114.602692, 99.351074
699.150757, 210.943726, 120.147392, 104.269516
702.970276, 207.140945, 117.742683, 100.355797
705.747559, 203.827637, 111.432640, 102.045128
710.921143, 199.473984, 115.590378, 106.381104
714.233765, 194.960037, 115.244667, 106.982697
705.888794, 170.066681, 120.330429, 111.842331
713.357849, 171.440292, 124.226883, 115.378220
717.995667, 160.662796, 120.001534, 115.199356
723.035400, 157.488495, 113.275711, 109.544777
849.254395, 268.107635, 26.137213, 25.080214
733.182495, 148.627869, 124.598625, 123.257729
743.084534, 138.792969, 118.544632, 123.751617
746.409180, 137.664032, 120.819740, 123.717583
755.572144, 130.577744, 115.721436, 125.204292
761.221619, 122.176254, 113.328255, 130.986664
803.016113, 286.689911, 52.789318, 48.035667
768.148010, 118.743126, 119.907463, 128.215271
772.362732, 115.084335, 122.804634, 131.612167
778.735413, 114.052032, 124.300476, 129.905182
783.604004, 111.408173, 123.620949, 128.066498
792.018616, 112.231674, 121.936661, 127.890411
798.463928, 111.142868, 121.714813, 127.251526
802.252319, 109.570236, 122.920822, 128.147675
807.947083, 107.497604, 122.577873, 126.946091
811.824463, 107.348732, 118.687408, 122.879570
816.527344, 106.266953, 120.503761, 127.990349
819.734253, 107.385849, 118.527939, 126.124474
824.598328, 111.759628, 115.950592, 118.419235
825.099060, 108.708801, 118.759613, 127.476227
825.167236, 109.654114, 122.530685, 128.705368
823.683228, 108.885368, 123.677155, 126.725220
826.925049, 112.746002, 119.321190, 125.024391
827.946167, 109.324158, 119.879112, 130.048752
827.347961, 108.637764, 119.752029, 131.067245
824.529419, 112.634636, 122.760529, 128.602386
821.606873, 116.485291, 122.388100, 123.172821
821.548584, 113.473000, 120.332825, 125.439415
821.297180, 113.927940, 120.738083, 126.975235
819.974792, 114.334732, 123.165787, 128.417160
818.612854, 117.049026, 121.348618, 128.234863
817.981079, 115.692818, 117.820625, 127.282242
816.091858, 114.399704, 123.108772, 132.473221
814.064392, 123.905945, 119.819824, 122.467850
877.759949, 437.520752, 20.071632, 15.798316
982.921204, 386.648804, 39.072906, 28.634727
810.349548, 117.689690, 119.300842, 121.536140
809.955139, 111.018135, 119.395981, 127.616966
812.482422, 108.623138, 116.933998, 125.473579
813.684692, 106.104675, 114.675903, 124.461334
803.249207, 106.750778, 119.329132, 124.706367
805.671448, 106.642853, 116.608879, 125.067810
810.383362, 107.439651, 112.503937, 119.712204
809.283813, 108.081902, 109.495880, 122.106186
807.377136, 114.373665, 103.769081, 113.848915
806.391235, 114.923370, 103.236366, 116.886925
801.005676, 119.714157, 107.233315, 118.577263
801.770142, 124.166649, 107.148888, 122.647133
796.082336, 123.488159, 108.074951, 123.058907
790.123291, 130.659149, 114.079735, 126.928619
806.752197, 259.503235, 24.416819, 19.503778
789.660767, 148.675980, 116.405563, 120.336235
790.807129, 155.080933, 116.063438, 119.114853
790.773010, 158.718018, 114.162651, 113.723267
839.718201, 287.038635, 29.087435, 27.402203
838.533936, 286.163513, 32.365227, 29.395777
791.181763, 168.245285, 115.630768, 108.818001
789.559631, 171.115555, 112.513710, 109.030891
788.573914, 170.012512, 113.221588, 108.104309
784.229675, 167.399811, 119.752159, 112.381363
788.117737, 171.886887, 118.843414, 106.976700
789.110596, 172.252365, 118.585213, 106.507172
788.526794, 173.448029, 118.884300, 106.228912
789.772705, 172.131683, 118.947876, 106.803978
790.113892, 173.109344, 118.005295, 105.542160
789.882568, 174.873932, 118.873970, 107.539131
790.886108, 172.738708, 118.046440, 110.874535
790.057983, 172.317291, 118.327133, 110.637177
790.979065, 173.855911, 118.876930, 108.687134
791.427063, 172.361145, 119.394592, 109.286453
789.672363, 172.478638, 117.414108, 108.653442
791.171570, 172.691528, 118.320328, 108.693047
788.364502, 172.504242, 118.533798, 108.581909
788.435181, 171.890793, 118.054634, 110.117302
790.044006, 172.026169, 118.515648, 110.239548
791.569824, 172.121841, 116.038864, 108.670792
790.743286, 171.636353, 116.412682, 107.893051
789.128906, 169.259674, 116.674034, 110.698097
787.916565, 167.620422, 114.539871, 110.340164
785.729797, 166.568481, 116.938469, 111.607040
788.153198, 164.884003, 113.283142, 113.450317
784.812012, 163.067902, 117.859245, 116.910248
788.385620, 163.360977, 114.817795, 116.380280
787.837402, 162.802170, 116.800804, 116.658798
791.185486, 163.663193, 113.892288, 113.651497
791.286194, 157.577789, 113.424088, 112.760399
800.538025, 256.412964, 27.962955, 22.165262
792.394714, 144.663239, 114.537979, 120.257301
838.441101, 281.613098, 39.377483, 32.938416
795.602539, 132.152283, 119.649895, 129.252869
780.309387, 238.336594, 24.493057, 19.389280
808.774170, 255.839951, 28.149391, 22.905519
801.244141, 126.280411, 114.330757, 121.487625
803.190002, 121.607910, 114.069588, 122.569000
801.056274, 115.742355, 119.377075, 127.597855
804.402039, 118.254120, 114.497849, 122.809616
804.194885, 119.356819, 117.545349, 125.707275
805.537292, 119.983368, 114.798828, 123.423424
806.419556, 122.653992, 114.710243, 122.067337
804.935242, 122.216629, 114.277260, 123.090363
802.151245, 114.266930, 117.702049, 126.812515
906.830383, 398.965240, 14.166024, 15.090252
803.650757, 120.098984, 114.026115, 120.650955
804.640320, 119.239952, 111.699219, 120.359039
802.498962, 118.899246, 114.424820, 124.374763
792.542725, 115.772522, 118.355110, 129.430008
797.607544, 121.242294, 110.529312, 126.191803
791.586365, 127.392944, 112.723961, 128.188293
786.327942, 130.756592, 114.857552, 130.934891
781.272705, 132.804230, 114.707848, 127.690514
778.066101, 135.262680, 114.379143, 127.178680
784.288452, 134.800171, 97.758133, 114.495216
776.325745, 133.475677, 113.810951, 125.353333
776.238342, 133.823074, 104.830559, 125.132927
781.257141, 137.125900, 104.707695, 116.609047
861.260986, 233.792572, 71.095192, 63.928318
773.210938, 130.977539, 116.406944, 129.024979
773.004639, 133.569885, 111.851952, 124.532326
781.010986, 139.543488, 108.350418, 113.580605
780.368591, 135.949371, 104.903328, 117.241325
776.648071, 142.492355, 108.759712, 119.096039
773.848816, 143.266617, 114.129890, 125.917267
774.652466, 152.833939, 108.791023, 121.496712
774.775330, 156.288788, 115.296265, 116.917847
773.493286, 166.041367, 113.770119, 112.308128
774.825623, 171.619034, 114.520401, 113.834534
772.914124, 177.421204, 112.713943, 108.598862
772.264832, 183.249756, 112.574448, 106.047424
772.212769, 186.649857, 116.422821, 109.296135
776.418274, 196.440491, 112.786713, 101.230431
774.383667, 202.123413, 112.834091, 101.039810
772.217346, 209.616531, 105.750771, 93.272682
770.201721, 208.971451, 109.049477, 95.928276
767.811646, 209.603745, 115.574821, 99.620102
766.361755, 211.296936, 110.138611, 96.344048
754.644897, 200.171173, 119.808670, 108.773010
767.026367, 213.360703, 105.750832, 94.686348
765.249146, 213.460632, 107.793129, 94.938370
765.591248, 214.009186, 107.187004, 93.728287
766.931030, 215.082245, 105.390373, 91.269951
759.089783, 203.019196, 110.315720, 102.187950
765.223145, 210.127365, 108.219810, 94.605011
767.441650, 211.884064, 108.139786, 95.850121
773.798523, 208.507370, 113.381622, 102.642540
773.807922, 202.228531, 114.022209, 101.890381
772.578186, 193.456421, 115.822243, 106.780365
772.981995, 182.356842, 114.983437, 109.070396
777.379517, 179.897964, 111.927177, 106.305908
779.705505, 177.890839, 114.505089, 105.336853
845.130737, 284.758362, 42.044739, 34.248642
785.021118, 169.028107, 115.973396, 115.279457
787.241394, 163.998795, 116.978859, 115.703613
789.877869, 149.758057, 118.375206, 123.786079
791.275269, 147.800705, 114.478439, 121.218513
789.400940, 144.195465, 125.251686, 126.450439
797.781921, 137.971924, 113.103508, 123.553749
800.649292, 134.412674, 115.469284, 124.711601
800.562927, 123.720474, 115.312271, 134.065948
790.212341, 239.122314, 26.731176, 21.233170
800.401733, 125.787514, 115.373955, 127.596817
796.949829, 124.878845, 113.292847, 132.496384
793.808838, 119.951630, 107.570084, 124.144493
794.735962, 120.737221, 107.334877, 122.714157
793.367493, 117.869606, 106.093651, 120.149132
869.387085, 233.036682, 76.371674, 72.660942
794.117126, 118.238678, 103.831528, 117.721344
790.956360, 118.435509, 105.892593, 117.585266
789.716797, 116.264252, 106.542130, 122.060364
787.874817, 117.181839, 107.491447, 122.360916
783.752014, 118.375519, 109.987961, 126.828033
778.960999, 124.275314, 111.717491, 123.057861
783.720764, 133.555939, 108.801926, 111.216515
779.485535, 133.428986, 108.753159, 117.352005
780.512695, 134.594238, 110.564156, 113.904808
773.634033, 125.889313, 114.876640, 131.440521
773.764221, 127.345032, 108.085350, 124.892609
775.037537, 124.890671, 110.393028, 122.410477
773.036133, 122.993179, 113.236015, 127.789429
776.190796, 124.733215, 109.878708, 128.882706
778.597900, 121.676514, 111.507240, 132.584198
780.434326, 122.544876, 110.112839, 123.187622
780.594788, 123.552742, 110.691055, 124.089691
783.704346, 123.464478, 112.373703, 125.947433
783.801453, 122.404404, 111.683975, 124.919380
787.349670, 123.385406, 109.851616, 121.196327
790.733887, 124.839508, 105.951126, 122.392616
791.587097, 124.962921, 109.257401, 120.372993
798.185974, 128.288300, 105.766014, 119.177589
804.110596, 124.220779, 109.397087, 118.892555
809.087708, 124.069466, 107.129478, 116.135620
809.824219, 123.284882, 116.657776, 126.586617
818.336975, 127.085480, 111.002998, 121.854446
821.139709, 124.722198, 111.957420, 124.828377
821.613647, 125.395416, 116.079567, 121.714912
824.289734, 122.320557, 115.733597, 129.405029
827.353210, 128.461151, 111.573898, 117.009087
827.482849, 125.671371, 118.354988, 124.896576
830.399536, 127.995636, 116.617455, 119.901779
833.162903, 132.933701, 114.434021, 117.124664
835.928772, 131.138809, 115.467522, 122.725632
837.395813, 131.184021, 115.025337, 122.710381
833.709412, 126.381760, 119.365486, 121.827492
832.232666, 125.392784, 119.714348, 125.565941
837.803894, 132.022919, 114.635010, 120.100479
838.752869, 132.208939, 113.300972, 119.679443
836.515503, 127.318878, 115.238235, 126.165550
836.474426, 127.713409, 114.053528, 126.085350
834.169556, 132.098404, 112.169060, 116.496552
831.009827, 125.295349, 120.086784, 132.042618
828.379089, 129.483093, 116.950127, 125.878792
831.228333, 131.987030, 110.494286, 119.796600
827.262634, 132.426163, 110.070938, 119.313370
823.778076, 123.823929, 120.850548, 134.065994
824.087585, 127.556274, 110.376778, 120.516884
826.782043, 124.255409, 116.710701, 129.030823
824.673218, 124.419670, 116.309982, 128.581726
823.787964, 124.604271, 114.315887, 128.083176
824.062012, 126.872643, 111.530045, 123.363976
824.514771, 125.085167, 112.117020, 124.707672
820.858643, 121.472763, 115.354797, 127.766510
824.223877, 120.514305, 113.621864, 123.646713
823.682434, 120.450867, 107.893311, 119.551689
828.605957, 118.473434, 110.083733, 123.461052
828.857056, 117.747185, 113.500832, 126.617142
829.181763, 114.918930, 110.932747, 121.846436
827.940308, 115.881470, 112.501167, 122.685028
823.624023, 118.408066, 118.606003, 132.288452
826.156067, 119.055450, 111.397484, 123.828934
824.233154, 129.940231, 113.045479, 128.404297
819.638123, 124.430374, 113.892540, 124.892769
817.690735, 125.033554, 115.234901, 125.647804
817.788574, 125.159836, 115.796539, 129.017914
818.472900, 125.151703, 117.815018, 130.586060
919.027222, 406.578522, 13.450521, 13.158344
822.489746, 128.406937, 122.682846, 135.371582
822.262634, 129.416428, 118.231178, 128.615784
820.371033, 131.595901, 117.029198, 127.165588
820.151306, 137.002319, 114.212807, 125.848640
815.513306, 131.944290, 119.990196, 128.938904
817.379089, 130.462158, 118.437523, 127.632820
823.004517, 135.493835, 116.550728, 127.393623
820.612488, 126.164749, 118.154312, 132.391983
820.628906, 124.936920, 117.154770, 125.287651
827.128845, 133.796173, 111.352493, 125.354660
826.583862, 131.881042, 112.829872, 129.330719
825.151306, 130.925323, 113.601387, 131.001953
825.530579, 128.911392, 111.249352, 128.143753
826.242615, 133.010773, 110.745613, 126.099113
955.909424, 475.972931, 39.801769, 34.402752
824.846252, 134.025055, 112.253426, 126.011185
821.432678, 130.608261, 115.794708, 122.142799
821.179321, 132.061386, 115.540352, 123.466713
821.929443, 133.906723, 111.725746, 121.001610
821.113770, 135.247696, 112.773483, 122.178268
820.418152, 138.438293, 118.144608, 125.140282
819.297546, 145.559570, 115.245987, 117.206200
813.825867, 148.140991, 121.504303, 121.582413
688.502930, 471.356903, 49.360622, 40.771236
810.814758, 157.042557, 118.477974, 116.927803
807.333130, 159.161194, 113.347473, 111.830910
808.512878, 166.534424, 118.596992, 113.601425
807.127258, 168.741638, 118.182976, 113.715469
804.938171, 168.898682, 118.671463, 114.687210
802.997742, 171.548157, 119.545364, 113.535652
802.456970, 174.179123, 119.903748, 114.042084
799.633728, 176.385529, 115.757347, 111.289520
798.123230, 178.997269, 114.631989, 107.359383
795.835632, 179.030975, 115.293053, 107.012421
794.740417, 179.575027, 115.273521, 105.593147
798.127930, 182.856339, 117.711311, 106.885956
799.101685, 183.249222, 115.059425, 103.694542
797.286743, 183.236282, 115.380318, 106.392738
795.081665, 181.413528, 109.843864, 104.149216
795.909180, 182.070236, 110.097527, 104.052063
795.252869, 182.002319, 110.316414, 103.415298
797.279480, 183.040085, 110.156631, 104.388702
799.675720, 183.290985, 115.914238, 107.368408
800.490173, 182.244293, 115.759621, 107.285271
803.418213, 184.478317, 112.075058, 104.174591
799.830994, 181.411865, 114.216835, 106.107208
796.987000, 179.872314, 113.463341, 109.147057
799.882324, 178.235764, 110.774094, 105.264511
803.336426, 178.741776, 115.267784, 110.149902
801.995728, 179.291107, 114.014648, 109.134293
803.071411, 180.331192, 111.340836, 107.473503
805.153625, 175.831543, 111.721146, 109.176308
804.148926, 171.115677, 113.726456, 113.142944
806.990295, 172.366272, 113.942131, 113.605370
807.166382, 167.304764, 115.993179, 117.846840
809.204041, 167.018616, 114.112877, 115.513138
1001.640930, 394.338196, 32.233292, 25.042841
716.303711, 365.864349, 20.420877, 16.775848
811.104370, 146.081833, 116.805214, 119.300186
810.743530, 138.222534, 117.653725, 122.062027
815.747742, 139.408371, 113.723747, 117.439453
815.886475, 132.967590, 113.608887, 123.284302
818.461731, 134.283173, 117.264091, 122.326118
824.514160, 130.261566, 122.525642, 129.130035
823.698914, 124.828087, 115.783813, 126.299706
824.332825, 123.456253, 117.705765, 128.971481
829.966187, 127.434715, 113.385719, 118.185143
833.787659, 127.573517, 108.735580, 111.808792
834.889587, 123.397392, 109.870140, 117.288513
837.627930, 123.479507, 108.394402, 116.769379
839.383789, 126.586502, 108.232658, 113.951385
841.736084, 126.787643, 108.784851, 123.939232
842.446045, 125.098053, 107.477211, 116.845695
842.997681, 125.710693, 110.225372, 125.241852
831.225098, 529.921021, 43.736465, 30.530727
844.390625, 125.391663, 112.416801, 124.037766
849.722046, 125.964729, 108.135696, 118.378906
852.194031, 125.959412, 106.986641, 117.781662
853.523743, 122.288818, 110.881020, 124.493271
861.656494, 125.439339, 101.058983, 113.472198
862.009827, 127.900757, 101.968040, 114.085411
855.385864, 127.023483, 112.258972, 127.773514
856.268677, 128.141251, 108.747803, 121.253639
855.999084, 128.608475, 109.132332, 123.127777
855.151001, 130.495819, 108.276894, 124.450325
854.543457, 131.423569, 112.372192, 129.591171
853.600769, 132.801651, 115.142212, 130.246277
854.779175, 134.066071, 108.612022, 126.396767
855.726868, 130.580765, 115.189529, 128.967529
855.727478, 132.130890, 115.068054, 128.849258
856.680786, 136.633209, 108.746986, 122.651146
855.771973, 138.981415, 111.928818, 126.372192
854.516174, 146.033188, 111.183891, 126.539063
856.862854, 151.729233, 111.067833, 124.306381
852.640869, 157.261078, 112.753632, 123.582573
849.393921, 160.687836, 119.249741, 125.358093
854.882141, 168.278168, 112.921234, 117.305946
853.557251, 171.184494, 117.878654, 122.587677
851.428162, 173.252411, 118.722000, 118.125328
848.856323, 182.240662, 111.637093, 111.788551
847.940613, 185.279877, 113.200035, 110.865936
850.212036, 186.565430, 113.122032, 109.042397
848.750610, 187.415970, 116.406067, 109.633209
847.890381, 185.942902, 116.894615, 111.867584
849.016968, 191.107376, 112.742233, 107.529907
847.885376, 191.455261, 113.909363, 106.866028
844.484802, 189.993011, 115.297905, 110.145332
843.744263, 190.917206, 115.152489, 108.839729
841.325623, 192.146759, 117.776207, 110.949982
840.043396, 191.830017, 117.145317, 109.290192
844.136169, 185.968109, 117.466278, 117.648636
842.257385, 184.503082, 117.015083, 117.353775
839.645508, 189.168060, 115.320900, 109.716415
837.019714, 185.182190, 114.747414, 108.600204
837.634644, 182.639832, 113.737862, 110.050751
833.171448, 192.066910, 112.590637, 103.408226
833.799194, 189.272552, 112.384102, 106.164032
832.059692, 187.620422, 111.638611, 106.612251
830.264099, 184.646194, 112.005875, 108.791748
829.660645, 183.543686, 113.128838, 107.545990
829.443298, 183.223663, 109.875435, 107.916801
825.103333, 177.833328, 113.670822, 114.450050
825.789246, 174.518143, 113.550415, 114.649429
823.497803, 177.394897, 110.081589, 110.867058
824.044495, 180.271317, 107.511108, 108.715652
821.253479, 178.220413, 113.877167, 111.982224
820.890991, 172.434174, 110.720352, 109.338676
929.880066, 400.428436, 16.398977, 16.309057
819.135010, 156.783554, 112.150848, 114.237450
820.005615, 150.083954, 111.824036, 116.183289
803.852539, 239.723297, 22.723013, 18.986425
795.320801, 517.293152, 52.052834, 40.319084
823.484741, 132.992950, 114.123459, 127.918419
819.448792, 127.027359, 114.654984, 127.062256
819.498962, 127.559723, 113.070686, 120.168541
854.470459, 279.166931, 46.137459, 40.829590
815.700867, 120.699318, 114.220680, 128.593384
817.139282, 126.005539, 112.733284, 121.033104
972.499634, 400.491455, 29.413746, 24.293949
814.401855, 131.190781, 114.342407, 126.480682
814.574707, 137.692352, 111.251617, 118.770332
814.368896, 140.600082, 110.377716, 118.368408
815.103210, 139.223587, 111.905128, 120.950630
817.262329, 141.061646, 111.885597, 118.760773
844.250244, 293.770050, 44.155525, 39.575562
817.843262, 137.474152, 114.162651, 126.453125
816.857910, 136.542374, 116.761864, 129.741119
849.193970, 290.124542, 46.017998, 40.621456
822.173462, 145.042877, 111.670113, 117.390846
818.369263, 140.138000, 118.789986, 128.387146
820.169312, 141.600647, 115.930992, 128.441223
820.880798, 142.709991, 116.844780, 127.781769
820.112427, 140.697021, 120.286827, 129.396759
818.529358, 143.723145, 121.471100, 125.711945
821.737427, 141.337448, 121.287308, 123.760796
821.310120, 140.167343, 116.319809, 119.530952
818.221375, 135.255951, 120.396523, 123.251190
824.115173, 135.435394, 118.215614, 124.421585
824.076050, 134.523285, 117.731407, 122.041985
819.306641, 129.145050, 121.405319, 124.916061
817.427795, 138.894409, 118.380814, 117.667336
816.577026, 135.971436, 117.886971, 119.255287
817.804932, 132.846405, 117.240967, 122.399414
810.063110, 130.787979, 115.386490, 121.408340
808.692444, 122.168213, 117.117027, 127.361221
807.828979, 125.024963, 115.555794, 121.753159
805.876221, 120.553566, 113.273254, 126.449112
969.249634, 400.132935, 29.390306, 22.558680
803.673828, 114.502655, 118.314346, 125.841820
810.146667, 122.268463, 109.512138, 119.458855
810.079041, 118.812561, 108.417519, 120.401108
774.514404, 240.776581, 20.677315, 17.261799
960.512451, 386.912109, 27.953064, 21.225412
808.929871, 124.431900, 109.270378, 116.868889
807.365784, 121.836288, 107.217941, 116.138985
806.601624, 121.554169, 110.357117, 117.732315
805.973877, 113.469284, 115.334137, 124.118637
806.486145, 114.749687, 114.612770, 124.822273
805.471375, 117.906670, 120.888039, 127.053169
807.557922, 120.548691, 111.718628, 120.698975
809.629822, 121.048141, 108.602135, 120.035606
809.559570, 122.352615, 109.115631, 120.973969
810.151733, 118.856384, 115.393044, 128.839554
812.203735, 121.604607, 113.252083, 123.552757
812.777466, 119.425385, 115.777260, 129.511230
812.291504, 120.872925, 115.725212, 124.849907
812.876831, 123.008797, 118.106735, 126.595772
815.796997, 129.999420, 109.077324, 115.153435
813.831055, 127.437546, 115.057976, 121.535057
814.942932, 132.320633, 112.632660, 116.839310
725.605042, 388.216003, 24.788305, 21.333227
815.189331, 128.912323, 113.594902, 122.415085
819.155090, 128.367004, 114.818993, 120.258751
975.203186, 397.784485, 32.772881, 25.991230
815.710876, 126.554741, 117.540497, 126.152481
816.346802, 126.117493, 118.846878, 127.154610
822.259583, 130.348816, 115.499214, 122.343742
818.088379, 134.239334, 116.332092, 121.746284
818.245056, 141.708389, 114.661598, 116.045326
816.496155, 149.629471, 114.330437, 115.938278
814.465637, 158.839905, 111.792656, 111.864143
812.455994, 166.955658, 113.251076, 109.871185
809.077698, 170.583008, 111.665955, 108.242424
808.020386, 174.202393, 112.668640, 106.962532
803.359436, 176.976639, 113.440033, 105.001251
852.966614, 287.080902, 44.713131, 38.240639
799.979919, 183.022110, 115.471176, 106.377403
847.784851, 288.124908, 52.806202, 43.043171
792.522400, 187.602768, 115.272514, 107.347115
789.962280, 190.174637, 114.558647, 108.455933
787.489197, 193.683060, 114.866936, 106.122292
786.458069, 204.906418, 108.514801, 98.580772
777.491272, 204.302826, 117.392998, 107.081573
780.630127, 210.865097, 105.867584, 95.943344
775.586853, 211.536865, 110.423462, 96.983215
776.192749, 213.840607, 107.008377, 93.908386
777.917603, 216.592224, 106.758369, 94.207802
770.821045, 216.963394, 115.406593, 100.667709
771.312988, 218.082840, 107.674988, 92.212143
768.659241, 217.504608, 114.724922, 99.973259
768.329773, 218.839676, 113.939102, 99.316879
767.925354, 218.280014, 113.867401, 100.063110
766.237488, 216.781311, 115.599388, 103.237793
771.629211, 216.920410, 106.291298, 94.262146
699.685913, 369.930084, 19.663286, 17.866827
771.174072, 215.517136, 113.053421, 100.850639
773.470764, 213.199554, 112.022316, 101.892616
771.633240, 211.280731, 114.910225, 104.804718
773.691895, 210.951752, 112.313156, 101.150246
772.690613, 207.084839, 116.949875, 107.228287
775.548584, 215.533463, 113.483124, 100.426399
777.299194, 206.126846, 115.864395, 106.853676
779.274414, 198.202576, 114.338501, 110.713577
776.827087, 181.145493, 116.786369, 119.812759
782.948730, 179.031525, 112.461540, 113.216225
785.672913, 170.034637, 120.320663, 124.163025
788.648315, 162.911407, 115.137115, 116.749062
846.003967, 289.068756, 33.583458, 29.647860
797.661499, 154.774094, 113.224548, 114.387260
797.456360, 145.854477, 115.290405, 118.036011
803.598145, 133.548019, 116.093552, 125.764786
806.654907, 125.481125, 112.704109, 125.228027
804.943176, 127.284569, 118.019913, 125.955597
809.433716, 124.119568, 116.864624, 124.890732
811.029358, 126.237022, 117.060890, 127.836754
812.512756, 122.062424, 117.918541, 127.423363
814.728760, 121.717621, 114.521347, 123.020157
815.065979, 117.203728, 118.466125, 125.612373
816.853210, 116.307816, 120.533882, 126.913124
814.750366, 120.772560, 119.687325, 126.583672
794.757141, 238.880402, 22.881914, 18.064966
820.142639, 114.615356, 118.578407, 125.773010
818.077087, 115.765465, 117.909279, 125.141670
819.859924, 114.678223, 114.958359, 125.013214
821.942505, 115.151367, 115.974533, 117.810257
824.293945, 113.379532, 115.635117, 116.112404
825.130554, 108.323448, 120.525375, 123.731796
827.113525, 108.065437, 119.200218, 122.241745
823.672607, 111.650002, 118.923241, 121.697052
825.201172, 107.522476, 119.274628, 122.969933
822.981445, 110.528534, 116.605415, 124.679497
823.850220, 109.738655, 119.870422, 122.750275
827.660156, 114.908401, 114.777222, 119.867546
807.000793, 425.317261, 18.064116, 15.379519
825.906128, 107.552971, 119.990700, 124.944214
830.457092, 116.072952, 112.831200, 118.727493
828.581482, 111.459305, 117.439751, 120.200676
832.213562, 113.836082, 114.218605, 122.723877
829.913269, 110.371094, 115.725212, 123.380341
833.198303, 113.751656, 110.361839, 122.137505
807.089172, 428.245911, 17.417795, 15.536748
805.948303, 428.352631, 17.706490, 15.761250
830.521240, 110.969040, 115.752312, 128.768448
829.138611, 114.898773, 112.508102, 123.701813
829.194824, 114.101624, 114.118546, 122.918411
827.878052, 117.134827, 112.068756, 124.271538
811.445557, 429.897919, 19.542629, 17.267241
827.577637, 116.287338, 112.823257, 122.648407
827.607483, 117.065376, 113.486969, 121.770638
825.583740, 115.350464, 115.325127, 124.583130
826.521545, 115.982803, 114.193024, 121.417664
828.005432, 119.154388, 107.405571, 117.081261
822.944092, 114.792236, 111.051384, 121.803978
826.708557, 118.035126, 103.215004, 116.291634
815.159607, 124.528053, 109.005875, 117.488640
806.770630, 121.472488, 115.905037, 122.226891
812.500549, 134.578827, 96.576820, 104.738251
803.386414, 129.304413, 109.083504, 126.095757
797.906128, 131.031158, 106.918976, 116.190865
803.044312, 128.164063, 102.418915, 120.449409
799.691772, 129.775940, 105.323898, 117.657684
813.140015, 132.480423, 101.184998, 111.630447
812.336243, 132.488998, 101.244286, 114.037926
811.293701, 131.580231, 103.079979, 117.575912
810.506348, 132.372849, 102.223724, 116.808121
810.287781, 133.446167, 103.648361, 118.119476
811.384216, 134.359360, 102.789772, 116.498642
809.381531, 136.526627, 104.562271, 117.281647
987.150757, 402.969238, 32.041435, 25.110563
810.968323, 140.052338, 106.279709, 117.391609
809.895569, 141.873993, 107.484016, 118.979805
809.353088, 141.217224, 107.168854, 119.734344
808.540588, 138.462112, 111.937759, 124.307983
809.702026, 136.973785, 110.612732, 125.631676
810.732544, 134.444458, 110.669884, 125.989716
810.542419, 135.009262, 108.768845, 124.022362
811.692627, 132.780411, 111.588707, 128.068665
812.209229, 132.818832, 110.724632, 127.293449
812.576721, 132.927444, 110.465485, 127.745049
810.373657, 135.517853, 107.642853, 121.538223
809.236267, 134.256790, 109.166229, 123.464668
855.896240, 281.238678, 43.615559, 35.757896
809.682800, 135.229675, 107.419624, 119.386703
809.302612, 135.694366, 106.268051, 118.336761
808.303467, 135.374069, 107.570900, 120.125481
805.997192, 134.721375, 109.669273, 123.502182
806.918701, 135.935242, 105.343811, 120.915421
882.047791, 251.930145, 60.773262, 49.639385
804.965271, 132.766006, 107.806671, 121.606323
863.874878, 253.154907, 78.246437, 67.918564
799.793274, 131.033539, 108.909981, 122.397263
803.464600, 131.688934, 109.186455, 119.162315
809.738586, 129.248596, 112.304901, 126.134323
808.184387, 124.193665, 114.553421, 121.317268
810.516235, 130.685547, 113.816429, 122.651176
815.495361, 137.194595, 110.739693, 117.197945
818.551636, 141.450760, 109.477417, 115.444839
811.401367, 139.305878, 119.650459, 123.608521
813.057861, 140.750259, 123.214432, 128.380615
814.391846, 149.648743, 119.009056, 121.849487
672.613342, 373.035583, 17.295561, 15.337746
812.799255, 147.621918, 119.185219, 118.882004
802.933716, 525.236450, 40.287235, 31.140247
668.891907, 375.372375, 16.590643, 14.909132
668.000732, 375.229736, 20.205772, 16.578619
668.851074, 377.290344, 15.930964, 13.912297
812.004944, 157.091110, 119.290382, 121.163498
810.334229, 155.837982, 120.965157, 122.154121
808.681213, 158.546204, 124.135902, 122.263275
809.291504, 156.360428, 118.956253, 119.806198
811.613098, 161.672821, 116.335625, 116.484230
672.044922, 380.672729, 24.114828, 22.477545
804.890564, 158.537262, 114.887543, 117.876358
802.153992, 163.662262, 116.527039, 117.111572
799.510864, 164.849152, 119.510460, 119.094772
770.741028, 248.369705, 13.620576, 11.553799
795.072937, 165.856476, 120.644073, 114.896301
798.569763, 169.019470, 116.138412, 112.013481
802.464661, 173.712814, 108.937515, 105.220345
802.137207, 174.100815, 110.000313, 105.252625
798.359863, 176.677277, 114.304794, 105.423805
798.864929, 177.845062, 113.429756, 104.655594
797.237488, 178.374725, 111.443100, 104.152939
797.238831, 180.263565, 113.096077, 103.774651
971.359924, 406.375549, 28.930107, 22.989208
796.018311, 181.662476, 118.086388, 110.628456
794.936951, 179.126236, 117.790321, 112.960915
847.347412, 288.434692, 44.487442, 37.119053
796.271851, 182.800323, 117.515488, 106.238152
794.820496, 181.879150, 120.227730, 110.979904
791.719971, 182.434204, 114.915771, 106.221428
791.365173, 182.293427, 112.860428, 105.081055
791.148804, 181.576004, 111.913002, 104.782616
962.191528, 404.271942, 32.353634, 24.833288
789.412170, 176.410202, 114.532944, 105.244781
790.288757, 176.872452, 111.644089, 103.687202
790.250488, 175.749985, 111.079926, 103.321365
791.213989, 176.690521, 110.095009, 105.058311
792.657593, 176.793060, 108.110619, 103.677681
794.890442, 177.690857, 113.002823, 106.966576
795.476563, 178.725067, 114.214188, 107.383766
795.260559, 175.143967, 107.973076, 104.004677
796.601379, 174.126770, 106.368233, 103.557480
797.936707, 173.458466, 107.104843, 104.311798
799.012512, 173.000610, 107.944908, 105.405876
800.597717, 171.041229, 107.592133, 106.082787
800.970398, 169.410141, 108.293587, 106.712524
803.339661, 170.218597, 114.856415, 112.332703
805.291992, 169.013870, 112.887085, 109.099144
804.158752, 165.474701, 113.890656, 112.745071
806.598145, 165.478271, 114.547562, 112.384995
808.633667, 163.336060, 110.416656, 115.102859
808.433228, 154.684601, 114.668282, 117.998665
810.080444, 152.187286, 114.576607, 117.289192
809.716492, 146.222504, 117.254196, 119.787910
808.786072, 135.094452, 124.137917, 128.463120
813.451660, 136.381592, 116.359947, 122.025810
819.331665, 133.912048, 113.087128, 119.257072
820.214905, 129.658661, 112.317818, 118.201027
818.131348, 122.696457, 114.880424, 122.160210
818.150208, 120.301498, 117.700348, 125.128174
985.128296, 397.148438, 32.826622, 25.492081
820.952637, 117.884399, 118.094833, 126.778214
821.264709, 119.109665, 118.794708, 124.214142
818.384338, 124.658417, 119.386528, 124.032440
817.285767, 120.032333, 118.769127, 123.589684
816.782410, 119.025223, 116.302856, 126.281906
815.128662, 116.484879, 122.458664, 127.920547
814.924133, 116.277802, 122.029213, 126.894142
814.978333, 116.436646, 119.448082, 126.651833
811.669739, 126.553391, 118.867355, 120.704414
813.252625, 118.723053, 116.108551, 123.947662
810.609863, 116.484344, 118.849586, 123.665634
810.715088, 117.773376, 121.304703, 128.208130
811.273376, 119.024445, 122.862541, 127.676247
815.628906, 122.345993, 118.405640, 125.131958
813.625793, 131.564545, 116.643097, 118.539490
954.053894, 391.069489, 24.144882, 21.263638
817.186340, 136.213806, 115.730446, 115.855461
813.158813, 135.567154, 120.258415, 119.990532
953.209290, 387.319794, 24.810673, 20.475904
816.878723, 132.796967, 117.932465, 121.619888
817.234863, 129.308167, 119.139671, 126.355362
820.218750, 131.462204, 116.639381, 122.677551
820.486755, 128.026016, 115.321785, 125.313423
819.164246, 126.898087, 120.052444, 126.915314
822.322266, 128.000458, 119.011765, 126.198914
822.808228, 128.476364, 118.426689, 125.148575
820.881775, 123.767624, 119.788383, 128.179977
820.029602, 130.736282, 120.509682, 123.172882
807.799500, 434.432129, 20.779259, 18.125935
821.127136, 128.098328, 123.109779, 125.828857
820.293945, 131.566284, 120.795982, 121.531540
822.376404, 124.034653, 120.181107, 128.179337
806.409119, 433.921448, 16.278572, 14.265360
805.678772, 433.103485, 18.513794, 16.279749
820.650269, 129.535919, 120.301575, 121.867867
819.965698, 128.433960, 119.765137, 119.582451
813.338501, 121.485245, 125.284950, 127.740608
812.788818, 129.214386, 119.254532, 120.137711
974.935791, 395.541260, 34.712349, 27.538782
813.925781, 130.337875, 115.344154, 122.126205
811.745422, 135.131821, 113.426605, 113.910095
810.953125, 135.979675, 112.390022, 115.601723
808.984863, 131.103500, 111.694687, 123.365402
899.503967, 390.166412, 17.242258, 16.199255
808.682068, 142.161530, 108.918678, 116.578491
808.643799, 141.825836, 108.040871, 117.036102
806.647583, 148.364502, 105.776917, 112.818459
804.342590, 149.836334, 105.529175, 108.422409
803.159668, 145.955154, 108.228439, 119.975227
802.468079, 141.571426, 109.483154, 124.399040
807.223328, 140.224243, 105.554314, 121.920357
806.590698, 136.610321, 107.291969, 120.675667
807.807373, 135.707733, 101.474388, 118.948013
806.782349, 135.570419, 102.452873, 118.841805
806.740540, 136.301300, 102.346519, 118.232414
808.703796, 137.430405, 103.472450, 118.732956
810.834167, 137.905762, 106.097748, 121.026848
810.718994, 138.391464, 106.343536, 119.845367
812.373718, 136.275818, 106.044884, 121.143440
812.409668, 138.144699, 104.267784, 117.422447
814.065002, 138.206360, 102.551102, 116.285294
814.375977, 135.101715, 105.300522, 122.909248
813.500488, 140.976227, 107.894249, 118.868416
816.985962, 143.263489, 106.526192, 116.784058
817.219177, 144.267960, 108.264923, 118.295235
813.792969, 142.241394, 113.507698, 125.987053
813.410889, 143.061264, 114.672630, 125.307213
813.489807, 143.961227, 112.662277, 123.520088
813.973206, 143.717041, 112.909195, 124.122009
812.661072, 143.513733, 115.919907, 128.280853
815.031616, 144.025360, 111.489029, 125.431244
817.532532, 147.586700, 108.778488, 117.516045
804.475037, 233.862686, 25.108757, 20.624525
812.313049, 144.720078, 113.607628, 123.261215
810.789124, 146.170700, 115.061882, 124.363098
809.757996, 146.386673, 114.351166, 125.328781
810.879089, 144.595078, 112.630142, 121.638718
810.230347, 147.287109, 110.787514, 120.260612
983.034607, 409.559998, 33.431992, 25.901772
805.561584, 145.951141, 113.624451, 123.775848
804.589661, 147.091797, 115.599327, 125.070457
806.555420, 151.153824, 111.245003, 117.472214
809.014526, 151.677841, 114.913124, 115.768997
805.789001, 157.874786, 114.438683, 111.104141
806.757141, 157.410324, 116.150009, 116.214996
812.325134, 166.885376, 109.796417, 104.495239
810.029968, 168.008041, 113.470459, 106.013756
793.680237, 158.881470, 127.219887, 125.969276
793.750244, 163.313049, 123.867683, 122.182068
804.175049, 170.383072, 122.354645, 113.381119
804.307129, 174.048248, 119.717247, 108.474808
982.109070, 406.394989, 33.046200, 24.946449
800.942322, 180.346817, 121.185493, 109.600365
801.785034, 182.052841, 119.093925, 109.185661
801.181335, 184.474167, 118.605499, 109.395378
801.821289, 186.306793, 117.617302, 109.386086
802.324524, 186.607605, 121.933510, 109.863060
805.778442, 188.193115, 118.086388, 107.532639
979.504333, 405.360413, 29.702883, 22.901831
979.842224, 406.681915, 26.439077, 21.737146
800.587219, 190.376587, 120.681946, 109.056473
981.445679, 407.716888, 28.320204, 22.457676
802.937195, 190.906631, 119.172874, 106.963127
801.312988, 190.631607, 121.174339, 111.885773
801.362305, 191.794754, 121.876610, 109.131554
801.746704, 191.846466, 120.549942, 110.459885
806.941711, 191.269409, 117.873489, 107.278389
855.419434, 288.143097, 51.177860, 43.535957
804.078552, 191.757462, 118.553711, 107.276299
806.096802, 190.216232, 117.100716, 107.794144
806.276733, 189.158295, 119.442352, 104.928299
808.669250, 187.821014, 118.817764, 107.493347
808.416382, 186.497574, 118.744995, 105.824013
808.193237, 185.215714, 117.769775, 105.286316
809.259338, 180.377838, 115.457184, 110.890724
808.469177, 182.395844, 117.684654, 102.644722
808.653198, 180.009796, 118.401360, 107.594963
809.694092, 179.213318, 118.129738, 105.833092
949.473633, 406.130096, 25.351458, 22.646034
809.791077, 176.473938, 114.430176, 105.315964
809.669067, 175.939392, 116.758080, 109.097534
808.324768, 175.615723, 116.788826, 108.099457
810.685547, 174.512848, 113.960083, 108.435280
806.439453, 171.527710, 115.304329, 112.875732
806.410828, 168.326675, 113.340103, 108.944847
805.747620, 167.794327, 114.110733, 111.008698
777.945068, 236.785141, 21.085281, 18.631767
807.368347, 164.893585, 117.268684, 112.265205
805.706665, 164.228928, 118.568069, 114.239449
807.983826, 167.620270, 111.495079, 111.750343
805.790161, 166.323639, 112.185631, 112.540047
804.279114, 165.815887, 111.483673, 112.856850
805.088684, 166.112808, 111.126930, 112.408905
802.700195, 167.280304, 111.149673, 111.602730
800.245605, 164.889252, 111.748871, 115.167107
796.801025, 163.889786, 114.818680, 115.396469
794.075684, 162.988312, 113.744789, 111.599625
792.419739, 158.062256, 116.296875, 117.502205
786.751770, 152.071503, 122.548706, 118.961288
784.526978, 144.472763, 123.367661, 124.516762
784.155029, 140.784607, 123.576279, 123.592232
782.107544, 136.043259, 119.336060, 117.862366
782.004822, 131.410858, 122.433334, 120.985794
776.704834, 125.166779, 125.965050, 125.740875
775.215698, 127.233505, 126.299232, 122.339874
772.973694, 126.390015, 125.892838, 121.877899
776.383423, 123.695450, 118.366516, 121.164940
770.174744, 124.596016, 122.086548, 125.250465
766.971985, 122.354385, 122.638550, 121.047012
763.582336, 121.653259, 120.480888, 121.847954
760.116943, 122.886902, 122.902046, 124.826996
756.516235, 122.838303, 122.023415, 125.360184
756.730530, 121.182449, 120.500671, 126.562798
750.593811, 120.197327, 124.169800, 129.150146
750.096191, 121.888687, 120.168564, 125.167618
748.935852, 123.144249, 118.863007, 122.268761
744.752319, 121.171913, 123.092453, 124.860344
741.548401, 122.195862, 124.008629, 128.447250
738.558289, 123.957077, 122.784286, 126.389793
736.177917, 119.416801, 124.531143, 129.557617
735.299072, 121.438866, 123.467651, 128.902023
733.536377, 126.033691, 121.228523, 125.952377
732.934326, 125.204391, 119.615181, 129.689011
730.170288, 127.275291, 121.383270, 129.320496
728.242859, 121.689972, 122.956673, 129.935379
724.723999, 125.593903, 123.632164, 128.221222
724.654907, 127.134232, 121.627296, 126.096199
721.626831, 124.764732, 124.418549, 125.856247
723.504089, 132.233734, 116.883591, 123.344376
727.127563, 135.038361, 119.675415, 124.641075
722.300903, 136.709488, 119.501137, 123.318085
721.536987, 137.446823, 119.234871, 123.606804
721.070557, 136.875259, 119.374680, 124.392929
720.271118, 135.821701, 119.053223, 124.997528
719.089905, 139.352142, 124.470970, 120.931778
717.231201, 148.045868, 121.351517, 116.540573
721.671875, 150.204544, 119.952454, 119.500809
717.366150, 159.256927, 125.225159, 114.214241
722.613159, 174.164383, 120.998932, 110.018593
727.694885, 189.011566, 117.463127, 107.452095
727.064880, 204.749512, 116.354210, 105.837273
722.595825, 215.748749, 121.812347, 103.782600
725.928284, 227.188522, 113.349800, 93.756683
726.079773, 231.333801, 114.803177, 91.536545
731.003540, 240.208511, 103.807709, 82.299164
736.289856, 241.205627, 100.049110, 80.068291
730.085571, 236.084595, 106.778908, 97.463539
729.113220, 240.479675, 111.335800, 86.809509
724.249817, 237.631073, 123.115822, 102.154312
726.206543, 238.539169, 115.494362, 96.661156
739.481689, 237.974182, 104.368027, 93.051559
736.850647, 238.927536, 108.018753, 94.186821
742.410706, 241.536957, 110.712036, 85.038666
743.285767, 236.046661, 106.413284, 88.413818
746.595825, 233.837296, 103.570610, 91.483490
750.515259, 236.775146, 107.495987, 88.762962
800.345825, 336.627930, 22.645451, 17.480198
758.838562, 232.495193, 105.275826, 86.364418
757.556702, 227.059479, 115.325249, 96.059547
765.855042, 224.222321, 107.601524, 93.583328
774.239197, 226.474213, 105.446953, 90.436333
770.451477, 219.272415, 113.323532, 98.228134
780.792053, 219.509888, 109.619118, 95.059692
782.582764, 215.420776, 108.047234, 94.920174
783.806519, 208.172424, 112.970818, 99.908844
790.637390, 206.428741, 110.616638, 100.317390
788.504639, 198.855255, 115.073601, 106.964272
792.568848, 188.935822, 114.673889, 110.002571
795.538025, 182.477432, 116.999458, 115.748230
796.971985, 175.409058, 118.349251, 119.878769
796.369324, 176.132309, 116.940300, 115.594620
796.033264, 174.845108, 117.104683, 117.769737
798.809265, 170.563263, 115.406593, 117.255226
799.746582, 164.563538, 113.845222, 119.736076
791.891113, 154.935120, 123.138321, 126.358177
798.169434, 156.437897, 114.331764, 122.951187
770.247864, 448.724396, 16.284998, 15.351867
798.325012, 146.462021, 115.517990, 125.750275
766.772461, 446.532654, 17.199224, 16.895752
799.080566, 141.269440, 113.491943, 124.479904
756.414368, 444.525391, 20.983841, 20.956133
755.330200, 443.360870, 20.312569, 21.447407
796.183594, 135.249695, 110.113472, 123.804245
792.361633, 130.489273, 113.729797, 125.406555
794.948608, 122.305283, 114.489716, 132.481430
785.986023, 126.664185, 115.499649, 128.654663
791.078796, 122.442429, 112.921928, 132.521759
787.461731, 134.739105, 109.902962, 121.733109
783.821716, 135.604019, 110.649590, 126.382729
775.067505, 135.151154, 119.002190, 129.587097
977.512146, 394.001831, 28.826145, 23.257778
766.490173, 147.565460, 113.123611, 126.024712
764.597534, 139.211304, 119.082520, 132.495377
760.757324, 144.547729, 112.239883, 123.052933
759.896729, 136.611465, 118.345406, 125.903038
760.780151, 135.666565, 115.373009, 125.298126
755.574829, 253.425797, 24.156475, 19.549170
759.838074, 132.431915, 120.671043, 125.066154
757.145447, 130.849777, 117.933159, 124.029388
759.218018, 130.108627, 117.512459, 123.331329
759.666565, 125.522598, 126.416550, 131.928787
755.938599, 130.550247, 118.606194, 126.558311
757.803833, 132.820816, 116.155365, 122.694252
757.983459, 128.799332, 121.875038, 120.332855
756.293823, 129.839050, 118.680977, 121.743050
754.810913, 127.708893, 120.545029, 125.183212
753.765503, 126.277206, 123.263451, 128.062515
753.691528, 129.370529, 124.427498, 128.275497
754.939636, 127.470108, 121.415024, 120.739166
752.541138, 127.948593, 124.327316, 126.797386
755.542419, 125.252022, 122.277458, 121.871643
753.529480, 125.080612, 124.347542, 122.015388
755.944397, 127.137421, 122.371277, 127.852058
755.063354, 127.232483, 122.321121, 127.981796
759.303589, 129.015930, 117.991753, 121.723122
755.475830, 129.847076, 121.260216, 126.197243
756.554626, 129.188751, 117.993706, 120.079628
751.178589, 127.938812, 120.949409, 122.425598
756.679688, 129.751282, 115.927216, 117.032661
749.413330, 128.724670, 122.458855, 124.625214
748.991150, 127.692169, 123.173599, 125.073578
749.803711, 125.460114, 124.837036, 126.033035
751.641541, 126.194977, 121.059227, 123.372231
753.189209, 127.212540, 119.570442, 122.740860
752.182312, 133.319183, 120.575340, 124.573318
749.955322, 129.199554, 118.891235, 121.897346
749.825073, 130.149445, 126.028748, 124.580208
749.747314, 134.684448, 120.109215, 124.224419
749.715576, 129.362442, 127.746681, 127.970222
748.504822, 131.782288, 128.505981, 130.110703
745.646790, 125.979294, 129.754456, 132.902924
748.151672, 129.384369, 124.242508, 128.983139
747.570862, 130.859818, 124.801819, 125.979034
748.843567, 131.772766, 121.714180, 126.864815
749.660889, 139.376617, 125.379082, 123.049301
746.896423, 137.161835, 125.926048, 125.415596
751.739685, 147.868973, 123.650940, 116.462372
749.894226, 151.005341, 124.012154, 115.195526
753.873413, 153.907013, 120.383163, 116.447670
754.283691, 157.994507, 120.280342, 116.090714
747.552673, 153.708191, 123.446548, 122.462952
749.184448, 161.022583, 123.507790, 113.682533
750.460754, 164.091080, 116.459053, 109.151375
751.181763, 167.652573, 119.359627, 108.557060
748.930603, 170.427948, 117.606842, 102.904922
818.115295, 286.622833, 33.293125, 29.921207
752.181946, 171.415283, 119.564400, 107.661255
755.059875, 170.749008, 119.525650, 111.211685
756.545105, 172.071503, 119.396233, 112.060905
757.009583, 175.270447, 119.358177, 114.020149
756.800537, 175.257278, 118.886757, 115.378403
754.177551, 169.937866, 121.060616, 120.025848
761.229431, 173.767456, 117.353119, 119.247215
759.755127, 173.916779, 115.206673, 117.049339
757.007141, 174.045135, 116.803070, 118.434174
758.083374, 175.267044, 114.770729, 111.991409
757.109070, 176.406982, 115.248634, 113.608330
963.584473, 384.964722, 33.230305, 26.056280
755.857544, 176.763733, 115.131882, 114.490570
755.636597, 175.827286, 114.694427, 113.291374
753.062012, 174.945465, 116.232422, 114.553429
817.453003, 284.990967, 36.267727, 29.522894
753.860718, 174.581848, 116.179054, 112.847565
755.141541, 173.546814, 114.206879, 109.909073
748.982849, 171.072372, 119.897888, 115.204063
752.899170, 174.820984, 118.007629, 113.232834
752.982605, 175.341446, 118.900246, 114.993530
756.132690, 172.827225, 120.882240, 117.037483
757.027283, 175.516357, 121.640587, 116.516434
757.336121, 175.858322, 118.783554, 112.026802
758.751404, 177.349701, 118.093445, 107.038048
761.078552, 172.980911, 122.731232, 113.604141
764.018372, 178.469803, 114.677101, 103.561569
766.866455, 174.386307, 118.046127, 106.833725
758.898254, 160.709259, 126.439613, 118.553093
762.830017, 160.081696, 125.352623, 118.235641
764.781982, 159.325546, 124.445198, 117.323875
760.823120, 158.933853, 128.009354, 118.432953
763.997070, 159.340363, 125.153587, 117.333366
773.584595, 167.483749, 121.277481, 112.539337
776.658020, 169.529770, 116.333733, 107.259544
774.714355, 166.528534, 119.942245, 112.066277
827.079468, 277.038208, 54.874519, 48.729683
774.087097, 166.504822, 124.788147, 112.171730
781.493286, 170.626099, 112.420898, 104.291946
778.165405, 166.029221, 122.781761, 111.787369
780.092041, 157.236115, 122.570061, 118.207596
783.221680, 163.996490, 122.305748, 118.846817
786.769348, 162.511536, 119.772949, 117.446800
789.021423, 154.681137, 120.843742, 120.824486
795.014954, 161.587997, 114.715218, 112.853828
795.320984, 160.363739, 116.206963, 112.436546
794.843323, 153.941315, 118.647461, 119.124329
795.838989, 150.762802, 117.578552, 119.795563
796.430176, 147.291901, 115.543945, 118.567955
801.726196, 149.873199, 116.716248, 115.839790
803.828064, 148.229767, 113.919952, 114.412643
803.686218, 141.836639, 116.780258, 119.958221
812.921265, 140.736755, 115.470039, 115.973465
815.636841, 137.540070, 112.562851, 112.864487
809.548584, 128.793182, 120.261688, 123.694702
788.297546, 247.548203, 23.152718, 19.320055
817.510925, 127.987320, 117.291306, 122.560440
820.343079, 124.599091, 117.031784, 129.404968
823.209106, 126.703323, 116.317039, 128.214752
823.966431, 125.817482, 117.573769, 130.965027
995.792786, 396.062561, 29.374807, 24.305304
996.816284, 395.585022, 34.798668, 25.929422
696.769470, 503.175598, 61.092579, 54.046692
824.256287, 116.783463, 119.374870, 128.879150
827.654358, 123.333466, 117.941475, 130.841385
827.071899, 123.514343, 119.184280, 129.680328
825.857178, 121.602493, 117.286453, 124.528252
828.950378, 126.703201, 113.221840, 123.830406
831.089722, 128.974365, 113.162170, 124.861221
830.292175, 128.173325, 113.996002, 128.488510
826.543640, 126.440796, 113.779007, 126.125275
832.010986, 131.635391, 115.866287, 123.314407
833.301819, 133.425598, 115.967224, 120.972603
811.968018, 239.035904, 30.251923, 23.282639
834.926392, 137.071838, 115.241516, 123.926613
835.726196, 134.125854, 115.627617, 128.101685
837.275208, 135.908539, 113.113716, 124.477539
834.269592, 124.755226, 114.799774, 124.457588
989.337341, 399.202362, 34.154613, 26.304413
837.761292, 131.701019, 108.965935, 119.958153
841.214844, 131.885254, 109.543762, 119.126671
832.265747, 121.064369, 123.883690, 130.882111
842.933044, 130.046799, 113.406319, 127.206573
844.044067, 129.901764, 112.750107, 125.872322
839.939453, 124.159706, 115.098297, 122.271378
846.844055, 126.956787, 111.454063, 125.375893
846.672607, 128.718292, 108.214012, 118.948471
847.093323, 122.735329, 118.343010, 127.403725
852.386841, 128.725082, 110.283020, 117.094551
860.433350, 132.115356, 109.867805, 116.975456
855.439575, 124.655495, 117.217087, 123.809738
859.623962, 127.575378, 118.684380, 120.170410
805.788269, 238.055969, 24.964157, 19.953953
865.471436, 135.021179, 121.353470, 125.645012
865.522705, 133.181152, 123.087349, 130.833588
869.068909, 138.716690, 120.916832, 125.077812
864.338501, 140.532516, 123.959923, 124.268784
864.644531, 144.293442, 122.680450, 120.772469
864.350647, 146.229248, 120.804993, 119.464294
821.194092, 514.211243, 50.892441, 39.422638
864.881714, 146.810913, 119.769737, 118.082802
819.106628, 511.210785, 62.325237, 46.566364
858.635864, 151.870667, 118.767555, 115.867126
858.238037, 153.031342, 116.788391, 113.729187
858.416870, 152.691956, 114.881744, 112.092194
854.028503, 148.696854, 118.880524, 118.068291
855.672241, 149.390823, 116.616440, 113.871506
854.312866, 146.376053, 117.122704, 117.226860
852.633667, 147.611145, 118.428391, 116.762871
852.019897, 145.382446, 117.172668, 115.330933
852.525146, 145.072662, 116.971672, 115.728722
851.797363, 144.327942, 116.226563, 116.277252
852.293762, 145.387741, 114.838524, 114.491241
853.019348, 145.207428, 114.021393, 115.525925
851.326660, 144.016983, 113.961349, 114.047256
806.486877, 239.543121, 20.148186, 17.769016
848.953674, 142.046997, 114.154526, 116.268738
851.359314, 144.312988, 113.197136, 113.727310
882.066467, 278.124542, 49.658962, 42.580376
843.725830, 136.859924, 109.866989, 119.255669
836.917725, 130.211502, 108.064499, 118.161140
841.792847, 134.765152, 100.500557, 114.590141
826.585876, 132.624573, 102.889824, 115.030060
823.866333, 131.119690, 106.391922, 120.872375
832.218262, 133.740662, 99.960587, 112.729576
840.575378, 138.271072, 94.298126, 113.764160
839.562927, 140.122757, 95.570038, 114.707680
838.650452, 140.003708, 96.567497, 112.010994
1008.592102, 416.450531, 31.960032, 25.029026
834.660767, 137.948822, 97.660599, 113.978256
834.794983, 138.014069, 98.475777, 116.224472
836.125671, 136.169022, 98.031960, 115.454277
836.278137, 137.426331, 101.912216, 118.889503
826.565063, 140.432465, 103.313232, 115.490021
829.396240, 141.089325, 101.469032, 114.864899
831.566650, 141.613373, 100.214188, 114.232559
831.646973, 140.952438, 100.865868, 115.938171
880.493286, 289.428528, 44.196793, 36.629910
880.220459, 290.680054, 46.993027, 39.242798
827.850830, 144.303436, 100.284004, 112.523666
828.107422, 143.396851, 100.268120, 113.295303
828.314758, 142.909775, 101.667374, 112.707321
828.011108, 138.917801, 105.766769, 118.981277
828.667297, 140.609360, 103.755096, 114.301941
828.542847, 137.384048, 107.289200, 119.227943
833.257874, 136.921616, 106.334457, 116.729935
994.477661, 416.118805, 31.075041, 24.242123
827.304260, 134.298950, 109.238312, 123.201469
828.561768, 132.300537, 109.274094, 125.280067
824.680542, 131.303543, 108.927689, 123.851524
824.291687, 130.081665, 109.716721, 125.453690
822.849060, 129.599487, 111.242363, 126.981361
824.187500, 130.937149, 110.591560, 126.040207
819.163391, 130.890350, 111.026123, 124.703224
822.000732, 131.735138, 109.387505, 125.534660
823.091248, 132.409821, 108.736961, 122.620354
820.036133, 131.775864, 111.632622, 127.031105
823.029724, 136.235474, 102.466171, 114.164070
